2022-04-07 02:17:34.114034 (1.0, 100000.0, 26, 10.0, 0.3, 0.281, 2.0, 3) [0.14127642850787683 0.00305113607782608 0.002612341849751059] 3 7878.492172956467s
2022-04-07 02:22:44.795158 (1.0, 100000.0, 25, 10.0, 0.3, 0.281, 2.0, 3) [0.14999041953970751 0.005174252731392852 0.002241054596088073] 3 8189.026973485947s
2022-04-07 03:47:58.064712 (1.0, 100000.0, 27, 10.0, 0.3, 0.281, 2.0, 3) [0.1351718648861217 0.0036514954711344126 0.0027341362579515163] 3 13302.166831493378s
2022-04-07 04:19:29.032944 (1.0, 100000.0, 28, 10.0, 0.3, 0.281, 2.0, 3) [0.1377941516273405 0.006215866384920542 0.0018114562940531335] 3 15193.126100301743s
2022-04-07 04:29:19.310936 (1.0, 100000.0, 26, 10.0, 0.3, 0.281, 2.0, 3) [0.14296048436578632 0.0026795281207330963 0.00238933234626851] 3 7905.19451212883s
2022-04-07 04:40:52.632329 (1.0, 100000.0, 25, 10.0, 0.3, 0.281, 2.0, 3) [0.1482472885218548 0.0039003783707218607 0.0024477163141061213] 3 8287.835062742233s
2022-04-07 06:37:27.622506 (1.0, 100000.0, 26, 10.0, 0.3, 0.281, 2.0, 3) [0.14013965972202294 0.003263994497664635 0.0027643118645893604] 3 7688.30952501297s
2022-04-07 06:57:17.887177 (1.0, 100000.0, 25, 10.0, 0.3, 0.281, 2.0, 3) [0.14809062219811742 0.00222269722057574 0.002463579606107124] 3 8185.252650260925s
2022-04-07 07:50:54.508236 (1.0, 100000.0, 27, 10.0, 0.3, 0.281, 2.0, 3) [0.13645725432716985 0.004372706350327349 0.0025478764098618364] 3 14576.44085741043s
2022-04-07 08:39:31.763347 (1.0, 100000.0, 26, 10.0, 0.3, 0.285, 2.0, 3) [0.13731352106991696 0.004155780944898046 0.003211729195834522] 3 7321.5969932079315s
2022-04-07 09:04:57.342917 (1.0, 100000.0, 28, 10.0, 0.3, 0.281, 2.0, 3) [0.13363680543189224 0.002410226623260655 0.0022754222348717774] 3 17128.307539463043s
2022-04-07 09:24:01.085398 (1.0, 100000.0, 25, 10.0, 0.3, 0.285, 2.0, 3) [0.14141497895171376 0.003688549595026863 0.0034363214949185805] 3 8799.694682121277s
2022-04-07 11:53:07.872967 (1.0, 100000.0, 25, 10.0, 0.3, 0.285, 2.0, 3) [0.14466575443882215 0.00266684604340222 0.0029291079817204296] 3 8946.785430908203s
2022-04-07 12:11:27.901182 (1.0, 100000.0, 27, 10.0, 0.3, 0.281, 2.0, 3) [0.14038030616006716 0.0019448257030921085 0.002066759257688921] 3 15633.390431880951s
2022-04-07 16:02:54.035918 (1.0, 100000.0, 26, 10.0, 0.3, 0.281, 2.0, 3) [0.14363437145548677 0.002673895818287567 0.002308955549301556] 3 10231.65157365799s
2022-04-07 15:31:26.301115 (1.0, 100000.0, 25, 10.0, 0.3, 0.285, 2.0, 3) [0.14240597984384654 0.004337636495704101 0.0032771854646280124] 3 13098.424332380295s
2022-04-07 14:06:48.242372 (1.0, 100000.0, 28, 10.0, 0.3, 0.281, 2.0, 3) [0.13505571092202345 0.0037877004218624098 0.0021015461406360286] 3 18110.896725416183s
2022-04-07 17:33:24.712066 (1.0, 100000.0, 27, 10.0, 0.3, 0.285, 2.0, 3) [0.1324320256295178 0.0038720489880773616 0.0031737527577327565] 3 19312.103621959686s
2022-04-07 18:31:14.236408 (1.0, 100000.0, 25, 10.0, 0.3, 0.292, 2.0, 3) [0.13129129530083314 0.0034348546339701505 0.005714049952167971] 3 8834.876095533371s
s
2022-04-07 23:28:57.495739 (1.0, 100000.0, 27, 10.0, 0.3, 0.285, 2.0, 3) [0.13272769928875583 0.0033494709401925833 0.003121713703442346] 3 21332.78108739853s
2022-04-07 19:12:55.601060 (1.0, 100000.0, 26, 10.0, 0.3, 0.281, 2.0, 3) [0.1457111801396204 0.002442592752807098 0.0020777962949290853] 3 11345.134808063507s
2022-04-08 13:22:56.873144 (1.0, 100000.0, 25, 10.0, 0.3, 0.292, 2.0, 3) [0.12836701436500442 0.0029569576015210943 0.0065810399792018024] 3 8307.57006430626s
2022-04-08 13:47:52.340033 (1.0, 100000.0, 26, 10.0, 0.3, 0.281, 2.0, 3) [0.14353641643387616 0.0024450706504263913 0.002326486340812888] 3 9803.035629987717s
2022-04-08 14:45:47.513384 (1.0, 100000.0, 27, 10.0, 0.3, 0.285, 2.0, 3) [0.13183149778472839 0.003290045434509868 0.0032808352143966764] 3 13299.345787525177s
2022-04-08 15:14:07.797796 (1.0, 100000.0, 28, 10.0, 0.3, 0.285, 2.0, 3) [0.13102908415474268 0.0024969641102506306 0.002634205360275767] 3 14999.631478071213s
2022-04-08 16:35:44.482007 (1.0, 100000.0, 26, 10.0, 0.3, 0.285, 2.0, 3) [0.13517163046280328 0.001724223958626523 0.0035793831908003406] 3 10064.848616600037s
2022-04-08 18:09:35.121341 (1.0, 100000.0, 25, 10.0, 0.3, 0.292, 2.0, 3) [0.13226755028658718 0.002537443056110295 0.0054468387046358435] 3 17198.24544763565s
2022-04-08 18:35:32.577186 (1.0, 100000.0, 27, 10.0, 0.3, 0.292, 2.0, 3) [0.12182911178052763 0.0019347254570766996 0.005630300551311307] 3 13778.312515974045s
2022-04-08 19:20:04.165250 (1.0, 100000.0, 26, 10.0, 0.3, 0.285, 2.0, 3) [0.13470189965604326 0.005159018224360237 0.0036715411788961084] 3 9859.680774450302s
2022-04-08 20:31:37.057089 (1.0, 100000.0, 25, 10.0, 0.3, 0.297, 2.0, 3) [0.12279275783657424 0.005247048675898653 0.008746337556910344] 3 8516.743200063705s
2022-04-08 21:47:15.373798 (1.0, 100000.0, 28, 10.0, 0.3, 0.285, 2.0, 3) [0.13052731136615855 0.002986685531464957 0.0027168488688416956] 3 23587.57174396515s
2022-04-08 22:03:33.538515 (1.0, 100000.0, 26, 10.0, 0.3, 0.285, 2.0, 3) [0.1398140479847077 0.003022693849291357 0.0028182633166353743] 3 9809.370844602585s
2022-04-08 22:29:49.669960 (1.0, 100000.0, 27, 10.0, 0.3, 0.292, 2.0, 3) [0.12509002529323662 0.004390779312360828 0.004723576457228956] 3 14057.089834928513s
2022-04-08 22:54:20.845239 (1.0, 100000.0, 25, 10.0, 0.3, 0.297, 2.0, 3) [0.12869819144806396 0.001824431890940592 0.00649713640904958] 3 8563.78532743454s
2022-04-09 00:48:40.319506 (1.0, 100000.0, 26, 10.0, 0.3, 0.292, 2.0, 3) [0.12779742721892168 0.005127950119746371 0.005262793929581512] 3 9901.928619146347s
2022-04-09 01:17:22.268944 (1.0, 100000.0, 25, 10.0, 0.3, 0.297, 2.0, 3) [0.126945046687119 0.003367379091627545 0.0070726933958077855] 3 8581.42059135437s
2022-04-09 01:58:59.680079 (1.0, 100000.0, 28, 10.0, 0.3, 0.292, 2.0, 3) [0.11826379900084687 0.0028288573612642166 0.005377426740365441] 3 15097.688859939575s
2022-04-09 02:21:38.008606 (1.0, 100000.0, 27, 10.0, 0.3, 0.292, 2.0, 3) [0.11868464402980371 0.004036239147597515 0.006649312998238004] 3 13908.335744857788s
2022-04-09 03:33:05.384273 (1.0, 100000.0, 26, 10.0, 0.3, 0.292, 2.0, 3) [0.12657006003308496 0.004191246847191893 0.005596989327135927] 3 9865.06217265129s
2022-04-09 03:39:37.437878 (1.0, 100000.0, 25, 10.0, 0.3, 0.299, 2.0, 3) [0.1252643948419366 0.0044897609597365105 0.007715732892589993] 3 8530.104446411133s
2022-04-09 06:06:05.794913 (1.0, 100000.0, 25, 10.0, 0.3, 0.299, 2.0, 3) [0.1256442300630946 0.003709722463300817 0.00756026964331948] 3 8788.354285955429s
2022-04-09 06:08:57.508621 (1.0, 100000.0, 28, 10.0, 0.3, 0.292, 2.0, 3) [0.11644120807449619 0.0027521985951142447 0.0059447485180382075] 3 14997.825850248337s
2022-04-09 06:11:33.436415 (1.0, 100000.0, 27, 10.0, 0.3, 0.297, 2.0, 3) [0.11584664283868028 0.002339249108790835 0.007762388827246104] 3 13789.157102823257s
2022-04-09 06:16:39.804423 (1.0, 100000.0, 26, 10.0, 0.3, 0.292, 2.0, 3) [0.12480574582991301 0.004964597207287162 0.006129745576264249] 3 9814.416676998138s
2022-04-09 08:33:26.329098 (1.0, 100000.0, 25, 10.0, 0.3, 0.299, 2.0, 3) [0.12093297317185789 0.002500273604557072 0.009534326677795435] 3 8840.530193567276s
2022-04-09 09:00:15.441054 (1.0, 100000.0, 26, 10.0, 0.3, 0.297, 2.0, 3) [0.11982381558540678 0.0037693417102742655 0.007952957557330746] 3 9810.698447942734s
2022-04-09 09:49:15.137875 (1.0, 100000.0, 27, 10.0, 0.3, 0.297, 2.0, 3) [0.1184605320012301 0.0025818125130859493 0.006745808988346473] 3 13061.69888305664s
2022-04-09 10:17:26.995132 (1.0, 100000.0, 28, 10.0, 0.3, 0.292, 2.0, 3) [0.11783830282551239 0.002852794816267601 0.005494733830073835] 3 14909.483262777328s
2022-04-09 11:03:27.976228 (1.0, 100000.0, 25, 10.0, 0.3, 0.302, 2.0, 3) [0.12252366892781118 0.00446396756443627 0.008853285098966265] 3 8996.762580633163s
2022-04-09 11:44:03.548868 (1.0, 100000.0, 26, 10.0, 0.3, 0.297, 2.0, 3) [0.11947521219988307 0.004329135407244447 0.008095831721306304] 3 9828.10530591011s
2022-04-09 13:27:10.392774 (1.0, 100000.0, 25, 10.0, 0.3, 0.302, 2.0, 3) [0.1173630817157491 0.002700919176810772 0.011408456794221117] 3 8622.41407752037s
2022-04-09 13:28:25.835181 (1.0, 100000.0, 27, 10.0, 0.3, 0.297, 2.0, 3) [0.118092984743329 0.004131916809083933 0.0068920062769435506] 3 13150.6942653656s
2022-04-09 14:27:33.971016 (1.0, 100000.0, 26, 10.0, 0.3, 0.297, 2.0, 3) [0.12149582375574677 0.003690993204518475 0.0073176506414898345] 3 9810.419888496399s
2022-04-09 14:50:01.906456 (1.0, 100000.0, 28, 10.0, 0.3, 0.297, 2.0, 3) [0.11150687216274564 0.004447469683084626 0.007861324515759997] 3 16348.607239246368s
2022-04-09 15:51:03.817812 (1.0, 100000.0, 25, 10.0, 0.3, 0.302, 2.0, 3) [0.12065635783493676 0.004552684828273914 0.009687716965632396] 3 8633.421352624893s
2022-04-09 17:19:30.709975 (1.0, 100000.0, 27, 10.0, 0.3, 0.299, 2.0, 3) [0.1119302411486367 0.0020221284009287075 0.009608288744436599] 3 13858.386371612549s
2022-04-09 17:21:22.823176 (1.0, 100000.0, 26, 10.0, 0.3, 0.299, 2.0, 3) [0.11375680353156402 0.004079201533421795 0.010870001997369299] 3 10423.717863559723s
2022-04-09 18:20:01.186427 (1.0, 100000.0, 25, 10.0, 0.3, 0.305, 2.0, 3) [0.11715427114502133 0.0033705317648305942 0.011534760952901218] 3 8932.11412358284s
2022-04-09 19:22:47.652974 (1.0, 100000.0, 28, 10.0, 0.3, 0.297, 2.0, 3) [0.11113345362732391 0.0036175718769288693 0.00800028835134451] 3 16365.74405002594s
2022-04-09 20:07:13.873775 (1.0, 100000.0, 26, 10.0, 0.3, 0.299, 2.0, 3) [0.11688260445339324 0.0018787665115733443 0.009282523282115986] 3 9951.04777932167s
2022-04-09 20:50:07.218684 (1.0, 100000.0, 25, 10.0, 0.3, 0.305, 2.0, 3) [0.11911511627325665 0.0027321631929680293 0.010496220196990163] 3 9006.028802871704s
2022-04-09 21:09:37.432631 (1.0, 100000.0, 27, 10.0, 0.3, 0.299, 2.0, 3) [0.11313159561859165 0.005513346975907006 0.008974029425349648] 3 13806.720308303833s
2022-04-09 22:53:59.899939 (1.0, 100000.0, 26, 10.0, 0.3, 0.299, 2.0, 3) [0.11843711333865335 0.0024457036754351536 0.008535533440780976] 3 10006.022239923477s
2022-04-09 23:18:59.768183 (1.0, 100000.0, 25, 10.0, 0.3, 0.305, 2.0, 3) [0.11430500633618854 0.00373574825915465 0.013295617462030491] 3 8932.547089099884s
2022-04-09 23:54:57.785681 (1.0, 100000.0, 28, 10.0, 0.3, 0.297, 2.0, 3) [0.11086861319215444 0.0023165722381066132 0.008134229352765178] 3 16330.128633022308s
2022-04-10 00:59:48.294235 (1.0, 100000.0, 27, 10.0, 0.3, 0.299, 2.0, 3) [0.1136639695042531 0.003311319411092653 0.008736152625701595] 3 13810.858158111572s
2022-04-10 01:38:53.193185 (1.0, 100000.0, 26, 10.0, 0.3, 0.302, 2.0, 3) [0.11685307221987959 0.003351247917534217 0.009308616881082619] 3 9888.327150583267s
2022-04-10 01:44:52.180526 (1.0, 100000.0, 25, 10.0, 0.3, 0.307, 2.0, 3) [0.11070992693099548 0.003919129108189897 0.015886988795642876] 3 8748.03786444664s
2022-04-10 04:09:18.532535 (1.0, 100000.0, 25, 10.0, 0.3, 0.307, 2.0, 3) [0.1118837337995373 0.0024724983584963234 0.01500510758319983] 3 8666.349490404129s
2022-04-10 04:18:12.360317 (1.0, 100000.0, 28, 10.0, 0.3, 0.299, 2.0, 3) [0.10688859317053384 0.0023835965904651056 0.010132410862777188] 3 15787.98334646225s
2022-04-10 04:22:41.890560 (1.0, 100000.0, 26, 10.0, 0.3, 0.302, 2.0, 3) [0.11647193910468841 0.004153735002538382 0.009478579878349632] 3 9828.693881750107s
2022-04-10 04:49:44.141941 (1.0, 100000.0, 27, 10.0, 0.3, 0.302, 2.0, 3) [0.10848800428776903 0.001771248457265934 0.011564030217458221] 3 13789.381876945496s
2022-04-10 06:33:41.914496 (1.0, 100000.0, 25, 10.0, 0.3, 0.307, 2.0, 3) [0.11355053824485335 0.0024147088294492833 0.013826909918015093] 3 8663.379694461823s
2022-04-10 07:06:59.937837 (1.0, 100000.0, 26, 10.0, 0.3, 0.302, 2.0, 3) [0.11296604207095973 0.004276094064892453 0.01134552643432001] 3 9858.045052051544s
2022-04-10 08:40:19.733186 (1.0, 100000.0, 27, 10.0, 0.3, 0.302, 2.0, 3) [0.11055122821454863 0.005005441836160056 0.010313254651406891] 3 13835.588266134262s
2022-04-10 08:41:03.023980 (1.0, 100000.0, 28, 10.0, 0.3, 0.299, 2.0, 3) [0.10814810082437946 0.0022876679009805265 0.009472599258343699] 3 15770.661131381989s
2022-04-10 08:54:05.653586 (1.0, 100000.0, 25, 10.0, 0.3, 0.312, 2.0, 3) [0.10396818502138401 0.002226613028861079 0.022198753520909595] 3 8418.740810871124s
2022-04-10 10:00:56.113310 (1.0, 100000.0, 26, 10.0, 0.3, 0.305, 2.0, 3) [0.10770666367187173 0.003626710992747586 0.014879687554151689] 3 10431.148215055466s
2022-04-10 11:08:37.295349 (1.0, 100000.0, 25, 10.0, 0.3, 0.312, 2.0, 3) [0.10522019645690575 0.0034471427489805723 0.020839604351510537] 3 8071.638692140579s
2022-04-10 12:30:47.929948 (1.0, 100000.0, 27, 10.0, 0.3, 0.302, 2.0, 3) [0.10919021002981671 0.0031238304780619465 0.011107028871591328] 3 13828.189440250397s
2022-04-10 12:56:15.871477 (1.0, 100000.0, 26, 10.0, 0.3, 0.305, 2.0, 3) [0.1094996415493848 0.0022478844267942366 0.013585395583388388] 3 10519.75419640541s
2022-04-10 13:03:35.888191 (1.0, 100000.0, 28, 10.0, 0.3, 0.299, 2.0, 3) [0.10832520380433518 0.0026243844824670524 0.009371632271347156] 3 15752.861722230911s
2022-04-10 13:22:45.394619 (1.0, 100000.0, 25, 10.0, 0.3, 0.312, 2.0, 3) [0.10836319442341814 0.002116014266281255 0.01791571211064707] 3 8048.096764326096s
2022-04-10 15:40:26.876346 (1.0, 100000.0, 27, 10.0, 0.3, 0.305, 2.0, 3) [0.10735999245604616 0.0031061125249285016 0.012240503784398003] 3 11372.908328771591s
2022-04-10 15:47:25.304634 (1.0, 100000.0, 26, 10.0, 0.3, 0.305, 2.0, 3) [0.11301251901757678 0.0035578177248613385 0.01135828573085137] 3 10269.43063378334s
2022-04-10 15:51:00.131067 (1.0, 100000.0, 25, 10.0, 0.3, 0.319, 2.0, 3) [0.09747671066907126 0.003413349398287856 0.030608564024802647] 3 8889.370722770691s
2022-04-10 16:56:26.257219 (1.0, 100000.0, 28, 10.0, 0.3, 0.302, 2.0, 3) [0.10569001613723313 0.0033573811913939914 0.010860504616668976] 3 13967.051371335983s
2022-04-10 18:18:43.613400 (1.0, 100000.0, 25, 10.0, 0.3, 0.319, 2.0, 3) [0.09847142853812971 0.002555791248850676 0.02919787528934654] 3 8863.480537176132s
2022-04-10 18:30:13.089092 (1.0, 100000.0, 26, 10.0, 0.3, 0.307, 2.0, 3) [0.10693261851309643 0.0034285342068125202 0.015509928273078242] 3 9763.406451940536s
2022-04-10 18:50:46.599570 (1.0, 100000.0, 27, 10.0, 0.3, 0.305, 2.0, 3) [0.10572801952569855 0.004131824691304898 0.013375813413944726] 3 11419.720961809158s
2022-04-10 20:41:18.377199 (1.0, 100000.0, 28, 10.0, 0.3, 0.302, 2.0, 3) [0.10467357447926333 0.0020983524358319113 0.011480101527515628] 3 13492.111740589142s
2022-04-10 20:50:56.753073 (1.0, 100000.0, 25, 10.0, 0.3, 0.319, 2.0, 3) [0.09893885835130173 0.0018909137737517484 0.02849274521058401] 3 9133.13747882843s
2022-04-10 21:08:33.956961 (1.0, 100000.0, 26, 10.0, 0.3, 0.307, 2.0, 3) [0.10795213615960494 0.0031387703134027538 0.01476404004894571] 3 9500.86564040184s
2022-04-10 21:54:57.270095 (1.0, 100000.0, 27, 10.0, 0.3, 0.305, 2.0, 3) [0.10576635718483972 0.003180283968829587 0.013357823949629342] 3 11050.667719841003s
2022-04-10 23:21:00.603485 (1.0, 100000.0, 25, 10.0, 0.3, 0.322, 2.0, 3) [0.09425607928913893 0.0038129601185172596 0.03599133013422067] 3 8999.195228338242s
2022-04-10 23:45:13.813629 (1.0, 100000.0, 26, 10.0, 0.3, 0.307, 2.0, 3) [0.1084526395523988 0.002294498743888831 0.01435421730488162] 3 9399.85427570343s
2022-04-11 00:23:13.513808 (1.0, 100000.0, 28, 10.0, 0.3, 0.302, 2.0, 3) [0.10537725788698035 0.002980898860065069 0.011070651529328622] 3 13315.133358955383s
2022-04-11 00:58:52.840534 (1.0, 100000.0, 27, 10.0, 0.3, 0.307, 2.0, 3) [0.1012714137744914 0.0034423490273091995 0.0169933814389512] 3 11031.86050248146s
2022-04-11 01:49:51.460179 (1.0, 100000.0, 25, 10.0, 0.3, 0.322, 2.0, 3) [0.094569795944609 0.002864899185853194 0.03532764848116829] 3 8930.854368209839s
2022-04-11 02:31:18.153924 (1.0, 100000.0, 26, 10.0, 0.3, 0.312, 2.0, 3) [0.10284720219358483 0.0029380326108625014 0.019153761070973756] 3 9960.126400470734s
2022-04-11 04:02:19.664786 (1.0, 100000.0, 27, 10.0, 0.3, 0.307, 2.0, 3) [0.10682976083467795 0.0034433262362341555 0.012608627257821435] 3 11006.822050571442s
2022-04-11 04:02:58.895074 (1.0, 100000.0, 28, 10.0, 0.3, 0.305, 2.0, 3) [0.0992575992589452 0.004794502679908951 0.015535549329667917] 3 13182.04264140129s
2022-04-11 04:18:02.455323 (1.0, 100000.0, 25, 10.0, 0.3, 0.322, 2.0, 3) [0.09414887535861959 0.0028476116496622796 0.03613701821659236] 3 8890.992256879807s
2022-04-11 05:15:00.365549 (1.0, 100000.0, 26, 10.0, 0.3, 0.312, 2.0, 3) [0.1021308046376612 0.0029621930356404503 0.019905839736540077] 3 9822.208465337753s
2022-04-11 07:05:38.441151 (1.0, 100000.0, 27, 10.0, 0.3, 0.307, 2.0, 3) [0.10447312229508322 0.005125067361571373 0.014357426590613386] 3 10998.773721933365s
2022-04-11 07:42:26.771377 (1.0, 100000.0, 28, 10.0, 0.3, 0.305, 2.0, 3) [0.10484956002837245 0.006567797515879567 0.011419598757290404] 3 13167.874072790146s
2022-04-11 09:17:34.306984 (1.0, 100000.0, 26, 10.0, 0.3, 0.312, 2.0, 3) [0.10178990961302299 0.004809136523884445 0.020279566812952947] 3 14553.939006328583s
2022-04-11 10:10:51.583242 (1.0, 100000.0, 27, 10.0, 0.3, 0.312, 2.0, 3) [0.10026025078748269 0.0031819462565013928 0.017952810786842327] 3 11109.783423662186s
2022-04-11 11:22:03.818698 (1.0, 100000.0, 28, 10.0, 0.3, 0.305, 2.0, 3) [0.10107990156717359 0.0017276884622473626 0.014052924635647102] 3 13177.0444252491s
2022-04-11 13:26:40.502412 (1.0, 100000.0, 27, 10.0, 0.3, 0.312, 2.0, 3) [0.09888147522787147 0.0022257469672650777 0.01932026653807408] 3 11748.91703414917s
2022-04-11 15:11:31.713628 (1.0, 100000.0, 26, 10.0, 0.3, 0.319, 2.0, 3) [0.09161695604486149 0.0029663556336789695 0.03411927312726943] 3 21233.6737344265s
2022-04-11 15:23:36.823992 (1.0, 100000.0, 28, 10.0, 0.3, 0.307, 2.0, 3) [0.09793301841133031 0.0035858626169341557 0.016684811840687954] 3 14489.4923453331s
2022-04-11 16:45:11.943177 (1.0, 100000.0, 27, 10.0, 0.3, 0.312, 2.0, 3) [0.09730632888520074 0.0038760585037865667 0.02107589985237986] 3 11911.437533378601s
2022-04-11 19:11:22.868769 (1.0, 100000.0, 28, 10.0, 0.3, 0.307, 2.0, 3) [0.10114955508964349 0.0021964596791759746 0.014010479984607409] 3 13666.041940450668s
2022-04-11 19:52:22.493320 (1.0, 100000.0, 27, 10.0, 0.3, 0.319, 2.0, 3) [0.08993200900828238 0.0030461985909831114 0.031135983169531686] 3 11227.519936561584s
2022-04-11 20:22:46.801337 (1.0, 100000.0, 26, 10.0, 0.3, 0.319, 2.0, 3) [0.09511735376728615 0.003554127459103274 0.028611105540907858] 3 18675.084364175797s
2022-04-11 22:53:01.974040 (1.0, 100000.0, 28, 10.0, 0.3, 0.307, 2.0, 3) [0.09801519799662951 0.003132876108011466 0.016677725715667405] 3 13299.102538108826s
2022-04-11 22:56:20.545885 (1.0, 100000.0, 27, 10.0, 0.3, 0.319, 2.0, 3) [0.09257759330223803 0.0046787618967509895 0.027080468570325176] 3 11038.050063848495s
2022-04-11 23:03:09.946525 (1.0, 100000.0, 26, 10.0, 0.3, 0.319, 2.0, 3) [0.09393098324874652 0.0023359290769285205 0.030344792074145283] 3 9623.142817258835s
2022-04-12 02:11:12.441257 (1.0, 100000.0, 27, 10.0, 0.3, 0.319, 2.0, 3) [0.09045501834831644 0.0027781670433745546 0.030291808909475082] 3 11691.892669916153s
2022-04-12 02:46:12.665238 (1.0, 100000.0, 28, 10.0, 0.3, 0.312, 2.0, 3) [0.09526995920312449 0.0027892306847646883 0.01946036216809417] 3 13987.610117435455s
2022-04-12 05:33:29.465560 (1.0, 100000.0, 27, 10.0, 0.3, 0.322, 2.0, 3) [0.08655707651657028 0.0043074595832871005 0.03732651026866857] 3 12134.803444385529s
2022-04-12 06:43:19.847201 (1.0, 100000.0, 28, 10.0, 0.3, 0.312, 2.0, 3) [0.09394716456184968 0.004740518669753655 0.020876006705430532] 3 14227.179579496384s
2022-04-12 08:55:41.998637 (1.0, 100000.0, 27, 10.0, 0.3, 0.322, 2.0, 3) [0.08610971635048517 0.0015735758180839066 0.03825107911622166] 3 12132.530708789825s
2022-04-12 10:38:23.780673 (1.0, 100000.0, 28, 10.0, 0.3, 0.312, 2.0, 3) [0.09100797864834506 0.003638266928371299 0.02454258681797366] 3 14103.930413007736s
2022-04-12 12:11:25.877289 (1.0, 100000.0, 27, 10.0, 0.3, 0.322, 2.0, 3) [0.08585344305653411 0.001750172090372543 0.03873433308690297] 3 11743.876026153564s
2022-04-12 14:14:59.649085 (1.0, 100000.0, 26, 10.0, 0.3, 0.322, 2.0, 3) [0.09058746693718861 0.0018879720168254678 0.03597175611017466] 3 54705.90240383148s
2022-04-12 14:16:20.412990 (1.0, 100000.0, 28, 10.0, 0.3, 0.319, 2.0, 3) [0.08540908572251894 0.0029401930888704854 0.033499770497027966] 3 13073.50713801384s
2022-04-12 18:44:25.327402 (1.0, 100000.0, 26, 10.0, 0.3, 0.322, 2.0, 3) [0.08964593821431462 0.0025862362923020745 0.037705646722958945] 3 16165.676214933395s
2022-04-12 21:18:55.665492 (1.0, 100000.0, 26, 10.0, 0.3, 0.322, 2.0, 3) [0.09016951692225299 0.001611927021041869 0.03669805342461155] 3 9270.335821390152s
