2022-03-24 13:33:05.443346 (1.0, 100000.0, 20, 10.0, 0.3, 0.281, 2.0, 3) [0.18037867132508653 0.003562165604794973 0.0029874538500373297] 3 4651.095402956009s
2022-03-24 17:28:58.187505 (1.0, 100000.0, 22, 10.0, 0.3, 0.281, 2.0, 3) [0.1664075203286049 0.005158216452639019 0.0026784670717068613] 3 11590.977776050568s
2022-03-24 20:36:43.998430 (1.0, 100000.0, 20, 10.0, 0.3, 0.281, 2.0, 3) [0.17960738999487924 0.005996912519887085 0.0030780008421250242] 3 22946.95650267601s
2022-03-24 21:36:39.594610 (1.0, 100000.0, 22, 10.0, 0.3, 0.281, 2.0, 3) [0.167214781525472 0.0031291250791938997 0.002585952082194223] 3 14861.387696027756s
2022-03-24 23:35:43.162596 (1.0, 100000.0, 20, 10.0, 0.3, 0.281, 2.0, 3) [0.1795862297591171 0.004108494608394277 0.003080508402056206] 3 10739.017205238342s
2022-03-25 04:06:05.197471 (1.0, 100000.0, 22, 10.0, 0.3, 0.281, 2.0, 3) [0.16929295103421071 0.0033398297624138242 0.0023634136619928065] 3 23365.577736377716s
2022-03-25 06:04:28.823465 (1.0, 100000.0, 21, 10.0, 0.3, 0.281, 2.0, 3) [0.1745967310953259 0.002590309560010091 0.002653130329235692] 3 56978.73055291176s
2022-03-25 11:35:29.672484 (1.0, 100000.0, 20, 10.0, 0.3, 0.281, 2.0, 3) [0.1784678133216284 0.003297165932924879 0.003220996683414924] 3 43186.48907518387s
2022-03-25 15:19:08.255644 (1.0, 100000.0, 22, 10.0, 0.3, 0.285, 2.0, 3) [0.1563080615241169 0.00452321126229589 0.004180168148647609] 3 40379.04043960571s
2022-03-25 15:26:40.343373 (1.0, 100000.0, 21, 10.0, 0.3, 0.281, 2.0, 3) [0.1728950137024538 0.0036260694634295664 0.0028460631042058603] 3 33731.49705004692s
2022-03-25 16:58:50.144411 (1.0, 100000.0, 20, 10.0, 0.3, 0.285, 2.0, 3) [0.17662021915211204 0.0044530319315923515 0.0034681813004941494] 3 19378.78986763954s
2022-03-25 17:17:22.228943 (1.0, 100000.0, 23, 10.0, 0.3, 0.281, 2.0, 3) [0.16450042615486457 0.00358825356177098 0.002105225625874275] 3 96992.2961833477s
2022-03-25 19:02:58.153056 (1.0, 100000.0, 22, 10.0, 0.3, 0.285, 2.0, 3) [0.16424239878785937 0.0024456420405985593 0.002962038296569971] 3 13429.895051002502s
2022-03-25 19:34:02.569277 (1.0, 100000.0, 20, 10.0, 0.3, 0.285, 2.0, 3) [0.17465295558779104 0.003551472745204312 0.0037505707207777573] 3 9312.420955896378s
2022-03-25 21:04:01.193437 (1.0, 100000.0, 20, 10.0, 0.3, 0.285, 2.0, 3) [0.17568840184203108 0.0029243627070364973 0.003609575547631086] 3 5398.619750022888s
2022-03-25 23:13:18.117197 (1.0, 100000.0, 20, 10.0, 0.3, 0.292, 2.0, 3) [0.16388544149827453 0.0029869263686494963 0.005767260235665655] 3 7747.678187608719s
2022-03-26 01:10:03.656481 (1.0, 100000.0, 20, 10.0, 0.3, 0.292, 2.0, 3) [0.16129960475831145 0.004459277510509358 0.006376328640164312] 3 7005.524169683456s
2022-03-26 03:02:41.612552 (1.0, 100000.0, 23, 10.0, 0.3, 0.281, 2.0, 3) [0.15603394073571764 0.0062635536679296906 0.003093826309228053] 3 35119.38070297241s
2022-03-26 03:48:28.095321 (1.0, 100000.0, 22, 10.0, 0.3, 0.285, 2.0, 3) [0.1551979006354568 0.0037613409098921206 0.004382245002866548] 3 31529.93832731247s
2022-03-26 05:38:45.794355 (1.0, 100000.0, 20, 10.0, 0.3, 0.292, 2.0, 3) [0.16503901839235938 0.003402764234561155 0.005509297110188233] 3 16122.126840353012s
2022-03-26 07:59:58.304052 (1.0, 100000.0, 22, 10.0, 0.3, 0.292, 2.0, 3) [0.15069075482461727 0.0030064062778058587 0.0053564681986166] 3 15086.251750707626s
2022-03-26 08:44:52.230533 (1.0, 100000.0, 20, 10.0, 0.3, 0.297, 2.0, 3) [0.15697112876406466 0.0031297281532557965 0.007609156980841344] 3 11153.173024177551s
2022-03-26 11:12:46.509066 (1.0, 100000.0, 20, 10.0, 0.3, 0.297, 2.0, 3) [0.16161775751722562 0.003913585364116617 0.006340542125778314] 3 8874.27381181717s
2022-03-26 12:31:50.056594 (1.0, 100000.0, 24, 10.0, 0.3, 0.281, 2.0, 3) [0.15441777581513502 0.004512999164489106 0.002449983216474596] 3 166200.17932343483s
2022-03-26 13:07:29.127644 (1.0, 100000.0, 20, 10.0, 0.3, 0.297, 2.0, 3) [0.16285689125550556 0.004350941605722812 0.0060290337429007084] 3 6882.612529754639s
2022-03-26 14:14:22.895539 (1.0, 100000.0, 21, 10.0, 0.3, 0.281, 2.0, 3) [0.1773300570874734 0.0037759411296341408 0.002370956571370828] 3 82062.54442977905s
2022-03-26 14:57:32.250123 (1.0, 100000.0, 22, 10.0, 0.3, 0.292, 2.0, 3) [0.15120189828180258 0.0026303767958330395 0.005234515999904434] 3 25053.943782567978s
2022-03-26 17:16:16.258988 (1.0, 100000.0, 20, 10.0, 0.3, 0.299, 2.0, 3) [0.15086318249421174 0.0037446359864694773 0.009684752019365148] 3 14916.421755313873s
2022-03-26 19:06:07.962151 (1.0, 100000.0, 23, 10.0, 0.3, 0.281, 2.0, 3) [0.16113105519523774 0.004506885545621598 0.00245643416657216] 3 57806.33536314964s
2022-03-26 22:13:01.972447 (1.0, 100000.0, 22, 10.0, 0.3, 0.292, 2.0, 3) [0.14990303977375616 0.0024055231724842718 0.005529196871695966] 3 26129.716489076614s
2022-03-26 22:39:08.685298 (1.0, 100000.0, 24, 10.0, 0.3, 0.281, 2.0, 3) [0.15511857270742643 0.003115626648671163 0.002374804143312167] 3 36438.62490129471s
2022-03-26 22:56:22.100692 (1.0, 100000.0, 20, 10.0, 0.3, 0.299, 2.0, 3) [0.15338981504216595 0.0023809734896296786 0.008776295622238145] 3 20405.83685016632s
2022-03-27 00:43:42.696717 (1.0, 100000.0, 20, 10.0, 0.3, 0.299, 2.0, 3) [0.1524394530715802 0.003595424889053298 0.009105597582616741] 3 6440.587730169296s
2022-03-27 02:45:01.480132 (1.0, 100000.0, 20, 10.0, 0.3, 0.302, 2.0, 3) [0.1497451423443807 0.0036875645806638685 0.010145404831200739] 3 7269.0950627326965s
2022-03-27 03:53:27.337366 (1.0, 100000.0, 22, 10.0, 0.3, 0.297, 2.0, 3) [0.14535333322914967 0.0026788445160195583 0.006756134818636502] 3 20419.907699346542s
2022-03-27 04:48:42.322788 (1.0, 100000.0, 20, 10.0, 0.3, 0.302, 2.0, 3) [0.1521100308179649 0.0037420881975712863 0.009232138871780544] 3 7420.83859705925s
2022-03-27 06:59:30.153499 (1.0, 100000.0, 23, 10.0, 0.3, 0.285, 2.0, 3) [0.15402075500901677 0.004042438396502705 0.003398898924533093] 3 42795.79384446144s
2022-03-27 08:48:14.940589 (1.0, 100000.0, 20, 10.0, 0.3, 0.302, 2.0, 3) [0.14936229741170629 0.0036291010945501455 0.010278983748059434] 3 14372.61155796051s
2022-03-27 09:10:48.732729 (1.0, 100000.0, 21, 10.0, 0.3, 0.285, 2.0, 3) [0.1691155980319981 0.0030711698399150363 0.003343537915478671] 3 68179.58750128746s
2022-03-27 09:37:24.783586 (1.0, 100000.0, 24, 10.0, 0.3, 0.281, 2.0, 3) [0.1512390256740998 0.0035246314202735008 0.0028501883254042804] 3 39496.09464120865s
2022-03-27 10:07:42.079400 (1.0, 100000.0, 22, 10.0, 0.3, 0.297, 2.0, 3) [0.1437589507018512 0.004031568021260277 0.0072483806250224865] 3 22454.73962688446s
2022-03-27 13:06:45.162826 (1.0, 100000.0, 23, 10.0, 0.3, 0.285, 2.0, 3) [0.15475065817686287 0.004452228481573114 0.0032855896568964598] 3 22035.006685733795s
2022-03-27 13:39:00.388985 (1.0, 100000.0, 21, 10.0, 0.3, 0.285, 2.0, 3) [0.17120191288214237 0.005416499942759156 0.003064047273682806] 3 16091.652940750122s
2022-03-27 14:52:06.135808 (1.0, 100000.0, 20, 10.0, 0.3, 0.305, 2.0, 3) [0.1409043429226044 0.005614499439111764 0.014373319556044378] 3 21819.24999022484s
2022-03-27 15:22:09.779140 (1.0, 100000.0, 22, 10.0, 0.3, 0.297, 2.0, 3) [0.14462882020696413 0.0025478040331790197 0.006982006587358615] 3 18867.696896076202s
2022-03-27 17:48:55.386398 (1.0, 100000.0, 20, 10.0, 0.3, 0.305, 2.0, 3) [0.14737491367667832 0.004511760371711516 0.01114457147547563] 3 10609.239644289017s
2022-03-27 18:19:11.478130 (1.0, 100000.0, 22, 10.0, 0.3, 0.299, 2.0, 3) [0.14336337963404922 0.0034118384626470404 0.0074144820837380564] 3 10616.033107757568s
2022-03-27 18:49:52.373384 (1.0, 100000.0, 23, 10.0, 0.3, 0.285, 2.0, 3) [0.1516088134640264 0.0036294230642205374 0.003783941057278707] 3 20587.207514047623s
2022-03-27 19:35:00.879054 (1.0, 100000.0, 21, 10.0, 0.3, 0.285, 2.0, 3) [0.16573062197600694 0.0038217975865816062 0.0038493620257456] 3 21360.48568058014s
2022-03-27 22:22:52.330847 (1.0, 100000.0, 22, 10.0, 0.3, 0.299, 2.0, 3) [0.14102291040459944 0.0028447982897372355 0.008189719038147076] 3 14620.850214719772s
2022-03-27 23:49:02.388055 (1.0, 100000.0, 20, 10.0, 0.3, 0.305, 2.0, 3) [0.146331326308041 0.0033893873757117206 0.011617459690352662] 3 21606.990133047104s
2022-03-28 01:35:55.370577 (1.0, 100000.0, 20, 10.0, 0.3, 0.307, 2.0, 3) [0.1454380109046515 0.0039110630340197326 0.012075290619164526] 3 6402.297270536423s
2022-03-28 05:28:41.306877 (1.0, 100000.0, 22, 10.0, 0.3, 0.299, 2.0, 3) [0.14254474437739822 0.003417860079143765 0.007660005537447276] 3 25548.97192311287s
2022-03-28 06:46:37.290599 (1.0, 100000.0, 20, 10.0, 0.3, 0.307, 2.0, 3) [0.1438537091743809 0.003522757474714959 0.012829021115519848] 3 18641.916404485703s
2022-03-28 08:29:59.975454 (1.0, 100000.0, 24, 10.0, 0.3, 0.285, 2.0, 3) [0.14765717672078846 0.004314084551497249 0.003387702618150098] 3 82347.41879749298s
2022-03-28 10:56:13.085830 (1.0, 100000.0, 22, 10.0, 0.3, 0.302, 2.0, 3) [0.1365346404021398 0.0031159624714089435 0.009945249299896538] 3 19646.488205194473s
2022-03-28 12:33:47.847452 (1.0, 100000.0, 20, 10.0, 0.3, 0.307, 2.0, 3) [0.14705009140841607 0.0036246886204210535 0.011315005032001878] 3 20830.541489839554s
2022-03-28 19:35:38.939673 (1.0, 100000.0, 22, 10.0, 0.3, 0.302, 2.0, 3) [0.13857461264416587 0.002362772713610929 0.009124860168256284] 3 31165.85117149353s
2022-03-28 20:13:02.417052 (1.0, 100000.0, 23, 10.0, 0.3, 0.292, 2.0, 3) [0.14270441977334122 0.0038002173161008857 0.0057072522853520114] 3 91383.29819750786s
2022-03-28 20:40:30.743927 (1.0, 100000.0, 24, 10.0, 0.3, 0.285, 2.0, 3) [0.14505394806023117 0.004147409302864515 0.0038310472253796513] 3 43830.76116704941s
2022-03-29 01:27:13.674901 (1.0, 100000.0, 20, 10.0, 0.3, 0.312, 2.0, 3) [0.13765471398033816 0.002472196758217282 0.016432740716603986] 3 46395.61263871193s
2022-03-29 06:21:15.312955 (1.0, 100000.0, 21, 10.0, 0.3, 0.292, 2.0, 3) [0.15515392460286276 0.00524781315883969 0.006006482726670454] 3 125168.14604949951s
2022-03-29 09:12:02.802820 (1.0, 100000.0, 20, 10.0, 0.3, 0.312, 2.0, 3) [0.1398339673745639 0.004442624627924945 0.015077217895762565] 3 27889.117381572723s
2022-03-29 09:21:08.152374 (1.0, 100000.0, 22, 10.0, 0.3, 0.302, 2.0, 3) [0.1410617059114995 0.0040906303057734825 0.008180494090947439] 3 49529.18490290642s
2022-03-29 17:03:48.706271 (1.0, 100000.0, 22, 10.0, 0.3, 0.305, 2.0, 3) [0.1321208302109993 0.0035027465255541065 0.012107788942649694] 3 27738.62237381935s
2022-03-29 17:27:54.197820 (1.0, 100000.0, 21, 10.0, 0.3, 0.292, 2.0, 3) [0.15702784856776233 0.0038553737233739797 0.005544331847068309] 3 39998.85462450981s
2022-03-29 18:00:26.169137 (1.0, 100000.0, 23, 10.0, 0.3, 0.292, 2.0, 3) [0.14195568457146665 0.0035425100210672114 0.005916993110050418] 3 78443.72100305557s
2022-03-29 18:02:40.710918 (1.0, 100000.0, 20, 10.0, 0.3, 0.312, 2.0, 3) [0.14054065539516206 0.001772896570134526 0.014640215410131791] 3 31837.895304441452s
2022-03-29 19:07:00.497738 (1.0, 100000.0, 22, 10.0, 0.3, 0.305, 2.0, 3) [0.13335672263296122 0.00330520496817837 0.011445916344715751] 3 7391.763521432877s
2022-03-29 20:08:36.114063 (1.0, 100000.0, 24, 10.0, 0.3, 0.285, 2.0, 3) [0.1469011033192727 0.0039031541865776646 0.0035144479736126623] 3 84485.36409330368s
2022-03-29 20:20:31.593321 (1.0, 100000.0, 20, 10.0, 0.3, 0.319, 2.0, 3) [0.12828708939581587 0.0028894603085933184 0.02378420052111272] 3 8250.8801612854s
2022-03-29 21:19:15.641229 (1.0, 100000.0, 22, 10.0, 0.3, 0.305, 2.0, 3) [0.13489365063811687 0.0036894818962935603 0.010742039696763314] 3 7935.141023397446s
2022-03-29 21:28:07.401329 (1.0, 100000.0, 21, 10.0, 0.3, 0.292, 2.0, 3) [0.1551662276059772 0.0032775574281486267 0.005975679405828448] 3 14413.200942754745s
2022-03-29 21:36:11.341073 (1.0, 100000.0, 23, 10.0, 0.3, 0.292, 2.0, 3) [0.14419219339561729 0.003603430089770282 0.0053357378168531] 3 12945.16800904274s
2022-03-29 21:36:23.574774 (1.0, 100000.0, 20, 10.0, 0.3, 0.319, 2.0, 3) [0.1320035572627758 0.0019956201483430375 0.02062816647097514] 3 4551.978669881821s
2022-03-29 22:45:23.299987 (1.0, 100000.0, 20, 10.0, 0.3, 0.319, 2.0, 3) [0.13096204942876205 0.0033952253807551036 0.021387344217777847] 3 4139.721839666367s
2022-03-29 23:30:20.115806 (1.0, 100000.0, 24, 10.0, 0.3, 0.292, 2.0, 3) [0.1373010778203638 0.0027480985513200344 0.00555714741187986] 3 12098.35618019104s
2022-03-29 23:34:49.215740 (1.0, 100000.0, 22, 10.0, 0.3, 0.307, 2.0, 3) [0.1287616855806803 0.003911285432236106 0.013965143688725784] 3 8128.6090178489685s
2022-03-30 00:00:24.398936 (1.0, 100000.0, 20, 10.0, 0.3, 0.322, 2.0, 3) [0.12277798016836619 0.003651767457862769 0.0295782012786222] 3 4492.540873527527s
2022-03-30 00:03:24.562497 (1.0, 100000.0, 21, 10.0, 0.3, 0.297, 2.0, 3) [0.1500354061529843 0.004587891202644766 0.007433972245523211] 3 9311.976026296616s
2022-03-30 01:08:46.296490 (1.0, 100000.0, 20, 10.0, 0.3, 0.322, 2.0, 3) [0.12723430766127614 0.0024514897904820863 0.024825178360683015] 3 4101.893626451492s
2022-03-30 01:50:21.272786 (1.0, 100000.0, 22, 10.0, 0.3, 0.307, 2.0, 3) [0.1342217127585215 0.0027174341280765194 0.011061928007763238] 3 8132.053430318832s
2022-03-30 02:14:44.818344 (1.0, 100000.0, 20, 10.0, 0.3, 0.322, 2.0, 3) [0.12597414747641247 0.0023401775034047273 0.02611600791914524] 3 3958.518541097641s
2022-03-30 02:33:29.951714 (1.0, 100000.0, 21, 10.0, 0.3, 0.297, 2.0, 3) [0.15108445738188162 0.005221533463252748 0.0071149205161852155] 3 9005.386676311493s
2022-03-30 02:56:47.900827 (1.0, 100000.0, 24, 10.0, 0.3, 0.292, 2.0, 3) [0.13832738984287515 0.004017212663325273 0.005289609854352999] 3 12387.782900571823s
2022-03-30 04:01:38.038181 (1.0, 100000.0, 22, 10.0, 0.3, 0.307, 2.0, 3) [0.12973406449275612 0.004547629959849014 0.013425016191954997] 3 7876.762541294098s
2022-03-30 05:06:49.863056 (1.0, 100000.0, 21, 10.0, 0.3, 0.297, 2.0, 3) [0.15319664485561926 0.006942495583217508 0.0065148737017042815] 3 9199.908522605896s
2022-03-30 06:36:04.489570 (1.0, 100000.0, 22, 10.0, 0.3, 0.312, 2.0, 3) [0.1222631390808298 0.0028217523540137917 0.018593929257781253] 3 9261.869056940079s
2022-03-30 07:31:06.127658 (1.0, 100000.0, 24, 10.0, 0.3, 0.292, 2.0, 3) [0.13915601110295475 0.002678093576603418 0.0050848857706927] 3 16458.223979711533s
2022-03-30 08:43:37.625607 (1.0, 100000.0, 21, 10.0, 0.3, 0.299, 2.0, 3) [0.1467867388142076 0.0033567456099166254 0.008528639626867032] 3 13002.994776248932s
2022-03-30 09:11:13.599694 (1.0, 100000.0, 22, 10.0, 0.3, 0.312, 2.0, 3) [0.12608792077310568 0.003288112841357599 0.01575243540122682] 3 9309.107728481293s
2022-03-30 11:10:28.284187 (1.0, 100000.0, 24, 10.0, 0.3, 0.297, 2.0, 3) [0.13021227527319423 0.0023319166025515137 0.007816467973357348] 3 13156.855815649033s
2022-03-30 13:30:14.522149 (1.0, 100000.0, 22, 10.0, 0.3, 0.312, 2.0, 3) [0.12426748678139476 0.0033779180927816605 0.01703736564499143] 3 15540.919944763184s
2022-03-30 14:28:22.968471 (1.0, 100000.0, 21, 10.0, 0.3, 0.299, 2.0, 3) [0.1453563369632056 0.0034961105624924564 0.009032586184862378] 3 20685.34035038948s
2022-03-30 17:38:07.239644 (1.0, 100000.0, 22, 10.0, 0.3, 0.319, 2.0, 3) [0.11385800610280569 0.0027851367218246783 0.026816530938140508] 3 14867.242591142654s
2022-03-30 18:31:42.272449 (1.0, 100000.0, 24, 10.0, 0.3, 0.297, 2.0, 3) [0.13273358208627123 0.003975495290039297 0.006932239820596491] 3 26473.985603809357s
