2022-03-22 20:28:50.637503 (1.0, 100000.0, 12, 10.0, 0.3, 0.271, 2.0, 3) [0.2983472816148446 0.0036994139973926692 0.003178954885250879] 6 457.2481572628021s
2022-03-22 20:36:07.766936 (1.0, 100000.0, 12, 10.0, 0.3, 0.271, 2.0, 3) [0.30068143896278726 0.0035057051133483346 0.003010675592759619] 6 437.10623598098755s
2022-03-22 20:43:23.545655 (1.0, 100000.0, 12, 10.0, 0.3, 0.271, 2.0, 3) [0.2983530716296589 0.006237170751258775 0.003179123926838294] 6 435.7763783931732s
2022-03-22 20:50:40.186471 (1.0, 100000.0, 12, 10.0, 0.3, 0.271, 2.0, 3) [0.2991788068794643 0.00654098771105839 0.003120542477671296] 6 436.637717962265s
2022-03-22 20:57:55.331485 (1.0, 100000.0, 12, 10.0, 0.3, 0.271, 2.0, 3) [0.3017001081490129 0.005298299348989294 0.0029371229534712684] 6 435.14271092414856s
2022-03-22 21:05:10.343512 (1.0, 100000.0, 12, 10.0, 0.3, 0.271, 2.0, 3) [0.2959624166828398 0.005957217720979726 0.003361639619535524] 6 435.0094544887543s
2022-03-22 21:12:58.935972 (1.0, 100000.0, 12, 10.0, 0.3, 0.284, 2.0, 3) [0.2811829339486022 0.007528420527843367 0.004802094465314829] 6 464.78269124031067s
2022-03-22 21:20:44.765245 (1.0, 100000.0, 12, 10.0, 0.3, 0.284, 2.0, 3) [0.2781369733748454 0.008171067773151637 0.005156303231528844] 6 465.8273265361786s
2022-03-22 21:28:29.702497 (1.0, 100000.0, 12, 10.0, 0.3, 0.284, 2.0, 3) [0.2785649386954702 0.002981689849873791 0.00511145016760614] 6 464.93405389785767s
2022-03-22 21:36:14.376919 (1.0, 100000.0, 12, 10.0, 0.3, 0.284, 2.0, 3) [0.2791881248102662 0.004920106468163873 0.005028379275573015] 6 464.6719832420349s
2022-03-22 21:43:59.681186 (1.0, 100000.0, 12, 10.0, 0.3, 0.284, 2.0, 3) [0.2833230544564716 0.005484373406750101 0.004572373761951567] 6 465.3019313812256s
2022-03-22 21:51:44.840657 (1.0, 100000.0, 12, 10.0, 0.3, 0.284, 2.0, 3) [0.27922463778089 0.007353800981328924 0.0050332819821035085] 6 465.15700459480286s
2022-03-22 21:59:18.147091 (1.0, 100000.0, 12, 10.0, 0.3, 0.291, 2.0, 3) [0.2690284822394642 0.0039037354171388644 0.006423399680114729] 6 449.6841998100281s
2022-03-22 22:06:40.926982 (1.0, 100000.0, 12, 10.0, 0.3, 0.291, 2.0, 3) [0.2578580421153142 0.008288080479564072 0.008350198501437985] 6 442.7774889469147s
2022-03-22 22:14:04.350322 (1.0, 100000.0, 12, 10.0, 0.3, 0.291, 2.0, 3) [0.26597129069209224 0.004481655247930334 0.0068934780845863195] 6 443.4202735424042s
2022-03-22 22:21:26.635917 (1.0, 100000.0, 12, 10.0, 0.3, 0.291, 2.0, 3) [0.2706365814129501 0.0032789628415467475 0.006179943637062247] 6 442.2830729484558s
2022-03-22 22:28:49.392363 (1.0, 100000.0, 12, 10.0, 0.3, 0.291, 2.0, 3) [0.26548357567439557 0.005080522687011278 0.006976120228366087] 6 442.7540490627289s
2022-03-22 22:36:11.854632 (1.0, 100000.0, 12, 10.0, 0.3, 0.291, 2.0, 3) [0.2708371698961824 0.005777253974342907 0.0061554803603138045] 6 442.4597432613373s
2022-03-22 22:43:56.259695 (1.0, 100000.0, 12, 10.0, 0.3, 0.296, 2.0, 3) [0.2644464281762469 0.003424956239332406 0.007175448159091322] 6 460.8892104625702s
2022-03-22 22:51:27.284944 (1.0, 100000.0, 12, 10.0, 0.3, 0.296, 2.0, 3) [0.26185365832943125 0.0037698338444358734 0.007637863062209327] 6 451.0230715274811s
2022-03-22 22:58:57.405359 (1.0, 100000.0, 12, 10.0, 0.3, 0.296, 2.0, 3) [0.25457087700655184 0.004434671064985358 0.009046160299016667] 6 450.11815452575684s
2022-03-22 23:06:27.749404 (1.0, 100000.0, 12, 10.0, 0.3, 0.296, 2.0, 3) [0.2600752554288845 0.005970992445315698 0.007969607714058332] 6 450.34142994880676s
2022-03-22 23:13:59.047503 (1.0, 100000.0, 12, 10.0, 0.3, 0.296, 2.0, 3) [0.2585744693356592 0.004546342868260771 0.008218443745263511] 6 451.29554176330566s
2022-03-22 23:21:29.707554 (1.0, 100000.0, 12, 10.0, 0.3, 0.296, 2.0, 3) [0.2612051374471583 0.004341078515937952 0.007749395491252367] 6 450.65762162208557s
2022-03-22 23:29:18.851964 (1.0, 100000.0, 12, 10.0, 0.3, 0.298, 2.0, 3) [0.2594341710915326 0.005063748052491479 0.00807205509755874] 6 465.363648891449s
2022-03-22 23:36:51.067646 (1.0, 100000.0, 12, 10.0, 0.3, 0.298, 2.0, 3) [0.24987092097746472 0.005161679641289119 0.01011631656922133] 6 452.2132580280304s
2022-03-22 23:44:24.018927 (1.0, 100000.0, 12, 10.0, 0.3, 0.298, 2.0, 3) [0.2597363059473351 0.0032451279574055446 0.008024496369451932] 6 452.9489300251007s
2022-03-22 23:51:54.406651 (1.0, 100000.0, 12, 10.0, 0.3, 0.298, 2.0, 3) [0.26057796377435755 0.004865231433108488 0.007860578663158565] 6 450.38548612594604s
2022-03-22 23:59:25.429159 (1.0, 100000.0, 12, 10.0, 0.3, 0.298, 2.0, 3) [0.2584129293775193 0.0034296299909503665 0.008276062017114429] 6 451.01986503601074s
2022-03-23 00:06:55.927053 (1.0, 100000.0, 12, 10.0, 0.3, 0.298, 2.0, 3) [0.2578747271064509 0.003427530440800869 0.008374265592975301] 6 450.49540662765503s
2022-03-23 00:14:30.131909 (1.0, 100000.0, 12, 10.0, 0.3, 0.301, 2.0, 3) [0.2613211360559659 0.005289074727854673 0.007764323543487922] 6 450.3677990436554s
2022-03-23 00:21:57.036189 (1.0, 100000.0, 12, 10.0, 0.3, 0.301, 2.0, 3) [0.25493555401500606 0.0030802816743587583 0.009003290061130934] 6 446.90112257003784s
2022-03-23 00:29:24.146730 (1.0, 100000.0, 12, 10.0, 0.3, 0.301, 2.0, 3) [0.2526456043922739 0.004291840609696142 0.009491512635385438] 6 447.1079604625702s
2022-03-23 00:36:51.245662 (1.0, 100000.0, 12, 10.0, 0.3, 0.301, 2.0, 3) [0.25415896112712766 0.004223305852311742 0.009162844307178468] 6 447.09672117233276s
2022-03-23 00:44:18.609020 (1.0, 100000.0, 12, 10.0, 0.3, 0.301, 2.0, 3) [0.25243929437410456 0.00451533458815322 0.009538789487266903] 6 447.360848903656s
2022-03-23 00:51:45.920132 (1.0, 100000.0, 12, 10.0, 0.3, 0.301, 2.0, 3) [0.2533686754246238 0.003871910584772141 0.00932968598046824] 6 447.30855321884155s
2022-03-23 00:59:30.184555 (1.0, 100000.0, 12, 10.0, 0.3, 0.304, 2.0, 3) [0.24834805891039305 0.005276741713060724 0.010525782290502703] 6 460.2296824455261s
2022-03-23 01:07:20.115216 (1.0, 100000.0, 12, 10.0, 0.3, 0.304, 2.0, 3) [0.2473022998202619 0.007084455485721726 0.010784584164460823] 6 469.92847180366516s
2022-03-23 01:15:09.163958 (1.0, 100000.0, 12, 10.0, 0.3, 0.304, 2.0, 3) [0.24756770420446086 0.002994445039102163 0.010706365012545727] 6 469.04588198661804s
2022-03-23 01:22:58.514758 (1.0, 100000.0, 12, 10.0, 0.3, 0.304, 2.0, 3) [0.24856040477834604 0.007135448411544015 0.010463648093725743] 6 469.3485617637634s
2022-03-23 01:30:48.734401 (1.0, 100000.0, 12, 10.0, 0.3, 0.304, 2.0, 3) [0.2476979228417637 0.004563316274402292 0.010679180638948663] 6 470.2172453403473s
2022-03-23 01:38:37.768366 (1.0, 100000.0, 12, 10.0, 0.3, 0.304, 2.0, 3) [0.24829915741892397 0.0034951691451894727 0.010543314768482696] 6 469.03141689300537s
2022-03-23 01:46:19.188495 (1.0, 100000.0, 12, 10.0, 0.3, 0.306, 2.0, 3) [0.24582402198396502 0.002699893390978665 0.011176121600396698] 6 457.7569098472595s
2022-03-23 01:53:50.175081 (1.0, 100000.0, 12, 10.0, 0.3, 0.306, 2.0, 3) [0.24294683265164968 0.007970555559563499 0.011985265370251078] 6 450.9843816757202s
2022-03-23 02:01:19.657617 (1.0, 100000.0, 12, 10.0, 0.3, 0.306, 2.0, 3) [0.25313775398433486 0.00725027218226677 0.0094426207114312] 6 449.47978472709656s
2022-03-23 02:08:49.090157 (1.0, 100000.0, 12, 10.0, 0.3, 0.306, 2.0, 3) [0.2483646997960758 0.0034782696297168667 0.010532579670535322] 6 449.42985558509827s
2022-03-23 02:16:18.667213 (1.0, 100000.0, 12, 10.0, 0.3, 0.306, 2.0, 3) [0.24572832244697648 0.004889603189906023 0.011227493281421353] 6 449.57471323013306s
2022-03-23 02:23:48.086546 (1.0, 100000.0, 12, 10.0, 0.3, 0.306, 2.0, 3) [0.2442249544216124 0.004011564091690054 0.011619604107168264] 6 449.41630816459656s
2022-03-23 02:31:33.600619 (1.0, 100000.0, 12, 10.0, 0.3, 0.311, 2.0, 3) [0.23687328686731252 0.0056116580086825775 0.013829250658464482] 6 461.663366317749s
2022-03-23 02:39:07.738665 (1.0, 100000.0, 12, 10.0, 0.3, 0.311, 2.0, 3) [0.23730216130198856 0.0038212703628396263 0.013717523331093396] 6 454.1356854438782s
2022-03-23 02:46:42.377499 (1.0, 100000.0, 12, 10.0, 0.3, 0.311, 2.0, 3) [0.2394242990972375 0.0043709290147246095 0.013041537200841159] 6 454.6361150741577s
2022-03-23 02:54:15.957324 (1.0, 100000.0, 12, 10.0, 0.3, 0.311, 2.0, 3) [0.24148343297501962 0.0061832142731380385 0.01240779359486223] 6 453.57714200019836s
2022-03-23 03:01:49.966534 (1.0, 100000.0, 12, 10.0, 0.3, 0.311, 2.0, 3) [0.24027977760303515 0.005438341965708476 0.01276767805590791] 6 454.0065562725067s
2022-03-23 03:09:22.006384 (1.0, 100000.0, 12, 10.0, 0.3, 0.311, 2.0, 3) [0.2467869231278543 0.009200386317377277 0.011001923544122914] 6 452.0372004508972s
2022-03-23 03:17:13.990872 (1.0, 100000.0, 12, 10.0, 0.3, 0.318, 2.0, 3) [0.23323185014891742 0.004576138806765331 0.015147131507743909] 6 468.16629433631897s
2022-03-23 03:24:48.186233 (1.0, 100000.0, 12, 10.0, 0.3, 0.318, 2.0, 3) [0.23217185298018958 0.004590524061444126 0.015524897781519293] 6 454.1930527687073s
2022-03-23 03:32:22.649010 (1.0, 100000.0, 12, 10.0, 0.3, 0.318, 2.0, 3) [0.230637860061326 0.003886423172703061 0.0161097333126545] 6 454.45997643470764s
2022-03-23 03:39:56.873812 (1.0, 100000.0, 12, 10.0, 0.3, 0.318, 2.0, 3) [0.23159625622907862 0.004997920250088201 0.01575755340311773] 6 454.2221212387085s
2022-03-23 03:47:30.787937 (1.0, 100000.0, 12, 10.0, 0.3, 0.318, 2.0, 3) [0.22643907069896413 0.005601812372541477 0.017745414314926763] 6 453.9116892814636s
2022-03-23 03:55:04.657405 (1.0, 100000.0, 12, 10.0, 0.3, 0.318, 2.0, 3) [0.22710640398295864 0.004965943901303576 0.0174811369664473] 6 453.86660170555115s
2022-03-23 04:02:42.480699 (1.0, 100000.0, 12, 10.0, 0.3, 0.331, 2.0, 3) [0.21447891166872932 0.0043187143776559425 0.023660175616788168] 6 454.04127264022827s
2022-03-23 04:10:12.150581 (1.0, 100000.0, 12, 10.0, 0.3, 0.331, 2.0, 3) [0.21154782508856534 0.004605796867594358 0.02528681269161884] 6 449.6675248146057s
2022-03-23 04:17:34.868394 (1.0, 100000.0, 12, 10.0, 0.3, 0.331, 2.0, 3) [0.2139077200223655 0.00394107758522042 0.02397203287245383] 6 442.71506357192993s
2022-03-23 04:24:41.196091 (1.0, 100000.0, 12, 10.0, 0.3, 0.331, 2.0, 3) [0.21130916938489058 0.003738327799163808 0.02546811369723076] 6 426.32511591911316s
2022-03-23 04:31:46.898669 (1.0, 100000.0, 12, 10.0, 0.3, 0.331, 2.0, 3) [0.21545805417558944 0.004229284749835058 0.023099667168914702] 6 425.69869685173035s
2022-03-23 04:38:52.018754 (1.0, 100000.0, 12, 10.0, 0.3, 0.331, 2.0, 3) [0.21470164330403396 0.004573939210048559 0.023511190063660883] 6 425.1159851551056s
2022-03-23 04:51:51.363921 (1.0, 100000.0, 14, 10.0, 0.3, 0.271, 2.0, 3) [0.26305172396983506 0.00396750619885194 0.0025791634609815366] 6 771.8695185184479s
2022-03-23 05:03:49.574603 (1.0, 100000.0, 14, 10.0, 0.3, 0.271, 2.0, 3) [0.2611687128706228 0.003416233174037278 0.0027206414172258006] 6 718.2086114883423s
2022-03-23 05:15:47.849847 (1.0, 100000.0, 14, 10.0, 0.3, 0.271, 2.0, 3) [0.2630071864726372 0.00243398583097756 0.0025827434668268057] 6 718.272745847702s
2022-03-23 05:27:46.446519 (1.0, 100000.0, 14, 10.0, 0.3, 0.271, 2.0, 3) [0.2615465005779737 0.004647479793085351 0.002689553685290364] 6 718.5915613174438s
2022-03-23 05:39:46.526200 (1.0, 100000.0, 14, 10.0, 0.3, 0.271, 2.0, 3) [0.2661290962154317 0.004144344532251829 0.00237273181001456] 6 720.077020406723s
2022-03-23 05:51:46.166590 (1.0, 100000.0, 14, 10.0, 0.3, 0.271, 2.0, 3) [0.2651613656986728 0.005210970303928387 0.002435285994091387] 6 719.6378984451294s
2022-03-23 06:04:03.166290 (1.0, 100000.0, 14, 10.0, 0.3, 0.284, 2.0, 3) [0.24160448054473246 0.004568118508365402 0.004699010107571023] 6 733.3907768726349s
2022-03-23 06:16:43.192955 (1.0, 100000.0, 14, 10.0, 0.3, 0.284, 2.0, 3) [0.24078490649534237 0.004994133830289224 0.004809976915295007] 6 760.0247268676758s
2022-03-23 06:30:06.136661 (1.0, 100000.0, 14, 10.0, 0.3, 0.284, 2.0, 3) [0.2450780856827825 0.0063010014361901965 0.004274428885440491] 6 802.9408755302429s
2022-03-23 06:43:29.234568 (1.0, 100000.0, 14, 10.0, 0.3, 0.284, 2.0, 3) [0.24534210981386614 0.0037322799891167974 0.004243490152969318] 6 803.0948085784912s
2022-03-23 06:56:52.871450 (1.0, 100000.0, 14, 10.0, 0.3, 0.284, 2.0, 3) [0.24947154965785148 0.006289308046343077 0.003792403912332919] 6 803.6342775821686s
2022-03-23 07:10:11.971712 (1.0, 100000.0, 14, 10.0, 0.3, 0.284, 2.0, 3) [0.2418028313034336 0.0039281087697652 0.004679857096631654] 6 799.0976176261902s
2022-03-23 07:23:56.147238 (1.0, 100000.0, 14, 10.0, 0.3, 0.291, 2.0, 3) [0.23516168948742996 0.0030786053593241905 0.005643198093797101] 6 820.0392374992371s
2022-03-23 07:37:18.265778 (1.0, 100000.0, 14, 10.0, 0.3, 0.291, 2.0, 3) [0.23672427061982626 0.003409045553652325 0.005409347385092828] 6 802.1165215969086s
2022-03-23 07:50:34.219730 (1.0, 100000.0, 14, 10.0, 0.3, 0.291, 2.0, 3) [0.2310338172005787 0.004029718685123192 0.006325385249781949] 6 795.9514260292053s
2022-03-23 08:03:46.058455 (1.0, 100000.0, 14, 10.0, 0.3, 0.291, 2.0, 3) [0.23275745635673484 0.004304790591918044 0.006026181041162824] 6 791.8361256122589s
2022-03-23 08:16:30.265834 (1.0, 100000.0, 14, 10.0, 0.3, 0.291, 2.0, 3) [0.2299396647568798 0.002961611320768337 0.006513877870396937] 6 764.1888811588287s
2022-03-23 08:30:09.054575 (1.0, 100000.0, 14, 10.0, 0.3, 0.291, 2.0, 3) [0.23360562636010476 0.004107793950111671 0.005899976201874461] 6 818.7851920127869s
2022-03-23 08:42:54.157235 (1.0, 100000.0, 14, 10.0, 0.3, 0.296, 2.0, 3) [0.22360370484997866 0.0033059565789417367 0.007776675430471236] 6 761.083247423172s
2022-03-23 08:55:40.180862 (1.0, 100000.0, 14, 10.0, 0.3, 0.296, 2.0, 3) [0.22858041900931358 0.004028029377536907 0.006782260239018488] 6 766.0217208862305s
2022-03-23 09:08:25.020866 (1.0, 100000.0, 14, 10.0, 0.3, 0.296, 2.0, 3) [0.2265783283625699 0.0029359113966611807 0.007165284997551075] 6 764.8373374938965s
2022-03-23 09:21:09.976035 (1.0, 100000.0, 14, 10.0, 0.3, 0.296, 2.0, 3) [0.22328551759473886 0.005611306370056693 0.007846273391349771] 6 764.9516520500183s
2022-03-23 09:33:54.689853 (1.0, 100000.0, 14, 10.0, 0.3, 0.296, 2.0, 3) [0.227957876022673 0.009199072755537564 0.006912161390821738] 6 764.711282491684s
2022-03-23 09:46:39.638517 (1.0, 100000.0, 14, 10.0, 0.3, 0.296, 2.0, 3) [0.22626199964988505 0.004240239372750398 0.007232936205431307] 6 764.9460077285767s
2022-03-23 09:59:47.200404 (1.0, 100000.0, 14, 10.0, 0.3, 0.298, 2.0, 3) [0.22321552604781114 0.0032758810297817934 0.007883705584612754] 6 783.6842474937439s
2022-03-23 10:12:27.283231 (1.0, 100000.0, 14, 10.0, 0.3, 0.298, 2.0, 3) [0.22604916150843768 0.006281752615247863 0.007288637938148354] 6 760.0805366039276s
2022-03-23 10:25:07.992418 (1.0, 100000.0, 14, 10.0, 0.3, 0.298, 2.0, 3) [0.22056088379494584 0.004655478820329367 0.008464518289776193] 6 760.7066850662231s
2022-03-23 10:37:47.033010 (1.0, 100000.0, 14, 10.0, 0.3, 0.298, 2.0, 3) [0.22216718842646768 0.0044372332568936865 0.008128134488611705] 6 759.0378215312958s
2022-03-23 10:50:28.798121 (1.0, 100000.0, 14, 10.0, 0.3, 0.298, 2.0, 3) [0.2186857556589227 0.0028981500329596913 0.008914517192194382] 6 761.7627274990082s
2022-03-23 11:03:10.628856 (1.0, 100000.0, 14, 10.0, 0.3, 0.298, 2.0, 3) [0.22284464397196435 0.005064620132781791 0.007951768871816702] 6 761.8283870220184s
2022-03-23 11:16:08.897975 (1.0, 100000.0, 14, 10.0, 0.3, 0.301, 2.0, 3) [0.21870975913544494 0.0037154147170968374 0.008917074492998566] 6 774.119297504425s
2022-03-23 11:28:36.190550 (1.0, 100000.0, 14, 10.0, 0.3, 0.301, 2.0, 3) [0.22309152918723463 0.007512993682126226 0.007911256724757586] 6 747.2905168533325s
2022-03-23 11:41:03.903087 (1.0, 100000.0, 14, 10.0, 0.3, 0.301, 2.0, 3) [0.21518529850364676 0.003985082724036963 0.00982287183986335] 6 747.7100510597229s
2022-03-23 11:53:31.317015 (1.0, 100000.0, 14, 10.0, 0.3, 0.301, 2.0, 3) [0.2180957689228268 0.0035692662098812016 0.009062888824442892] 6 747.4112894535065s
2022-03-23 12:05:50.943680 (1.0, 100000.0, 14, 10.0, 0.3, 0.301, 2.0, 3) [0.2145592702093634 0.006416303698160095 0.01000278133833811] 6 739.6235983371735s
2022-03-23 12:18:10.357873 (1.0, 100000.0, 14, 10.0, 0.3, 0.301, 2.0, 3) [0.21925647309758356 0.0030748601978672213 0.008811066030725756] 6 739.4115009307861s
2022-03-23 12:31:20.794957 (1.0, 100000.0, 14, 10.0, 0.3, 0.304, 2.0, 3) [0.2169322189102272 0.004620840336597284 0.009382612137595864] 6 786.3360598087311s
2022-03-23 12:44:16.342368 (1.0, 100000.0, 14, 10.0, 0.3, 0.304, 2.0, 3) [0.21798127942626433 0.0071236745817867975 0.009127146510219345] 6 775.5448405742645s
2022-03-23 12:57:10.274048 (1.0, 100000.0, 14, 10.0, 0.3, 0.304, 2.0, 3) [0.21510688574717743 0.0038523998027212808 0.009867158178481873] 6 773.9292602539062s
2022-03-23 13:10:04.236275 (1.0, 100000.0, 14, 10.0, 0.3, 0.304, 2.0, 3) [0.2175736419664918 0.004606282632254571 0.0092279165442549] 6 773.9596648216248s
2022-03-23 13:23:01.027018 (1.0, 100000.0, 14, 10.0, 0.3, 0.304, 2.0, 3) [0.2109906861727693 0.006614181298606953 0.011042618858473114] 6 776.7880086898804s
2022-03-23 13:35:29.286585 (1.0, 100000.0, 14, 10.0, 0.3, 0.304, 2.0, 3) [0.21172851685594987 0.0049648456379750095 0.010829948442308513] 6 748.2568089962006s
2022-03-23 13:48:35.653832 (1.0, 100000.0, 14, 10.0, 0.3, 0.306, 2.0, 3) [0.21044328381454247 0.004165878091602956 0.011218725634158152] 6 782.2495937347412s
2022-03-23 14:02:16.611853 (1.0, 100000.0, 14, 10.0, 0.3, 0.306, 2.0, 3) [0.20813129409699704 0.007806501086477359 0.011956059742754111] 6 820.9559016227722s
2022-03-23 14:15:50.389970 (1.0, 100000.0, 14, 10.0, 0.3, 0.306, 2.0, 3) [0.20934060677157704 0.006182936086787262 0.01157728725913102] 6 813.7760126590729s
2022-03-23 14:29:27.982050 (1.0, 100000.0, 14, 10.0, 0.3, 0.306, 2.0, 3) [0.2124999696437017 0.00548445751080989 0.010609077557574877] 6 817.5902283191681s
2022-03-23 14:42:37.196769 (1.0, 100000.0, 14, 10.0, 0.3, 0.306, 2.0, 3) [0.20948632532744296 0.004375557538200975 0.01153434965256462] 6 789.1917409896851s
2022-03-23 14:55:38.873627 (1.0, 100000.0, 14, 10.0, 0.3, 0.306, 2.0, 3) [0.21167777724932194 0.00507850742466526 0.01084012663985556] 6 781.6743595600128s
2022-03-23 15:08:46.806817 (1.0, 100000.0, 14, 10.0, 0.3, 0.311, 2.0, 3) [0.20503486991723335 0.005123526220542783 0.013062978567645305] 6 765.8534994125366s
2022-03-23 15:21:08.068333 (1.0, 100000.0, 14, 10.0, 0.3, 0.311, 2.0, 3) [0.2063931005934343 0.002647907733897356 0.012602840659469684] 6 741.2595772743225s
2022-03-23 15:33:29.224157 (1.0, 100000.0, 14, 10.0, 0.3, 0.311, 2.0, 3) [0.20265314369097545 0.003957929146389447 0.013938113494152327] 6 741.1432185173035s
2022-03-23 15:45:50.317193 (1.0, 100000.0, 14, 10.0, 0.3, 0.311, 2.0, 3) [0.20240032523944024 0.002528934493690849 0.014070571986928394] 6 741.0902934074402s
2022-03-23 15:58:11.676675 (1.0, 100000.0, 14, 10.0, 0.3, 0.311, 2.0, 3) [0.2032616223380552 0.0030847900751790926 0.013734508867372963] 6 741.3570284843445s
2022-03-23 16:10:29.079242 (1.0, 100000.0, 14, 10.0, 0.3, 0.311, 2.0, 3) [0.19841158015129248 0.0024760213396624563 0.015650457459019336] 6 737.4000704288483s
2022-03-23 16:23:34.416325 (1.0, 100000.0, 14, 10.0, 0.3, 0.318, 2.0, 3) [0.19882595869733058 0.003890636248625415 0.015568835475962313] 6 769.7987380027771s
2022-03-23 16:36:25.267341 (1.0, 100000.0, 14, 10.0, 0.3, 0.318, 2.0, 3) [0.19226119022642307 0.004588986687460923 0.018604658962963327] 6 770.8484487533569s
2022-03-23 16:49:14.226131 (1.0, 100000.0, 14, 10.0, 0.3, 0.318, 2.0, 3) [0.19733463036114746 0.003104092461457376 0.016219666696581234] 6 768.9563736915588s
2022-03-23 17:01:54.385869 (1.0, 100000.0, 14, 10.0, 0.3, 0.318, 2.0, 3) [0.1940765108262676 0.0027497940569385982 0.017725078084408652] 6 760.1574523448944s
2022-03-23 17:14:23.793173 (1.0, 100000.0, 14, 10.0, 0.3, 0.318, 2.0, 3) [0.19335272012901691 0.003523095659062635 0.018073292331553723] 6 749.4035820960999s
2022-03-23 17:26:52.197183 (1.0, 100000.0, 14, 10.0, 0.3, 0.318, 2.0, 3) [0.20258294264455692 0.005725669524763512 0.014047871712796475] 6 748.401846408844s
2022-03-23 17:39:18.395914 (1.0, 100000.0, 14, 10.0, 0.3, 0.331, 2.0, 3) [0.1865187649981086 0.004478760269774181 0.021998261577782764] 6 733.9921252727509s
2022-03-23 17:51:38.868829 (1.0, 100000.0, 14, 10.0, 0.3, 0.331, 2.0, 3) [0.1816490902440417 0.005401346132599812 0.025089812655399175] 6 740.4708919525146s
2022-03-23 18:04:11.844889 (1.0, 100000.0, 14, 10.0, 0.3, 0.331, 2.0, 3) [0.17851506261817507 0.007186009881373716 0.02727759545881713] 6 752.9725263118744s
2022-03-23 18:16:44.687175 (1.0, 100000.0, 14, 10.0, 0.3, 0.331, 2.0, 3) [0.17919753780153216 0.0027085947470964597 0.026825216764311027] 6 752.8383300304413s
2022-03-23 18:29:48.398746 (1.0, 100000.0, 14, 10.0, 0.3, 0.331, 2.0, 3) [0.18073952462592582 0.005726161911148197 0.025735876495597942] 6 783.708587884903s
2022-03-23 18:43:04.621401 (1.0, 100000.0, 14, 10.0, 0.3, 0.331, 2.0, 3) [0.179173213272467 0.0027173398718148933 0.026810262591354633] 6 796.2201015949249s
