2022-03-15 21:53:54.339933 (1.0, 100000.0, 11, 10.0, 0.3, 0.271, 2.0, 3) [0.3195513902076068 0.0066748899079660026 0.003622509160197033] 1 430.8774015903473s
2022-03-15 22:00:46.335972 (1.0, 100000.0, 13, 10.0, 0.3, 0.271, 2.0, 3) [0.27693354507515267 0.00587141632032124 0.003046231225175895] 1 840.1170573234558s
2022-03-15 22:01:09.668357 (1.0, 100000.0, 11, 10.0, 0.3, 0.284, 2.0, 3) [0.3026620532630394 0.006478010226001077 0.005270187598109886] 1 431.63991117477417s
2022-03-15 22:08:13.139636 (1.0, 100000.0, 11, 10.0, 0.3, 0.291, 2.0, 3) [0.2914889983117162 0.005194717649157817 0.006722701458429139] 1 419.3272702693939s
2022-03-15 22:09:20.035246 (1.0, 100000.0, 15, 10.0, 0.3, 0.271, 2.0, 3) [0.2525444212824331 0.004840482682139718 0.0020918886615031483] 1 1353.8171350955963s
2022-03-15 22:13:52.371550 (1.0, 100000.0, 13, 10.0, 0.3, 0.284, 2.0, 3) [0.2592861560815368 0.0028543784683993157 0.004821063536513707] 1 781.4210865497589s
2022-03-15 22:15:23.462724 (1.0, 100000.0, 11, 10.0, 0.3, 0.296, 2.0, 3) [0.28516124965006784 0.005222741710090509 0.007729317394737774] 1 426.1563549041748s
2022-03-15 22:24:46.203654 (1.0, 100000.0, 11, 10.0, 0.3, 0.298, 2.0, 3) [0.28294047651634757 0.003356421565951266 0.00811972840429926] 1 558.9553921222687s
2022-03-15 22:26:50.711326 (1.0, 100000.0, 13, 10.0, 0.3, 0.291, 2.0, 3) [0.25081444140608794 0.0034701595470788987 0.006011079577954279] 1 773.4014084339142s
2022-03-15 22:31:59.665944 (1.0, 100000.0, 11, 10.0, 0.3, 0.301, 2.0, 3) [0.27607982348324545 0.007009288947755419 0.009418190810567016] 1 429.0313882827759s
2022-03-15 22:32:33.774362 (1.0, 100000.0, 15, 10.0, 0.3, 0.284, 2.0, 3) [0.224306192286802 0.004520917117133249 0.0048566853378215254] 1 1388.9533107280731s
2022-03-15 22:39:12.587456 (1.0, 100000.0, 11, 10.0, 0.3, 0.304, 2.0, 3) [0.2671441712492654 0.006658162543020187 0.011429581453490007] 1 428.71735978126526s
2022-03-15 22:40:24.524086 (1.0, 100000.0, 13, 10.0, 0.3, 0.296, 2.0, 3) [0.23763494120950962 0.008618410080744673 0.008442340742019659] 1 809.1783633232117s
2022-03-15 22:46:26.591648 (1.0, 100000.0, 11, 10.0, 0.3, 0.306, 2.0, 3) [0.2694397625756999 0.0031631038583468606 0.010896872038461323] 1 430.30966806411743s
2022-03-15 22:53:49.209497 (1.0, 100000.0, 11, 10.0, 0.3, 0.311, 2.0, 3) [0.2639431274877326 0.0035412486356019 0.012283494602272427] 1 438.4895660877228s
2022-03-15 22:54:04.860778 (1.0, 100000.0, 15, 10.0, 0.3, 0.291, 2.0, 3) [0.21703314560589887 0.004002907444816993 0.006057549236810971] 1 1286.356544494629s
2022-03-15 22:54:27.611898 (1.0, 100000.0, 13, 10.0, 0.3, 0.298, 2.0, 3) [0.2384084393160438 0.004167892623223565 0.008285093992361853] 1 838.8924434185028s
2022-03-15 23:01:04.002342 (1.0, 100000.0, 11, 10.0, 0.3, 0.318, 2.0, 3) [0.254169105083253 0.00848232644505024 0.015220607683591915] 1 430.65575885772705s
2022-03-15 23:07:49.508640 (1.0, 100000.0, 13, 10.0, 0.3, 0.301, 2.0, 3) [0.23137060787078637 0.005831163626935868 0.009934040044750281] 1 798.056889295578s
2022-03-15 23:08:21.733252 (1.0, 100000.0, 11, 10.0, 0.3, 0.331, 2.0, 3) [0.23515925386136938 0.005130299254961603 0.02313168465283648] 1 433.3855240345001s
2022-03-15 23:16:11.111099 (1.0, 100000.0, 15, 10.0, 0.3, 0.296, 2.0, 3) [0.2077009968752135 0.006073204327192502 0.007990945328710334] 1 1321.4973647594452s
2022-03-15 23:21:13.805536 (1.0, 100000.0, 13, 10.0, 0.3, 0.304, 2.0, 3) [0.2326315030194126 0.004756139901935864 0.009626859830243665] 1 799.9213593006134s
2022-03-15 23:34:23.017129 (1.0, 100000.0, 13, 10.0, 0.3, 0.306, 2.0, 3) [0.22674256816190044 0.003960390056269863 0.011210507522563612] 1 784.8020403385162s
2022-03-15 23:37:47.815796 (1.0, 100000.0, 15, 10.0, 0.3, 0.298, 2.0, 3) [0.208341496503715 0.004358614001698459 0.007848188194842133] 1 1291.8315286636353s
2022-03-15 23:47:18.350355 (1.0, 100000.0, 13, 10.0, 0.3, 0.311, 2.0, 3) [0.22276383532839605 0.004438672643521986 0.012455343969128861] 1 771.0981500148773s
2022-03-16 00:00:12.899223 (1.0, 100000.0, 15, 10.0, 0.3, 0.301, 2.0, 3) [0.20697922400881616 0.004853599039431977 0.00820460530914971] 1 1340.4822635650635s
2022-03-16 00:00:36.835668 (1.0, 100000.0, 13, 10.0, 0.3, 0.318, 2.0, 3) [0.21189674930942812 0.002868725566014969 0.016440198387115728] 1 792.5265638828278s
2022-03-16 00:15:01.945226 (1.0, 100000.0, 13, 10.0, 0.3, 0.331, 2.0, 3) [0.1955971400001108 0.004812045875574345 0.025111669408930913] 1 859.9609460830688s
2022-03-16 00:22:27.285683 (1.0, 100000.0, 15, 10.0, 0.3, 0.304, 2.0, 3) [0.20027947011200525 0.005051253848949819 0.010001526412176194] 1 1329.5639123916626s
2022-03-16 00:44:51.092029 (1.0, 100000.0, 15, 10.0, 0.3, 0.306, 2.0, 3) [0.19948598368652268 0.004902352075856215 0.010245637989131353] 1 1338.9151484966278s
2022-03-16 03:29:21.601339 (1.0, 100000.0, 15, 10.0, 0.3, 0.311, 2.0, 3) [0.19128525658528295 0.0027620983029152755 0.013081560317678652] 1 9865.765208005905s
2022-03-16 03:58:03.320567 (1.0, 100000.0, 15, 10.0, 0.3, 0.318, 2.0, 3) [0.1802936925399861 0.0024432580145277156 0.018165738897579314] 1 1713.9524166584015s
2022-03-16 04:21:09.514874 (1.0, 100000.0, 15, 10.0, 0.3, 0.331, 2.0, 3) [0.1653725450756617 0.0021179885232102606 0.028295519475140595] 1 1381.276496887207s
