2022-05-18 18:43:06.267774 (1.0, 100000.0, 10, 10.0, 0.3, 0.292, 0.0, 3) [0.3016529288383028 0.006508930272870364 0.00982756250599568] 5 264.08660316467285s
2022-05-18 18:44:33.237028 (1.0, 100000.0, 11, 10.0, 0.3, 0.292, 0.0, 3) [0.27155319863135274 0.0044550120974618055 0.010406345574041341] 5 305.4193263053894s
2022-05-18 18:46:00.215272 (1.0, 100000.0, 12, 10.0, 0.3, 0.292, 0.0, 3) [0.24926559449334418 0.003983510537262712 0.010303930645851772] 5 385.24233889579773s
2022-05-18 18:47:07.708677 (1.0, 100000.0, 10, 10.0, 0.3, 0.292, 0.0, 3) [0.2929732949923141 0.003789451416992922 0.011668650463997806] 5 241.4384787082672s
2022-05-18 18:48:34.437986 (1.0, 100000.0, 13, 10.0, 0.3, 0.292, 0.0, 3) [0.22517147939042106 0.005366406992985655 0.011657751529185781] 5 553.4471714496613s
2022-05-18 18:49:24.611279 (1.0, 100000.0, 11, 10.0, 0.3, 0.292, 0.0, 3) [0.27356669813517637 0.004436923226829876 0.009953187852232395] 5 291.3703627586365s
2022-05-18 18:50:46.795647 (1.0, 100000.0, 14, 10.0, 0.3, 0.292, 0.0, 3) [0.2137961286777191 0.0035169479155573637 0.010252031574383862] 5 669.8519446849823s
2022-05-18 18:51:09.098984 (1.0, 100000.0, 10, 10.0, 0.3, 0.292, 0.0, 3) [0.3016954628819071 0.00570096630351791 0.009847025026008871] 5 241.38755416870117s
2022-05-18 18:52:16.709512 (1.0, 100000.0, 12, 10.0, 0.3, 0.292, 0.0, 3) [0.2480700219361539 0.0037554125235969207 0.010598236231374175] 5 376.4763014316559s
2022-05-18 18:54:17.683908 (1.0, 100000.0, 11, 10.0, 0.3, 0.292, 0.0, 3) [0.2711414652285979 0.004362765761624531 0.010491563837511727] 5 293.06537556648254s
2022-05-18 18:55:10.167051 (1.0, 100000.0, 10, 10.0, 0.3, 0.292, 0.0, 3) [0.2966416381718801 0.005627052698797646 0.010869428331154203] 5 241.06606316566467s
2022-05-18 18:57:33.570839 (1.0, 100000.0, 13, 10.0, 0.3, 0.292, 0.0, 3) [0.22687131645960443 0.008761672982325008 0.0111947176060815] 5 539.1301786899567s
2022-05-18 18:58:33.377303 (1.0, 100000.0, 12, 10.0, 0.3, 0.292, 0.0, 3) [0.2501707479446221 0.004442491404200096 0.010084221889365561] 5 376.60412883758545s
2022-05-18 18:59:10.377991 (1.0, 100000.0, 11, 10.0, 0.3, 0.292, 0.0, 3) [0.2663873939474975 0.004571578442555379 0.011626835435681384] 5 292.69101762771606s
2022-05-18 18:59:12.222276 (1.0, 100000.0, 10, 10.0, 0.3, 0.292, 0.0, 3) [0.29625282104691686 0.005658022718542371 0.01095507771713338] 5 242.05286645889282s
2022-05-18 19:02:21.624132 (1.0, 100000.0, 14, 10.0, 0.3, 0.292, 0.0, 3) [0.21720097472923452 0.005278880018016682 0.009309837664556469] 5 694.8257765769958s
2022-05-18 19:03:04.034361 (1.0, 100000.0, 15, 10.0, 0.3, 0.292, 0.0, 3) [0.19394259139343026 0.0031182056413717376 0.012043729411639496] 5 1409.4415023326874s
2022-05-18 19:04:00.886785 (1.0, 100000.0, 11, 10.0, 0.3, 0.292, 0.0, 3) [0.2703672277058199 0.0045753932233020995 0.01066031071392758] 5 290.5051839351654s
2022-05-18 19:04:49.436974 (1.0, 100000.0, 12, 10.0, 0.3, 0.292, 0.0, 3) [0.25239663093625225 0.005656057039815104 0.009591301328838108] 5 376.05699276924133s
2022-05-18 19:06:32.697134 (1.0, 100000.0, 13, 10.0, 0.3, 0.292, 0.0, 3) [0.22621621686246193 0.002258655469665601 0.011360971019912935] 5 539.1186652183533s
2022-05-18 19:11:30.152658 (1.0, 100000.0, 12, 10.0, 0.3, 0.292, 0.0, 3) [0.24313730190689217 0.004645398976568896 0.011877807808662967] 5 400.6987724304199s
2022-05-18 19:13:40.855402 (1.0, 100000.0, 14, 10.0, 0.3, 0.292, 0.0, 3) [0.21252038952597468 0.005975840417010469 0.010607519448198129] 5 679.1889109611511s
2022-05-18 19:15:25.525887 (1.0, 100000.0, 16, 10.0, 0.3, 0.292, 0.0, 3) [0.1880741504183703 0.003433017658462218 0.009896512368740217] 5 2163.7146236896515s
2022-05-18 19:15:40.858615 (1.0, 100000.0, 13, 10.0, 0.3, 0.292, 0.0, 3) [0.23285920885607156 0.004427491261846356 0.00959867982293279] 5 548.1587672233582s
2022-05-18 19:24:15.561792 (1.0, 100000.0, 13, 10.0, 0.3, 0.292, 0.0, 3) [0.2286539932151574 0.0061525221253080666 0.010693085243643638] 5 514.6993806362152s
2022-05-18 19:25:07.187212 (1.0, 100000.0, 14, 10.0, 0.3, 0.292, 0.0, 3) [0.2151475978324513 0.005278276805751173 0.0098892579154716] 5 686.3284533023834s
2022-05-18 19:26:08.721477 (1.0, 100000.0, 15, 10.0, 0.3, 0.292, 0.0, 3) [0.19836295015611335 0.004971132632554498 0.010580338979753258] 5 1384.6847178936005s
2022-05-18 19:35:05.875582 (1.0, 100000.0, 10, 10.0, 0.3, 0.257, 0.0, 3) [0.3468534310566926 0.004023191154979149 0.003983898947121253] 5 245.7985599040985s
2022-05-18 19:36:34.351326 (1.0, 100000.0, 11, 10.0, 0.3, 0.25, 0.0, 3) [0.3387727117557852 0.004191977052386665 0.002378919933040891] 5 334.3041567802429s
2022-05-18 19:39:04.103465 (1.0, 100000.0, 10, 10.0, 0.3, 0.257, 0.0, 3) [0.34947059061333646 0.00472295501848847 0.0037814754876584573] 5 238.1942048072815s
2022-05-18 19:41:25.967263 (1.0, 100000.0, 13, 10.0, 0.3, 0.268, 0.0, 3) [0.2677104677282788 0.0065492921995981175 0.003890323864739054] 5 573.2056653499603s
2022-05-18 19:42:02.391910 (1.0, 100000.0, 11, 10.0, 0.3, 0.25, 0.0, 3) [0.3374413879605995 0.004038713489624121 0.0024432936767499564] 5 328.0230345726013s
2022-05-18 19:42:57.316026 (1.0, 100000.0, 10, 10.0, 0.3, 0.257, 0.0, 3) [0.34773349668941417 0.004236920300439757 0.0039141762946569335] 5 233.19442176818848s
2022-05-18 19:43:06.148592 (1.0, 100000.0, 14, 10.0, 0.3, 0.28, 0.0, 3) [0.23022290294739559 0.0030979654701355284 0.0064768154519496985] 5 673.4179494380951s
2022-05-18 19:46:41.222681 (1.0, 100000.0, 10, 10.0, 0.3, 0.257, 0.0, 3) [0.35250077392488877 0.0038687531042883015 0.0035675008518044875] 5 223.90360736846924s
2022-05-18 19:47:31.158377 (1.0, 100000.0, 11, 10.0, 0.3, 0.25, 0.0, 3) [0.33577662755784643 0.006851408633557209 0.00253586962290517] 5 328.6142041683197s
2022-05-18 19:47:32.560584 (1.0, 100000.0, 15, 10.0, 0.3, 0.268, 0.0, 3) [0.23618872598634916 0.008156445879637922 0.0034207952678094863] 5 939.8233864307404s
2022-05-18 19:50:23.467920 (1.0, 100000.0, 10, 10.0, 0.3, 0.257, 0.0, 3) [0.3526205139637756 0.0058738597172555 0.003551470282340311] 5 222.24267292022705s
2022-05-18 19:50:31.385265 (1.0, 100000.0, 13, 10.0, 0.3, 0.268, 0.0, 3) [0.26259091497522474 0.0035219519058438255 0.004420919584038287] 5 545.3141937255859s
2022-05-18 19:51:01.316160 (1.0, 100000.0, 16, 10.0, 0.3, 0.265, 0.0, 3) [0.2236886541873882 0.0050068664435220294 0.0031650142448906783] 5 1148.5953686237335s
2022-05-18 19:52:58.114492 (1.0, 100000.0, 11, 10.0, 0.3, 0.25, 0.0, 3) [0.33581051700992465 0.00455063693678706 0.0025387800637303786] 5 326.95332431793213s
2022-05-18 19:54:19.809007 (1.0, 100000.0, 14, 10.0, 0.3, 0.28, 0.0, 3) [0.22698569066673 0.00550810918745849 0.007063018838706802] 5 673.6582052707672s
2022-05-18 19:54:41.045095 (1.0, 100000.0, 10, 10.0, 0.3, 0.27, 0.0, 3) [0.3310245739993133 0.005266800637574987 0.005470584377841397] 5 250.96964526176453s
2022-05-18 19:58:25.361374 (1.0, 100000.0, 11, 10.0, 0.3, 0.25, 0.0, 3) [0.3370504781615588 0.004576256126974128 0.002470318223892404] 5 327.2444427013397s
2022-05-18 19:58:28.179674 (1.0, 100000.0, 10, 10.0, 0.3, 0.27, 0.0, 3) [0.3321584316203509 0.005676838849159295 0.005348164110301439] 5 227.13133335113525s
2022-05-18 19:59:37.088561 (1.0, 100000.0, 13, 10.0, 0.3, 0.268, 0.0, 3) [0.26259009718772225 0.004352044670173544 0.004417980785402905] 5 545.6926281452179s
2022-05-18 20:02:14.617386 (1.0, 100000.0, 10, 10.0, 0.3, 0.27, 0.0, 3) [0.32874033198237423 0.005086632241280833 0.005715296398828888] 5 226.43492770195007s
2022-05-18 20:03:15.762588 (1.0, 100000.0, 15, 10.0, 0.3, 0.268, 0.0, 3) [0.2321808058747491 0.004867614937695291 0.0038399503009663733] 5 943.1994993686676s
2022-05-18 20:04:08.290625 (1.0, 100000.0, 11, 10.0, 0.3, 0.27, 0.0, 3) [0.30945495663885597 0.005930834996385322 0.0045271650972264895] 5 339.32833528518677s
2022-05-18 20:05:35.425107 (1.0, 100000.0, 14, 10.0, 0.3, 0.28, 0.0, 3) [0.233335449142844 0.004093989379554916 0.0059383332311256495] 5 675.6107234954834s
2022-05-18 20:06:02.177611 (1.0, 100000.0, 10, 10.0, 0.3, 0.27, 0.0, 3) [0.32686085235123274 0.004793650611521015 0.005923690582731854] 5 227.55700755119324s
2022-05-18 20:08:42.636049 (1.0, 100000.0, 13, 10.0, 0.3, 0.268, 0.0, 3) [0.2614408263696684 0.0030764364157767447 0.004544499378383772] 5 545.5446770191193s
2022-05-18 20:09:34.737331 (1.0, 100000.0, 11, 10.0, 0.3, 0.27, 0.0, 3) [0.30236855558715914 0.004403827977475804 0.005280264200471706] 5 326.44491267204285s
2022-05-18 20:09:50.291495 (1.0, 100000.0, 10, 10.0, 0.3, 0.27, 0.0, 3) [0.33306625395868356 0.005986584842403525 0.005249698866289194] 5 228.11178374290466s
2022-05-18 20:10:10.941482 (1.0, 100000.0, 16, 10.0, 0.3, 0.265, 0.0, 3) [0.22512653485893758 0.003017031911366405 0.0030278249496261257] 5 1149.6224465370178s
2022-05-18 20:13:47.182389 (1.0, 100000.0, 10, 10.0, 0.3, 0.262, 0.0, 3) [0.34193348117334044 0.0047742289059150836 0.0043943063821788395] 5 230.8038740158081s
2022-05-18 20:14:59.049990 (1.0, 100000.0, 11, 10.0, 0.3, 0.27, 0.0, 3) [0.3026590906486708 0.004914055988441827 0.005252719784908423] 5 323.9966371059418s
2022-05-18 20:16:51.208532 (1.0, 100000.0, 14, 10.0, 0.3, 0.28, 0.0, 3) [0.23330061427006704 0.0030080273573477234 0.005947560304276018] 5 675.7804379463196s
2022-05-18 20:17:26.615610 (1.0, 100000.0, 10, 10.0, 0.3, 0.262, 0.0, 3) [0.34600659360957764 0.002583588860519832 0.004056846396354441] 5 219.43100476264954s
2022-05-18 20:17:48.035367 (1.0, 100000.0, 13, 10.0, 0.3, 0.268, 0.0, 3) [0.2649198543723113 0.006168701776641695 0.004159130502640815] 5 545.3968825340271s
2022-05-18 20:18:58.884462 (1.0, 100000.0, 15, 10.0, 0.3, 0.268, 0.0, 3) [0.22898947328155023 0.0037547044564300493 0.004223203061788557] 5 943.1189427375793s
2022-05-18 20:20:23.982122 (1.0, 100000.0, 11, 10.0, 0.3, 0.27, 0.0, 3) [0.30340853664620787 0.0038758387354326904 0.005172226115615562] 5 324.92901372909546s
2022-05-18 20:21:03.940801 (1.0, 100000.0, 10, 10.0, 0.3, 0.262, 0.0, 3) [0.3420754790213266 0.005522986962448113 0.004381692036772087] 5 217.3227093219757s
2022-05-18 20:24:41.791293 (1.0, 100000.0, 10, 10.0, 0.3, 0.262, 0.0, 3) [0.34628355413145157 0.009530747073083408 0.00404237477224224] 5 217.8474519252777s
2022-05-18 20:25:47.908343 (1.0, 100000.0, 11, 10.0, 0.3, 0.27, 0.0, 3) [0.30430708036145454 0.004628908662553166 0.005068775818515994] 5 323.92376923561096s
2022-05-18 20:27:09.023401 (1.0, 100000.0, 13, 10.0, 0.3, 0.262, 0.0, 3) [0.27800334751380107 0.005165495427337001 0.0029661404801658983] 5 556.4467415809631s
2022-05-18 20:28:06.032841 (1.0, 100000.0, 14, 10.0, 0.3, 0.28, 0.0, 3) [0.22961705364678014 0.0034385492934230068 0.006562556637839178] 5 674.821291923523s
2022-05-18 20:28:23.151938 (1.0, 100000.0, 10, 10.0, 0.3, 0.262, 0.0, 3) [0.34521970272245006 0.007987470945588404 0.0041304593897922735] 5 221.35247015953064s
2022-05-18 20:29:38.713994 (1.0, 100000.0, 16, 10.0, 0.3, 0.265, 0.0, 3) [0.226446324669782 0.0043222886287547215 0.0029075253923488416] 5 1167.7701320648193s
2022-05-18 20:31:31.249275 (1.0, 100000.0, 11, 10.0, 0.3, 0.292, 0.0, 3) [0.27007828447323484 0.004768388765032548 0.010748931872240491] 5 332.3212480545044s
2022-05-18 20:32:21.789963 (1.0, 100000.0, 10, 10.0, 0.3, 0.273, 0.0, 3) [0.32636379592350784 0.0038578718148038127 0.006001037604075873] 5 232.34786319732666s
2022-05-18 20:34:41.812609 (1.0, 100000.0, 15, 10.0, 0.3, 0.268, 0.0, 3) [0.23311541677585337 0.003543592915927176 0.003736614918866154] 5 942.9253857135773s
2022-05-18 20:35:59.997657 (1.0, 100000.0, 10, 10.0, 0.3, 0.273, 0.0, 3) [0.3229559564059717 0.0025304777035102424 0.006410183673938126] 5 218.1905860900879s
2022-05-18 20:36:18.315380 (1.0, 100000.0, 13, 10.0, 0.3, 0.262, 0.0, 3) [0.27430874034635355 0.00846722890393131 0.003265193108048314] 5 549.2890632152557s
2022-05-18 20:36:55.838093 (1.0, 100000.0, 11, 10.0, 0.3, 0.292, 0.0, 3) [0.26789120558267243 0.005243913167066072 0.011260407501071082] 5 324.58715629577637s
2022-05-18 20:39:23.745501 (1.0, 100000.0, 14, 10.0, 0.3, 0.239, 0.0, 3) [0.2966413577369936 0.003115647930203068 0.001008951507282131] 5 673.4113790988922s
2022-05-18 20:39:35.782567 (1.0, 100000.0, 10, 10.0, 0.3, 0.273, 0.0, 3) [0.32527641157295767 0.004550503120532465 0.006140409485097197] 5 215.78239965438843s
2022-05-18 20:42:16.716724 (1.0, 100000.0, 11, 10.0, 0.3, 0.292, 0.0, 3) [0.26877055478252504 0.0036925296222418964 0.011068229614204067] 5 320.757395029068s
2022-05-18 20:43:11.021724 (1.0, 100000.0, 10, 10.0, 0.3, 0.273, 0.0, 3) [0.3294544818654368 0.004479506425212485 0.00565460690997456] 5 215.23711156845093s
2022-05-18 20:45:28.594109 (1.0, 100000.0, 13, 10.0, 0.3, 0.262, 0.0, 3) [0.27245293929192066 0.00332988924692039 0.0034234898170864827] 5 550.2751486301422s
2022-05-18 20:46:46.957931 (1.0, 100000.0, 10, 10.0, 0.3, 0.273, 0.0, 3) [0.32733467907520175 0.005090335528372756 0.005891189895851393] 5 215.93417882919312s
2022-05-18 20:47:38.259246 (1.0, 100000.0, 11, 10.0, 0.3, 0.292, 0.0, 3) [0.2675098404451001 0.003655689620648015 0.011337966708093956] 5 321.5402681827545s
2022-05-18 20:49:11.296584 (1.0, 100000.0, 16, 10.0, 0.3, 0.265, 0.0, 3) [0.22494630248949485 0.0039763533781486 0.0030422709714951705] 5 1172.5797641277313s
2022-05-18 20:50:27.671857 (1.0, 100000.0, 15, 10.0, 0.3, 0.268, 0.0, 3) [0.23524195404272777 0.002529814551586543 0.0035133139054045956] 5 945.6991264820099s
2022-05-18 20:50:46.008162 (1.0, 100000.0, 14, 10.0, 0.3, 0.239, 0.0, 3) [0.2980804051038003 0.0038995995095958908 0.000970220143284914] 5 682.2444710731506s
2022-05-18 20:50:55.418497 (1.0, 100000.0, 10, 10.0, 0.3, 0.265, 0.0, 3) [0.33505417219507555 0.0029710891378161726 0.005042931711455455] 5 240.03607511520386s
2022-05-18 20:53:02.647685 (1.0, 100000.0, 11, 10.0, 0.3, 0.292, 0.0, 3) [0.26472031972968657 0.0060026140392720724 0.012077535328068684] 5 324.3823616504669s
2022-05-18 20:54:36.819508 (1.0, 100000.0, 13, 10.0, 0.3, 0.262, 0.0, 3) [0.2755807696180574 0.004096283270202795 0.003156225864104799] 5 548.2070138454437s
2022-05-18 20:54:43.090272 (1.0, 100000.0, 10, 10.0, 0.3, 0.265, 0.0, 3) [0.33716960218227643 0.004116428664333834 0.004833263525117257] 5 227.6665644645691s
2022-05-18 20:58:31.230305 (1.0, 100000.0, 10, 10.0, 0.3, 0.265, 0.0, 3) [0.33962686009260623 0.00675372452999479 0.004605876717159375] 5 228.13701343536377s
2022-05-18 20:58:57.701395 (1.0, 100000.0, 11, 10.0, 0.3, 0.257, 0.0, 3) [0.32632993378767494 0.005266240294589299 0.0031202353719899573] 5 351.3456196784973s
2022-05-18 21:02:09.123506 (1.0, 100000.0, 14, 10.0, 0.3, 0.239, 0.0, 3) [0.2989548004778896 0.0036048327969601087 0.0009470054561134602] 5 683.1132211685181s
2022-05-18 21:02:19.025717 (1.0, 100000.0, 10, 10.0, 0.3, 0.265, 0.0, 3) [0.34100067626668995 0.006333064777784534 0.004489965250246992] 5 227.79291129112244s
2022-05-18 21:03:46.007519 (1.0, 100000.0, 13, 10.0, 0.3, 0.262, 0.0, 3) [0.2706227914066113 0.004124701139021585 0.0035810212412800344] 5 549.1856303215027s
2022-05-18 21:04:39.994722 (1.0, 100000.0, 11, 10.0, 0.3, 0.257, 0.0, 3) [0.32181864192767884 0.004263125933171425 0.0034404250150011904] 5 342.29003167152405s
2022-05-18 21:06:06.526541 (1.0, 100000.0, 10, 10.0, 0.3, 0.265, 0.0, 3) [0.3362033174168539 0.0040365579466551905 0.004925503214190029] 5 227.49512910842896s
2022-05-18 21:06:27.431012 (1.0, 100000.0, 15, 10.0, 0.3, 0.262, 0.0, 3) [0.24214950569657911 0.004606196370285522 0.0028486141001474183] 5 953.9411861896515s
2022-05-18 21:09:21.615313 (1.0, 100000.0, 16, 10.0, 0.3, 0.265, 0.0, 3) [0.2274721690080502 0.004255640725085444 0.0028132996629702174] 5 1210.3144874572754s
2022-05-18 21:10:15.867697 (1.0, 100000.0, 11, 10.0, 0.3, 0.257, 0.0, 3) [0.3272398436144823 0.006672431567270221 0.0030628064948205556] 5 335.8700273036957s
2022-05-18 21:13:04.683769 (1.0, 100000.0, 10, 10.0, 0.3, 0.239, 0.0, 3) [0.3807549497736963 0.004873458994964482 0.0020216290309221364] 5 241.0907347202301s
2022-05-18 21:13:20.142450 (1.0, 100000.0, 13, 10.0, 0.3, 0.25, 0.0, 3) [0.2911819270549629 0.0029169634783779617 0.0021030893813342366] 5 570.1916124820709s
2022-05-18 21:13:31.486252 (1.0, 100000.0, 14, 10.0, 0.3, 0.239, 0.0, 3) [0.3010617605309174 0.0046223441901129935 0.000892139615977413] 5 682.3598787784576s
2022-05-18 21:15:56.902040 (1.0, 100000.0, 11, 10.0, 0.3, 0.257, 0.0, 3) [0.3268675333114097 0.0053685224663300515 0.003086666403009691] 5 341.0304477214813s
2022-05-18 21:16:53.215769 (1.0, 100000.0, 10, 10.0, 0.3, 0.239, 0.0, 3) [0.3821632586444698 0.006037690805105248 0.0019673391797495033] 5 228.51455521583557s
2022-05-18 21:20:40.917646 (1.0, 100000.0, 10, 10.0, 0.3, 0.239, 0.0, 3) [0.38611800609362573 0.005507735101774136 0.0018204672218840143] 5 227.69843792915344s
2022-05-18 21:21:36.994663 (1.0, 100000.0, 11, 10.0, 0.3, 0.257, 0.0, 3) [0.3240202995716876 0.005664100550607671 0.0032909936983172264] 5 340.0901656150818s
2022-05-18 21:22:28.302525 (1.0, 100000.0, 13, 10.0, 0.3, 0.25, 0.0, 3) [0.2962731782653607 0.003873022338793402 0.00184202879354734] 5 548.1557731628418s
2022-05-18 21:23:05.816286 (1.0, 100000.0, 15, 10.0, 0.3, 0.262, 0.0, 3) [0.24366979823164275 0.0036637800118020872 0.002723707232929313] 5 998.3809473514557s
2022-05-18 21:24:26.313673 (1.0, 100000.0, 10, 10.0, 0.3, 0.239, 0.0, 3) [0.3802013207757641 0.00493494297237637 0.002045026872969143] 5 225.3779947757721s
2022-05-18 21:24:53.865375 (1.0, 100000.0, 14, 10.0, 0.3, 0.239, 0.0, 3) [0.29731124246781715 0.004020674589536414 0.0009898749891707195] 5 682.3763840198517s
2022-05-18 21:27:28.369676 (1.0, 100000.0, 11, 10.0, 0.3, 0.265, 0.0, 3) [0.3109123401496263 0.004845862141415835 0.004383629523881104] 5 339.2587080001831s
2022-05-18 21:28:12.242843 (1.0, 100000.0, 10, 10.0, 0.3, 0.239, 0.0, 3) [0.37759454517429925 0.004994343432928398 0.0021484284263753126] 5 225.9263129234314s
2022-05-18 21:30:25.043423 (1.0, 100000.0, 16, 10.0, 0.3, 0.26, 0.0, 3) [0.23846357612148944 0.002684345839905946 0.001979594131647724] 5 1259.0312566757202s
2022-05-18 21:31:36.125664 (1.0, 100000.0, 13, 10.0, 0.3, 0.25, 0.0, 3) [0.3014418317027556 0.00446282686627817 0.0016188197535855929] 5 547.819614648819s
2022-05-18 21:32:09.015383 (1.0, 100000.0, 10, 10.0, 0.3, 0.28, 0.0, 3) [0.3167360290767293 0.005287062552038051 0.007275483262990907] 5 231.9995150566101s
2022-05-18 21:32:58.622109 (1.0, 100000.0, 11, 10.0, 0.3, 0.265, 0.0, 3) [0.31583294238382875 0.004732988721635583 0.003946471613084237] 5 330.25064516067505s
2022-05-18 21:35:53.031965 (1.0, 100000.0, 10, 10.0, 0.3, 0.28, 0.0, 3) [0.31450526847527055 0.003986825650209838 0.007603959594521744] 5 224.01486372947693s
2022-05-18 21:36:15.991179 (1.0, 100000.0, 14, 10.0, 0.3, 0.273, 0.0, 3) [0.23944954266714594 0.0033769901977748645 0.004995155142197349] 5 677.474809885025s
2022-05-18 21:38:28.478719 (1.0, 100000.0, 11, 10.0, 0.3, 0.265, 0.0, 3) [0.3105446427453933 0.0067045572145316285 0.004422748620825962] 5 329.85451912879944s
2022-05-18 21:39:37.323600 (1.0, 100000.0, 10, 10.0, 0.3, 0.28, 0.0, 3) [0.3152251606070807 0.004952769205495684 0.007509559496487772] 5 224.28948259353638s
2022-05-18 21:39:43.627023 (1.0, 100000.0, 15, 10.0, 0.3, 0.262, 0.0, 3) [0.2412034582624547 0.0030250519987305865 0.0029271770274124794] 5 997.8079335689545s
2022-05-18 21:40:43.596648 (1.0, 100000.0, 13, 10.0, 0.3, 0.25, 0.0, 3) [0.2905725312107317 0.008731157098781727 0.0021362459957374232] 5 547.4592914581299s
2022-05-18 21:43:21.202476 (1.0, 100000.0, 10, 10.0, 0.3, 0.28, 0.0, 3) [0.313851955348016 0.005596810221022354 0.007707973355503111] 5 223.875807762146s
2022-05-18 21:43:57.525043 (1.0, 100000.0, 11, 10.0, 0.3, 0.265, 0.0, 3) [0.30993893780208964 0.0037514654802916093 0.004467436935145087] 5 329.03562211990356s
2022-05-18 21:47:04.859903 (1.0, 100000.0, 10, 10.0, 0.3, 0.28, 0.0, 3) [0.31841954428431873 0.005814593648507041 0.007031403179665125] 5 223.40168642997742s
2022-05-18 21:47:13.217672 (1.0, 100000.0, 14, 10.0, 0.3, 0.273, 0.0, 3) [0.2388903410339517 0.002835386402032668 0.0050681169016142955] 5 657.2235124111176s
2022-05-18 21:49:28.551164 (1.0, 100000.0, 11, 10.0, 0.3, 0.265, 0.0, 3) [0.3087880757443857 0.003627617442100331 0.004587240631575203] 5 331.0229914188385s
2022-05-18 21:49:50.646037 (1.0, 100000.0, 13, 10.0, 0.3, 0.25, 0.0, 3) [0.2995949111294577 0.005113778376519765 0.0016954177343143392] 5 547.046528339386s
2022-05-18 21:50:17.248246 (1.0, 100000.0, 16, 10.0, 0.3, 0.26, 0.0, 3) [0.23442981953836756 0.0026968815219096656 0.0022477411950434065] 5 1192.2012059688568s
2022-05-18 21:51:08.919970 (1.0, 100000.0, 10, 10.0, 0.3, 0.292, 0.0, 3) [0.29651498223795325 0.008701966307044715 0.010893560695402517] 5 236.994464635849s
2022-05-18 21:54:55.899799 (1.0, 100000.0, 10, 10.0, 0.3, 0.292, 0.0, 3) [0.2896643215470311 0.011456204520963045 0.012430230092862302] 5 226.97743916511536s
2022-05-18 21:55:10.372830 (1.0, 100000.0, 11, 10.0, 0.3, 0.268, 0.0, 3) [0.31464581107714196 0.00642931678611402 0.004063682967950545] 5 324.7721993923187s
2022-05-18 21:56:20.904971 (1.0, 100000.0, 15, 10.0, 0.3, 0.262, 0.0, 3) [0.2445339076586837 0.0032744634083934103 0.002654312000576605] 5 997.2751698493958s
2022-05-18 21:58:08.411027 (1.0, 100000.0, 14, 10.0, 0.3, 0.273, 0.0, 3) [0.23805796800698467 0.0032448183348704977 0.005183478532918692] 5 655.1873180866241s
2022-05-18 21:58:44.499910 (1.0, 100000.0, 10, 10.0, 0.3, 0.292, 0.0, 3) [0.2963286445131855 0.004546579500964402 0.010940615230189464] 5 228.5740044116974s
2022-05-18 21:59:22.837574 (1.0, 100000.0, 13, 10.0, 0.3, 0.28, 0.0, 3) [0.24905683521251898 0.005848959255614808 0.006290363642350399] 5 568.0227768421173s
2022-05-18 22:00:26.123915 (1.0, 100000.0, 11, 10.0, 0.3, 0.268, 0.0, 3) [0.3060229599645592 0.003731469422933318 0.004872250364462039] 5 315.74922800064087s
2022-05-18 22:02:30.403963 (1.0, 100000.0, 10, 10.0, 0.3, 0.292, 0.0, 3) [0.2963737726330192 0.003168781471993353 0.010948757679344343] 5 225.89814114570618s
2022-05-18 22:05:39.744071 (1.0, 100000.0, 11, 10.0, 0.3, 0.268, 0.0, 3) [0.3061456469444754 0.007110722978564133 0.004865618671436562] 5 313.61724734306335s
2022-05-18 22:06:16.287131 (1.0, 100000.0, 10, 10.0, 0.3, 0.292, 0.0, 3) [0.29606608095685316 0.0035748913472628337 0.010970701178921285] 5 225.87673473358154s
2022-05-18 22:08:41.994234 (1.0, 100000.0, 13, 10.0, 0.3, 0.28, 0.0, 3) [0.24863749055939094 0.004650416469577327 0.006363052756824757] 5 559.1536364555359s
2022-05-18 22:08:58.335438 (1.0, 100000.0, 14, 10.0, 0.3, 0.273, 0.0, 3) [0.23970532246864587 0.0037292918198701193 0.0049575725509473775] 5 649.9184005260468s
2022-05-18 22:09:56.701171 (1.0, 100000.0, 16, 10.0, 0.3, 0.26, 0.0, 3) [0.23292231437670943 0.0058126207516391035 0.002361143953369503] 5 1179.4501361846924s
2022-05-18 22:10:36.303829 (1.0, 100000.0, 10, 10.0, 0.3, 0.25, 0.0, 3) [0.3633258186885759 0.010129456045631464 0.0028696710999053378] 5 243.4959511756897s
2022-05-18 22:10:52.964255 (1.0, 100000.0, 11, 10.0, 0.3, 0.268, 0.0, 3) [0.3028165420883639 0.009150375161531105 0.005222626823011042] 5 313.21714067459106s
2022-05-18 22:12:57.918730 (1.0, 100000.0, 15, 10.0, 0.3, 0.262, 0.0, 3) [0.24151835862768617 0.004936133913237215 0.002902970631525769] 5 996.9688909053802s
2022-05-18 22:14:25.697146 (1.0, 100000.0, 10, 10.0, 0.3, 0.25, 0.0, 3) [0.36318451938950774 0.006486258133458744 0.002871601616420177] 5 229.39102411270142s
2022-05-18 22:16:07.361425 (1.0, 100000.0, 11, 10.0, 0.3, 0.268, 0.0, 3) [0.3091616671860438 0.006204182459728535 0.0045604879444738605] 5 314.39438796043396s
2022-05-18 22:18:03.430292 (1.0, 100000.0, 13, 10.0, 0.3, 0.28, 0.0, 3) [0.2413714112367553 0.00471844155987273 0.00765315799095398] 5 561.4320993423462s
2022-05-18 22:18:12.700142 (1.0, 100000.0, 10, 10.0, 0.3, 0.25, 0.0, 3) [0.3628423766051772 0.005106975274633939 0.0028932741632458968] 5 226.9981770515442s
2022-05-18 22:19:50.899949 (1.0, 100000.0, 14, 10.0, 0.3, 0.273, 0.0, 3) [0.24346979028455948 0.005417212603859511 0.004468039124545364] 5 652.5613553524017s
2022-05-18 22:21:59.886086 (1.0, 100000.0, 10, 10.0, 0.3, 0.25, 0.0, 3) [0.35772056526935125 0.007005533322620212 0.0031953515626072407] 5 227.18377566337585s
2022-05-18 22:24:38.283989 (1.0, 100000.0, 11, 10.0, 0.3, 0.26, 0.0, 3) [0.32119576285068235 0.002957195022923391 0.003489614461941602] 5 336.63888239860535s
2022-05-18 22:25:49.789973 (1.0, 100000.0, 10, 10.0, 0.3, 0.25, 0.0, 3) [0.3646930954788928 0.0033140838256767884 0.0027907974900873087] 5 229.90083122253418s
2022-05-18 22:27:24.590950 (1.0, 100000.0, 13, 10.0, 0.3, 0.28, 0.0, 3) [0.2463652357917677 0.0053135125663756125 0.006738759651207346] 5 561.1519773006439s
2022-05-18 22:29:12.448485 (1.0, 100000.0, 15, 10.0, 0.3, 0.265, 0.0, 3) [0.2401127678290531 0.004165239683904623 0.0030314220309994306] 5 970.3019847869873s
2022-05-18 22:29:40.504397 (1.0, 100000.0, 16, 10.0, 0.3, 0.26, 0.0, 3) [0.23162843447423856 0.0027107392537177337 0.002457155147542383] 5 1183.8002910614014s
2022-05-18 22:29:59.751386 (1.0, 100000.0, 11, 10.0, 0.3, 0.26, 0.0, 3) [0.3198963516904311 0.004426782488852144 0.0035960642994163033] 5 321.25349497795105s
2022-05-18 22:31:13.923090 (1.0, 100000.0, 14, 10.0, 0.3, 0.257, 0.0, 3) [0.26665608470995494 0.005512280145860979 0.002332061359125664] 5 679.2596340179443s
2022-05-18 22:33:01.991138 (1.0, 100000.0, 10, 10.0, 0.3, 0.268, 0.0, 3) [0.33504882645821654 0.004627520256442359 0.005052171659579285] 5 240.53181719779968s
2022-05-18 22:35:28.421110 (1.0, 100000.0, 11, 10.0, 0.3, 0.26, 0.0, 3) [0.32090975144653067 0.005873406085039321 0.0035162665865835713] 5 328.6668653488159s
2022-05-18 22:36:45.976440 (1.0, 100000.0, 13, 10.0, 0.3, 0.28, 0.0, 3) [0.24796099045543857 0.004892699428439118 0.006476318052257299] 5 561.3814742565155s
2022-05-18 22:36:53.196383 (1.0, 100000.0, 10, 10.0, 0.3, 0.268, 0.0, 3) [0.33326230368302107 0.006830374929703692 0.005231827256763944] 5 231.19899678230286s
2022-05-18 22:40:41.029414 (1.0, 100000.0, 10, 10.0, 0.3, 0.268, 0.0, 3) [0.33061163727397547 0.00478785014987836 0.005514905653065144] 5 227.83060312271118s
2022-05-18 22:40:56.319870 (1.0, 100000.0, 11, 10.0, 0.3, 0.26, 0.0, 3) [0.3215645166433836 0.005029135066046019 0.0034731972251683535] 5 327.8957176208496s
2022-05-18 22:42:29.693245 (1.0, 100000.0, 14, 10.0, 0.3, 0.257, 0.0, 3) [0.2687392317834471 0.002396041632553887 0.0022053756379859513] 5 675.7373628616333s
2022-05-18 22:44:29.127936 (1.0, 100000.0, 10, 10.0, 0.3, 0.268, 0.0, 3) [0.33127902623221656 0.005025723409050755 0.00543565907055264] 5 228.0933940410614s
2022-05-18 22:45:11.117856 (1.0, 100000.0, 15, 10.0, 0.3, 0.265, 0.0, 3) [0.24002405695436888 0.0038312366652303487 0.0030449454702775425] 5 958.2750935554504s
2022-05-18 22:45:59.456326 (1.0, 100000.0, 13, 10.0, 0.3, 0.265, 0.0, 3) [0.2762509058868391 0.005331312871414688 0.003111451791438823] 5 548.4470865726471s
2022-05-18 22:46:24.689975 (1.0, 100000.0, 11, 10.0, 0.3, 0.26, 0.0, 3) [0.3145095384613005 0.004486609330975025 0.004042560657657152] 5 328.3681728839874s
2022-05-18 22:48:17.156645 (1.0, 100000.0, 10, 10.0, 0.3, 0.268, 0.0, 3) [0.33358671696419195 0.005375885742190696 0.0051956050349190215] 5 228.0253357887268s
2022-05-18 22:49:23.881357 (1.0, 100000.0, 16, 10.0, 0.3, 0.26, 0.0, 3) [0.2339343848072068 0.003689409479395091 0.0022855717238047077] 5 1183.3747322559357s
2022-05-18 22:52:05.077109 (1.0, 100000.0, 11, 10.0, 0.3, 0.239, 0.0, 3) [0.3530752043079737 0.006366516837902664 0.0017307092405421396] 5 331.72993516921997s
2022-05-18 22:52:19.901127 (1.0, 100000.0, 10, 10.0, 0.3, 0.26, 0.0, 3) [0.34519823121246274 0.0036338642254333626 0.004116485803620521] 5 239.35301303863525s
2022-05-18 22:53:44.804643 (1.0, 100000.0, 14, 10.0, 0.3, 0.257, 0.0, 3) [0.26726165318593187 0.003248511162112977 0.002294159470278795] 5 675.105667591095s
2022-05-18 22:55:09.940044 (1.0, 100000.0, 13, 10.0, 0.3, 0.265, 0.0, 3) [0.27212748131882264 0.005084637201520911 0.0034504224261669965] 5 550.480322599411s
2022-05-18 22:56:08.692039 (1.0, 100000.0, 10, 10.0, 0.3, 0.26, 0.0, 3) [0.3468683814787339 0.005927290548453166 0.003989310111928628] 5 228.78807830810547s
2022-05-18 22:57:23.638987 (1.0, 100000.0, 11, 10.0, 0.3, 0.239, 0.0, 3) [0.3530696766683722 0.004327645935949922 0.0017327227518898025] 5 318.55965280532837s
2022-05-18 22:59:56.018096 (1.0, 100000.0, 10, 10.0, 0.3, 0.26, 0.0, 3) [0.3459317985607188 0.0040405061079318155 0.004060827823060196] 5 227.28192353248596s
2022-05-18 23:01:10.331633 (1.0, 100000.0, 15, 10.0, 0.3, 0.265, 0.0, 3) [0.2401755748970274 0.00359065292992928 0.003025146178331111] 5 959.210218667984s
2022-05-18 23:02:41.084955 (1.0, 100000.0, 11, 10.0, 0.3, 0.239, 0.0, 3) [0.3609921479854094 0.0070901820610307165 0.0014600472703881597] 5 317.44152879714966s
2022-05-18 23:03:43.092330 (1.0, 100000.0, 10, 10.0, 0.3, 0.26, 0.0, 3) [0.3426300040982069 0.009579959743587645 0.004332037960211454] 5 227.07165575027466s
2022-05-18 23:04:19.536841 (1.0, 100000.0, 13, 10.0, 0.3, 0.265, 0.0, 3) [0.27164136897568625 0.004283019027835994 0.003506009827034217] 5 549.5925686359406s
2022-05-18 23:05:00.237816 (1.0, 100000.0, 14, 10.0, 0.3, 0.257, 0.0, 3) [0.26683197773514084 0.007593476889614396 0.0023283857073374626] 5 675.4290397167206s
2022-05-18 23:07:25.775996 (1.0, 100000.0, 10, 10.0, 0.3, 0.26, 0.0, 3) [0.35180134018360465 0.00867904213155082 0.003617307155598293] 5 222.6609570980072s
2022-05-18 23:07:52.867471 (1.0, 100000.0, 11, 10.0, 0.3, 0.239, 0.0, 3) [0.36124811936742274 0.006170133227504837 0.0014512202160993244] 5 311.77921319007874s
2022-05-18 23:09:06.804031 (1.0, 100000.0, 16, 10.0, 0.3, 0.292, 0.0, 3) [0.19169259736623745 0.0022430016198380083 0.008854876697289028] 5 1178.8347353935242s
2022-05-18 23:13:01.213904 (1.0, 100000.0, 11, 10.0, 0.3, 0.239, 0.0, 3) [0.3566133110542856 0.006346633008276798 0.0016073843538066941] 5 308.34392380714417s
2022-05-18 23:13:27.434828 (1.0, 100000.0, 13, 10.0, 0.3, 0.265, 0.0, 3) [0.2707554253330289 0.0033487513652799353 0.003581005909961942] 5 547.8932723999023s
2022-05-18 23:16:13.482653 (1.0, 100000.0, 14, 10.0, 0.3, 0.257, 0.0, 3) [0.26463996683077773 0.007057175442761173 0.002467081710539791] 5 673.2411735057831s
2022-05-18 23:17:05.651543 (1.0, 100000.0, 15, 10.0, 0.3, 0.265, 0.0, 3) [0.23524621446775237 0.004976827711926833 0.0035004934615156685] 5 955.312224149704s
2022-05-18 23:21:45.792482 (1.0, 100000.0, 11, 10.0, 0.3, 0.28, 0.0, 3) [0.28801698489502175 0.005787408957301964 0.007242252468393458] 5 332.585636138916s
2022-05-18 23:22:34.149303 (1.0, 100000.0, 13, 10.0, 0.3, 0.265, 0.0, 3) [0.2671065128565734 0.0029596886866253454 0.003922099342458798] 5 546.7115137577057s
2022-05-18 23:27:09.455692 (1.0, 100000.0, 11, 10.0, 0.3, 0.28, 0.0, 3) [0.28677654403446695 0.003863051749956596 0.007438421468291747] 5 323.64682960510254s
2022-05-18 23:27:42.161877 (1.0, 100000.0, 14, 10.0, 0.3, 0.27, 0.0, 3) [0.24071170862218846 0.002973549105533715 0.004810387244072872] 5 685.4426233768463s
2022-05-18 23:28:42.257072 (1.0, 100000.0, 16, 10.0, 0.3, 0.292, 0.0, 3) [0.19079423180910862 0.007778839775429566 0.00908550301900195] 5 1175.4209172725677s
2022-05-18 23:32:33.129134 (1.0, 100000.0, 11, 10.0, 0.3, 0.28, 0.0, 3) [0.2870829987809776 0.006437509287320642 0.007396987414138106] 5 323.65082263946533s
2022-05-18 23:32:54.088094 (1.0, 100000.0, 15, 10.0, 0.3, 0.265, 0.0, 3) [0.23983646627803942 0.0036904586298532123 0.0030572185770173965] 5 948.4323401451111s
2022-05-18 23:34:39.500821 (1.0, 100000.0, 13, 10.0, 0.3, 0.257, 0.0, 3) [0.28581949640636 0.004489050942230617 0.002421702595046017] 5 555.1232433319092s
2022-05-18 23:37:53.254399 (1.0, 100000.0, 11, 10.0, 0.3, 0.28, 0.0, 3) [0.2950595325672014 0.0054251506247532085 0.006230821970324562] 5 320.09623074531555s
2022-05-18 23:38:52.046544 (1.0, 100000.0, 14, 10.0, 0.3, 0.27, 0.0, 3) [0.2484264328659483 0.004569120310007279 0.0038872838947757262] 5 669.8814396858215s
2022-05-18 23:43:12.341455 (1.0, 100000.0, 11, 10.0, 0.3, 0.28, 0.0, 3) [0.28761521894149883 0.005485789514857226 0.007314347005236146] 5 319.05611968040466s
2022-05-18 23:43:39.643297 (1.0, 100000.0, 13, 10.0, 0.3, 0.257, 0.0, 3) [0.2863402475060508 0.003015530688543915 0.002390690514912561] 5 540.1389000415802s
2022-05-18 23:48:28.659086 (1.0, 100000.0, 16, 10.0, 0.3, 0.292, 0.0, 3) [0.18754369774853744 0.007636163006992816 0.010060843396756634] 5 1186.392995595932s
2022-05-18 23:48:39.931018 (1.0, 100000.0, 15, 10.0, 0.3, 0.25, 0.0, 3) [0.26622778400535285 0.003595088084468011 0.0013887078871899355] 5 941.8237600326538s
2022-05-18 23:48:44.126500 (1.0, 100000.0, 11, 10.0, 0.3, 0.262, 0.0, 3) [0.3120429277211292 0.005191762159994676 0.004262040192522378] 5 328.62955045700073s
2022-05-18 23:50:04.477751 (1.0, 100000.0, 14, 10.0, 0.3, 0.27, 0.0, 3) [0.24545181135145286 0.00524549837129076 0.0042188361502147305] 5 672.2971122264862s
2022-05-18 23:52:43.381901 (1.0, 100000.0, 13, 10.0, 0.3, 0.257, 0.0, 3) [0.28494436846248666 0.0036491126626333817 0.00247299049408043] 5 543.516462802887s
2022-05-18 23:54:02.660677 (1.0, 100000.0, 11, 10.0, 0.3, 0.262, 0.0, 3) [0.3164245638499984 0.0071849677944875725 0.0038770628673353634] 5 318.5322301387787s
2022-05-18 23:59:19.198728 (1.0, 100000.0, 11, 10.0, 0.3, 0.262, 0.0, 3) [0.31981855656604674 0.006784394705760371 0.003601569810726455] 5 316.5349380970001s
2022-05-19 00:01:18.871087 (1.0, 100000.0, 14, 10.0, 0.3, 0.27, 0.0, 3) [0.24431846001249213 0.004004957581319328 0.0043529027338719325] 5 674.3880023956299s
2022-05-19 00:01:46.967670 (1.0, 100000.0, 13, 10.0, 0.3, 0.257, 0.0, 3) [0.28214967305814487 0.004395056558799462 0.0026602999153981636] 5 543.5819418430328s
2022-05-19 00:04:37.171104 (1.0, 100000.0, 11, 10.0, 0.3, 0.262, 0.0, 3) [0.31609057259258316 0.004475726717713634 0.003911892980903719] 5 317.9376895427704s
2022-05-19 00:04:56.831052 (1.0, 100000.0, 15, 10.0, 0.3, 0.25, 0.0, 3) [0.26360229111659716 0.00396563160313547 0.0015000989571100976] 5 976.8970086574554s
2022-05-19 00:08:19.277837 (1.0, 100000.0, 16, 10.0, 0.3, 0.292, 0.0, 3) [0.18439057990540209 0.0036525700647081515 0.011125766710353086] 5 1190.581904888153s
2022-05-19 00:09:55.679690 (1.0, 100000.0, 11, 10.0, 0.3, 0.262, 0.0, 3) [0.31594402618107204 0.003405632039259171 0.0039253427536976625] 5 318.4912564754486s
2022-05-19 00:10:47.027048 (1.0, 100000.0, 13, 10.0, 0.3, 0.257, 0.0, 3) [0.282744839252134 0.004437036820474351 0.002620538731451031] 5 540.0547049045563s
2022-05-19 00:12:29.209413 (1.0, 100000.0, 14, 10.0, 0.3, 0.27, 0.0, 3) [0.24742632302302464 0.00393987485003779 0.003998485604349856] 5 670.331695318222s
2022-05-19 00:15:39.489302 (1.0, 100000.0, 11, 10.0, 0.3, 0.273, 0.0, 3) [0.2970910086680711 0.005417914512154761 0.005923797338520868] 5 333.0757968425751s
2022-05-19 00:20:15.301744 (1.0, 100000.0, 13, 10.0, 0.3, 0.26, 0.0, 3) [0.2811848965318565 0.0038492936958108618 0.002731587564412284] 5 564.2900722026825s
2022-05-19 00:21:02.740649 (1.0, 100000.0, 11, 10.0, 0.3, 0.273, 0.0, 3) [0.297734919950602 0.0024559144847041666 0.005851633630360355] 5 323.2149443626404s
2022-05-19 00:21:05.262626 (1.0, 100000.0, 15, 10.0, 0.3, 0.25, 0.0, 3) [0.26160846973565083 0.004371590479754337 0.0015880953870927124] 5 968.4285590648651s
2022-05-19 00:24:01.120842 (1.0, 100000.0, 14, 10.0, 0.3, 0.265, 0.0, 3) [0.25430884649126234 0.0036844612131121664 0.003296384245643202] 5 688.4156205654144s
2022-05-19 00:26:25.094119 (1.0, 100000.0, 11, 10.0, 0.3, 0.273, 0.0, 3) [0.29652588733394925 0.00475194893406736 0.006000596931199031] 5 322.3505358695984s
2022-05-19 00:27:56.241099 (1.0, 100000.0, 16, 10.0, 0.3, 0.292, 0.0, 3) [0.18143331823878417 0.002879779544748013 0.012202498951058374] 5 1176.9412224292755s
2022-05-19 00:29:26.567013 (1.0, 100000.0, 13, 10.0, 0.3, 0.26, 0.0, 3) [0.27670002442989716 0.0046724891669560524 0.003065842404945817] 5 551.2385513782501s
2022-05-19 00:31:45.027503 (1.0, 100000.0, 11, 10.0, 0.3, 0.273, 0.0, 3) [0.2987013685602986 0.0039035445915019834 0.0057483655256278235] 5 319.9162178039551s
2022-05-19 00:35:05.841957 (1.0, 100000.0, 14, 10.0, 0.3, 0.265, 0.0, 3) [0.2535185690598228 0.004093013364707116 0.00337694234251656] 5 664.6812119483948s
2022-05-19 00:37:04.911164 (1.0, 100000.0, 11, 10.0, 0.3, 0.273, 0.0, 3) [0.2952902887613004 0.004206566801548327 0.006179869117629771] 5 319.72976088523865s
2022-05-19 00:37:12.103070 (1.0, 100000.0, 15, 10.0, 0.3, 0.25, 0.0, 3) [0.2661948586361498 0.0034649198491080698 0.0013899031899855428] 5 966.8376560211182s
2022-05-19 00:38:37.527870 (1.0, 100000.0, 13, 10.0, 0.3, 0.26, 0.0, 3) [0.28112303720511833 0.004847962390223244 0.002738061239785228] 5 550.9566195011139s
2022-05-19 00:46:10.454643 (1.0, 100000.0, 14, 10.0, 0.3, 0.265, 0.0, 3) [0.25419768830192035 0.005183710853516796 0.0033042278419005526] 5 664.5907511711121s
2022-05-19 00:47:30.082180 (1.0, 100000.0, 16, 10.0, 0.3, 0.28, 0.0, 3) [0.2072689371004963 0.004264696902020951 0.005377018601870704] 5 1170.4660029411316s
2022-05-19 00:47:48.922823 (1.0, 100000.0, 13, 10.0, 0.3, 0.26, 0.0, 3) [0.2804033838355852 0.0057519375573464124 0.0027849403364550566] 5 551.3910667896271s
2022-05-19 00:53:21.591956 (1.0, 100000.0, 15, 10.0, 0.3, 0.25, 0.0, 3) [0.266859537615897 0.005571419323896083 0.001359244278217142] 5 969.4858603477478s
2022-05-19 00:57:04.495336 (1.0, 100000.0, 13, 10.0, 0.3, 0.26, 0.0, 3) [0.27505560469853346 0.003545945953857183 0.003197520736952509] 5 555.5698614120483s
2022-05-19 00:57:19.292308 (1.0, 100000.0, 14, 10.0, 0.3, 0.265, 0.0, 3) [0.2531751445815852 0.00509350173185709 0.003406407397315281] 5 668.8000361919403s
2022-05-19 01:06:20.022261 (1.0, 100000.0, 13, 10.0, 0.3, 0.273, 0.0, 3) [0.2596704435276418 0.0030517937123608874 0.0047794343496211774] 5 552.2765729427338s
2022-05-19 01:07:35.197930 (1.0, 100000.0, 16, 10.0, 0.3, 0.28, 0.0, 3) [0.2070988295561749 0.00462301377844787 0.005398072393144764] 5 1205.0314955711365s
2022-05-19 01:08:31.589077 (1.0, 100000.0, 14, 10.0, 0.3, 0.265, 0.0, 3) [0.25457626406265715 0.003095845805089631 0.003272233661446808] 5 672.2940139770508s
2022-05-19 01:09:33.057480 (1.0, 100000.0, 15, 10.0, 0.3, 0.27, 0.0, 3) [0.2292496626421086 0.003599468487874855 0.00419506156586896] 5 967.5301039218903s
2022-05-19 01:15:25.120057 (1.0, 100000.0, 13, 10.0, 0.3, 0.273, 0.0, 3) [0.25722946693564874 0.004930249381949608 0.005086632777874344] 5 545.08686876297s
2022-05-19 01:20:18.235041 (1.0, 100000.0, 14, 10.0, 0.3, 0.26, 0.0, 3) [0.2571968457601244 0.004848239737331804 0.003036331506131094] 5 703.2062406539917s
2022-05-19 01:24:30.412441 (1.0, 100000.0, 13, 10.0, 0.3, 0.273, 0.0, 3) [0.26046079691316854 0.004173413353337023 0.004687769382039418] 5 545.286336183548s
2022-05-19 01:25:10.233103 (1.0, 100000.0, 15, 10.0, 0.3, 0.27, 0.0, 3) [0.22942861860958333 0.004436542249417771 0.004179987175338838] 5 937.1731543540955s
2022-05-19 01:28:20.625043 (1.0, 100000.0, 16, 10.0, 0.3, 0.28, 0.0, 3) [0.20243595690257032 0.004476886621652235 0.006255542574586246] 5 1245.4195697307587s
2022-05-19 01:31:47.489204 (1.0, 100000.0, 14, 10.0, 0.3, 0.26, 0.0, 3) [0.2621121578527882 0.005302563610368822 0.00265220150312435] 5 689.2511746883392s
2022-05-19 01:33:42.940930 (1.0, 100000.0, 13, 10.0, 0.3, 0.273, 0.0, 3) [0.2611445727772187 0.004985644776934463 0.0046006994316644635] 5 552.5255725383759s
2022-05-19 01:40:54.504919 (1.0, 100000.0, 15, 10.0, 0.3, 0.27, 0.0, 3) [0.23314990418746223 0.0027340428278336583 0.003740343891406541] 5 944.2688634395599s
2022-05-19 01:42:56.533420 (1.0, 100000.0, 13, 10.0, 0.3, 0.273, 0.0, 3) [0.25755244705530106 0.006427155414528729 0.005042615676320681] 5 553.5891089439392s
2022-05-19 01:43:18.008364 (1.0, 100000.0, 14, 10.0, 0.3, 0.26, 0.0, 3) [0.2612531208548874 0.00492952596027985 0.002718706470304691] 5 690.5155532360077s
2022-05-19 01:52:21.713621 (1.0, 100000.0, 16, 10.0, 0.3, 0.28, 0.0, 3) [0.20169411034615392 0.002610330059755703 0.0063930604652060775] 5 1441.0857400894165s
2022-05-19 01:54:45.813385 (1.0, 100000.0, 14, 10.0, 0.3, 0.26, 0.0, 3) [0.26526385974805 0.003636092566885488 0.002436207765858055] 5 687.8026006221771s
2022-05-19 01:55:44.580319 (1.0, 100000.0, 13, 10.0, 0.3, 0.292, 0.0, 3) [0.23202781498826425 0.00636816218203382 0.00979032374254676] 5 590.2364542484283s
2022-05-19 01:56:31.685882 (1.0, 100000.0, 15, 10.0, 0.3, 0.27, 0.0, 3) [0.2354034775838598 0.003594735712459075 0.003502762659715228] 5 937.1784002780914s
2022-05-19 02:05:28.763886 (1.0, 100000.0, 13, 10.0, 0.3, 0.292, 0.0, 3) [0.22803801594229917 0.004198010448519602 0.010849506348053647] 5 584.1810791492462s
2022-05-19 02:06:07.711905 (1.0, 100000.0, 14, 10.0, 0.3, 0.26, 0.0, 3) [0.26241776267700545 0.00452174247723351 0.0026307457020550563] 5 681.8959009647369s
2022-05-19 02:12:15.796187 (1.0, 100000.0, 15, 10.0, 0.3, 0.27, 0.0, 3) [0.23041285892087535 0.004330691332140462 0.0040551360771964974] 5 944.1072697639465s
2022-05-19 02:15:10.131609 (1.0, 100000.0, 13, 10.0, 0.3, 0.292, 0.0, 3) [0.2273292881442444 0.002771902195282119 0.011051239403813579] 5 581.3650779724121s
2022-05-19 02:16:25.792496 (1.0, 100000.0, 16, 10.0, 0.3, 0.28, 0.0, 3) [0.20841394320827403 0.003921388240027524 0.005171205480771762] 5 1444.0731794834137s
2022-05-19 02:17:42.247635 (1.0, 100000.0, 14, 10.0, 0.3, 0.292, 0.0, 3) [0.2128402655652319 0.0036203925313189264 0.010529131744218352] 5 686.1173648834229s
2022-05-19 02:24:53.788599 (1.0, 100000.0, 13, 10.0, 0.3, 0.292, 0.0, 3) [0.22997698300892525 0.003972191227145165 0.010314497204641013] 5 583.6545629501343s
2022-05-19 02:27:49.732952 (1.0, 100000.0, 15, 10.0, 0.3, 0.26, 0.0, 3) [0.24719489094048513 0.003827621153074986 0.002453029466891898] 5 928.7148497104645s
2022-05-19 02:29:04.505070 (1.0, 100000.0, 14, 10.0, 0.3, 0.292, 0.0, 3) [0.2149882979595689 0.00476691548615766 0.009922333932740602] 5 682.2543656826019s
2022-05-19 02:34:36.504835 (1.0, 100000.0, 13, 10.0, 0.3, 0.292, 0.0, 3) [0.2291335594516705 0.007576065136391607 0.010526817123406036] 5 582.7122983932495s
2022-05-19 02:39:52.936203 (1.0, 100000.0, 16, 10.0, 0.3, 0.262, 0.0, 3) [0.2322405504911751 0.004499860362962154 0.0024130494635220654] 5 1400.767233133316s
2022-05-19 02:40:25.215738 (1.0, 100000.0, 14, 10.0, 0.3, 0.292, 0.0, 3) [0.21275811419750676 0.005123128861866012 0.010542412566942633] 5 680.706552028656s
2022-05-19 02:43:17.809481 (1.0, 100000.0, 15, 10.0, 0.3, 0.26, 0.0, 3) [0.24841859715724104 0.004445238311066177 0.002364876024582571] 5 928.0741600990295s
2022-05-19 02:44:17.454121 (1.0, 100000.0, 13, 10.0, 0.3, 0.27, 0.0, 3) [0.2631522844388699 0.003751452157060899 0.00436491846924827] 5 577.1851329803467s
2022-05-19 02:51:44.831861 (1.0, 100000.0, 14, 10.0, 0.3, 0.292, 0.0, 3) [0.2147351138349885 0.003998711207101355 0.009989262889752026] 5 679.6136848926544s
2022-05-19 02:53:43.545569 (1.0, 100000.0, 13, 10.0, 0.3, 0.27, 0.0, 3) [0.26463185489318103 0.004160692747472754 0.004198414641320093] 5 566.0888051986694s
2022-05-19 02:58:46.131551 (1.0, 100000.0, 15, 10.0, 0.3, 0.26, 0.0, 3) [0.24553840761348456 0.0028926814213567423 0.002578204506514141] 5 928.3123741149902s
2022-05-19 03:01:01.186670 (1.0, 100000.0, 16, 10.0, 0.3, 0.262, 0.0, 3) [0.22974206264320324 0.0030052468847570507 0.0026114103460898423] 5 1268.2483923435211s
2022-05-19 03:02:52.057536 (1.0, 100000.0, 12, 10.0, 0.3, 0.239, 0.0, 3) [0.3322965260452018 0.0038460178454278013 0.0014061245061532624] 5 27111.428244113922s
2022-05-19 03:03:04.782472 (1.0, 100000.0, 14, 10.0, 0.3, 0.292, 0.0, 3) [0.21421599735101143 0.003977810515345101 0.010113581256144635] 5 679.9455878734589s
2022-05-19 03:03:08.989976 (1.0, 100000.0, 13, 10.0, 0.3, 0.27, 0.0, 3) [0.26100845690295005 0.005543689204111595 0.004608665138968859] 5 565.4417765140533s
2022-05-19 03:12:35.946885 (1.0, 100000.0, 13, 10.0, 0.3, 0.27, 0.0, 3) [0.260944478688139 0.0051227521485054765 0.00460911423889322] 5 566.9542808532715s
2022-05-19 03:14:12.015654 (1.0, 100000.0, 15, 10.0, 0.3, 0.26, 0.0, 3) [0.250168253534992 0.005753014275327787 0.0022470990965682966] 5 925.8814821243286s
2022-05-19 03:14:56.885967 (1.0, 100000.0, 14, 10.0, 0.3, 0.25, 0.0, 3) [0.27771243025839004 0.005073903431254489 0.001714789344436433] 5 704.8637480735779s
2022-05-19 03:21:11.269314 (1.0, 100000.0, 16, 10.0, 0.3, 0.262, 0.0, 3) [0.2342059769372385 0.0042719722792357445 0.002273948908036696] 5 1210.0790331363678s
2022-05-19 03:22:05.789198 (1.0, 100000.0, 13, 10.0, 0.3, 0.27, 0.0, 3) [0.2618484411379314 0.0057503905212652195 0.00451472872870368] 5 569.8086621761322s
2022-05-19 03:26:19.483883 (1.0, 100000.0, 14, 10.0, 0.3, 0.25, 0.0, 3) [0.2775793919272408 0.0034010311556055854 0.001720010224680661] 5 682.5955135822296s
2022-05-19 03:29:41.776176 (1.0, 100000.0, 15, 10.0, 0.3, 0.26, 0.0, 3) [0.246203330670456 0.003880421922727214 0.002527796063823216] 5 929.7409114837646s
2022-05-19 03:31:57.980623 (1.0, 100000.0, 13, 10.0, 0.3, 0.239, 0.0, 3) [0.3101800128224685 0.005492914616483755 0.001282277729268081] 5 587.9416763782501s
2022-05-19 03:37:39.789831 (1.0, 100000.0, 14, 10.0, 0.3, 0.25, 0.0, 3) [0.2830471046150222 0.006718233000158935 0.001478234725782141] 5 680.2955524921417s
2022-05-19 03:41:27.591834 (1.0, 100000.0, 16, 10.0, 0.3, 0.262, 0.0, 3) [0.22779799637408737 0.004603086027068687 0.0027781846979870067] 5 1216.2843413352966s
2022-05-19 03:41:36.266650 (1.0, 100000.0, 13, 10.0, 0.3, 0.239, 0.0, 3) [0.3186006456324464 0.002719577689942262 0.0010331948013086272] 5 578.2689144611359s
2022-05-19 03:45:41.945395 (1.0, 100000.0, 15, 10.0, 0.3, 0.28, 0.0, 3) [0.21447356382710794 0.005633788623104588 0.006550743648461806] 5 955.6264579296112s
2022-05-19 03:49:00.421387 (1.0, 100000.0, 14, 10.0, 0.3, 0.25, 0.0, 3) [0.2819683109857683 0.0049101091469738265 0.0015255486676122305] 5 680.6138043403625s
2022-05-19 03:51:14.219886 (1.0, 100000.0, 13, 10.0, 0.3, 0.239, 0.0, 3) [0.31169727256277807 0.004615891205011216 0.0012327531160481844] 5 577.9509625434875s
2022-05-19 04:00:20.707664 (1.0, 100000.0, 14, 10.0, 0.3, 0.25, 0.0, 3) [0.27632617097162915 0.0043817486883829795 0.0017797525729852306] 5 680.2598786354065s
2022-05-19 04:00:51.018039 (1.0, 100000.0, 13, 10.0, 0.3, 0.239, 0.0, 3) [0.3143395792377292 0.00522587699843339 0.0011529059749963567] 5 576.7932136058807s
2022-05-19 04:01:28.933439 (1.0, 100000.0, 15, 10.0, 0.3, 0.28, 0.0, 3) [0.2148734325677785 0.0027056869438797583 0.006444720027900385] 5 946.9656791687012s
2022-05-19 04:03:04.188927 (1.0, 100000.0, 16, 10.0, 0.3, 0.262, 0.0, 3) [0.22819111460571917 0.004519413348461976 0.0027465131379284433] 5 1296.5925896167755s
2022-05-19 04:10:28.432441 (1.0, 100000.0, 13, 10.0, 0.3, 0.239, 0.0, 3) [0.31237369774999924 0.006522141947358911 0.0012144550163404476] 5 577.411679983139s
2022-05-19 04:12:41.998123 (1.0, 100000.0, 14, 10.0, 0.3, 0.268, 0.0, 3) [0.25199339325328673 0.006617240237421919 0.0035189308780769674] 5 736.2088553905487s
2022-05-19 04:16:58.417002 (1.0, 100000.0, 15, 10.0, 0.3, 0.28, 0.0, 3) [0.21685162662348947 0.004490756032903912 0.0061026818005632325] 5 929.4805834293365s
2022-05-19 04:24:14.725946 (1.0, 100000.0, 14, 10.0, 0.3, 0.268, 0.0, 3) [0.24721965707216567 0.005767020498630629 0.004012928419063154] 5 692.7254791259766s
2022-05-19 04:24:35.087100 (1.0, 100000.0, 16, 10.0, 0.3, 0.239, 0.0, 3) [0.2657905121655768 0.003563737921541201 0.000823790873063865] 5 1286.771565914154s
2022-05-19 04:32:13.683193 (1.0, 100000.0, 15, 10.0, 0.3, 0.28, 0.0, 3) [0.21485469849236555 0.0046129052167445395 0.006460943770665175] 5 915.2546589374542s
2022-05-19 04:35:50.957278 (1.0, 100000.0, 14, 10.0, 0.3, 0.268, 0.0, 3) [0.25012632611946267 0.00566218120282591 0.0037106075058720802] 5 696.2150461673737s
2022-05-19 04:44:26.068584 (1.0, 100000.0, 16, 10.0, 0.3, 0.239, 0.0, 3) [0.2726319040803937 0.004436618818341955 0.0006624551214492367] 5 1190.9728198051453s
2022-05-19 04:47:26.924985 (1.0, 100000.0, 14, 10.0, 0.3, 0.268, 0.0, 3) [0.251109590009637 0.003963927073906898 0.00361896129773593] 5 695.9637115001678s
2022-05-19 04:47:30.547878 (1.0, 100000.0, 15, 10.0, 0.3, 0.28, 0.0, 3) [0.21716526767250183 0.003948260415339412 0.00602930864380201] 5 916.8486440181732s
2022-05-19 04:58:59.315537 (1.0, 100000.0, 14, 10.0, 0.3, 0.268, 0.0, 3) [0.24912656435737143 0.003611335602311539 0.003809127089098291] 5 692.3876650333405s
2022-05-19 05:03:50.008300 (1.0, 100000.0, 15, 10.0, 0.3, 0.292, 0.0, 3) [0.20127606074321922 0.003643131376635163 0.009719516209158376] 5 967.623717546463s
2022-05-19 05:04:04.572861 (1.0, 100000.0, 16, 10.0, 0.3, 0.239, 0.0, 3) [0.272365297846433 0.00550540377101591 0.0006690085734522742] 5 1178.5014581680298s
2022-05-19 05:10:27.257759 (1.0, 100000.0, 14, 10.0, 0.3, 0.262, 0.0, 3) [0.258285337335089 0.005518328954297854 0.002948061614206382] 5 682.9148938655853s
2022-05-19 05:19:32.384507 (1.0, 100000.0, 15, 10.0, 0.3, 0.292, 0.0, 3) [0.19833735717733067 0.003122443253877268 0.010593371560129] 5 942.3730032444s
2022-05-19 05:21:18.294670 (1.0, 100000.0, 14, 10.0, 0.3, 0.262, 0.0, 3) [0.258103136497552 0.004674744233145091 0.0029637176757406135] 5 651.0347068309784s
2022-05-19 05:23:44.708467 (1.0, 100000.0, 16, 10.0, 0.3, 0.239, 0.0, 3) [0.27109077591884445 0.0034805238264575163 0.0006967249985761999] 5 1180.132111787796s
2022-05-19 05:32:10.423086 (1.0, 100000.0, 14, 10.0, 0.3, 0.262, 0.0, 3) [0.25811153513810947 0.004252061592321001 0.0029607619857610233] 5 652.1257050037384s
2022-05-19 05:35:15.367054 (1.0, 100000.0, 15, 10.0, 0.3, 0.292, 0.0, 3) [0.1949128298264895 0.0037392776836203422 0.011715286454962568] 5 942.9779567718506s
2022-05-19 05:43:07.254898 (1.0, 100000.0, 14, 10.0, 0.3, 0.262, 0.0, 3) [0.25949357037943366 0.0035991125462852503 0.0028517574701848554] 5 656.8289604187012s
2022-05-19 05:43:22.228157 (1.0, 100000.0, 16, 10.0, 0.3, 0.239, 0.0, 3) [0.2715772213310029 0.0028042504783105378 0.0006855160113161652] 5 1177.513133764267s
2022-05-19 05:51:04.553573 (1.0, 100000.0, 15, 10.0, 0.3, 0.292, 0.0, 3) [0.19768119897085806 0.0027542648114766786 0.010794919251669354] 5 949.1833786964417s
2022-05-19 05:54:04.264425 (1.0, 100000.0, 14, 10.0, 0.3, 0.262, 0.0, 3) [0.258597801095555 0.0029502369768904654 0.002931291929085997] 5 657.0063042640686s
2022-05-19 06:03:46.522741 (1.0, 100000.0, 16, 10.0, 0.3, 0.268, 0.0, 3) [0.21927901259697205 0.0035078028801891863 0.0036440695071097633] 5 1215.4623177051544s
2022-05-19 06:06:28.954767 (1.0, 100000.0, 15, 10.0, 0.3, 0.292, 0.0, 3) [0.19876707875133656 0.003484208941117101 0.010454756103848233] 5 924.3987483978271s
2022-05-19 06:21:29.876968 (1.0, 100000.0, 15, 10.0, 0.3, 0.273, 0.0, 3) [0.22672735613646736 0.0028767343489828736 0.004532244709953688] 5 896.4189729690552s
2022-05-19 06:25:12.218814 (1.0, 100000.0, 16, 10.0, 0.3, 0.268, 0.0, 3) [0.22407761053135478 0.005967396604287234 0.003141273768143914] 5 1285.6915819644928s
2022-05-19 06:36:02.641483 (1.0, 100000.0, 15, 10.0, 0.3, 0.273, 0.0, 3) [0.2265385620024506 0.0036063161457054846 0.004549637290066605] 5 872.7608451843262s
2022-05-19 06:46:44.777046 (1.0, 100000.0, 16, 10.0, 0.3, 0.268, 0.0, 3) [0.22112470188147282 0.0025825044066582173 0.0034432043075889054] 5 1292.551498413086s
2022-05-19 06:50:36.494656 (1.0, 100000.0, 15, 10.0, 0.3, 0.273, 0.0, 3) [0.2264599734216291 0.0027823325629968113 0.004565806451665708] 5 873.8500699996948s
2022-05-19 07:05:09.868217 (1.0, 100000.0, 15, 10.0, 0.3, 0.273, 0.0, 3) [0.22759523140375013 0.004655103187183117 0.0044182588975015084] 5 873.3706827163696s
2022-05-19 07:08:13.114697 (1.0, 100000.0, 16, 10.0, 0.3, 0.268, 0.0, 3) [0.22399134238588408 0.004045304142659998 0.003142576786583974] 5 1288.3280575275421s
2022-05-19 07:19:44.717305 (1.0, 100000.0, 15, 10.0, 0.3, 0.273, 0.0, 3) [0.2255002066004084 0.0024049132243411505 0.004700066926890456] 5 874.8462235927582s
2022-05-19 07:29:13.652339 (1.0, 100000.0, 16, 10.0, 0.3, 0.268, 0.0, 3) [0.21890098317026255 0.00535106218577165 0.003691535710827491] 5 1260.5348422527313s
2022-05-19 07:29:46.137292 (1.0, 100000.0, 12, 10.0, 0.3, 0.239, 0.0, 3) [0.33395995089664793 0.006717589454214987 0.001351812847615657] 5 16014.076759815216s
2022-05-19 07:35:14.430108 (1.0, 100000.0, 15, 10.0, 0.3, 0.239, 0.0, 3) [0.2809922520784861 0.004796404895393011 0.0008884124561900158] 5 922.1764371395111s
2022-05-19 07:45:09.464363 (1.0, 100000.0, 12, 10.0, 0.3, 0.239, 0.0, 3) [0.33416200189908857 0.0036113132361780976 0.0013473160881560687] 5 923.3226895332336s
2022-05-19 07:49:39.819775 (1.0, 100000.0, 15, 10.0, 0.3, 0.239, 0.0, 3) [0.2817302078765684 0.004756785945911958 0.0008695934018553191] 5 865.3664422035217s
2022-05-19 07:51:27.706468 (1.0, 100000.0, 16, 10.0, 0.3, 0.257, 0.0, 3) [0.24013728126339556 0.003691352590069738 0.0018740698288560959] 5 1329.5358831882477s
2022-05-19 07:54:19.871177 (1.0, 100000.0, 12, 10.0, 0.3, 0.239, 0.0, 3) [0.3355784508983962 0.007050394485449125 0.0013010237180582467] 5 550.4035198688507s
2022-05-19 08:04:05.197477 (1.0, 100000.0, 15, 10.0, 0.3, 0.239, 0.0, 3) [0.28145878315633976 0.005134136040226319 0.0008768440876394282] 5 865.3597502708435s
2022-05-19 08:12:04.727359 (1.0, 100000.0, 12, 10.0, 0.3, 0.239, 0.0, 3) [0.3314927815289546 0.0032035408630472456 0.0014352211531022771] 5 1064.8534181118011s
2022-05-19 08:12:09.585762 (1.0, 100000.0, 16, 10.0, 0.3, 0.257, 0.0, 3) [0.24208721850267748 0.004933320062112026 0.0017612535089157522] 5 1241.876910686493s
2022-05-19 08:18:30.585636 (1.0, 100000.0, 15, 10.0, 0.3, 0.239, 0.0, 3) [0.283871304959664 0.004317615305798626 0.0008176421888259126] 5 865.3852882385254s
2022-05-19 08:32:56.819751 (1.0, 100000.0, 15, 10.0, 0.3, 0.239, 0.0, 3) [0.28145443386044156 0.002988605312857805 0.0008779367001817474] 5 866.2314095497131s
2022-05-19 08:33:17.506400 (1.0, 100000.0, 16, 10.0, 0.3, 0.257, 0.0, 3) [0.240665701086777 0.0044617462910666456 0.0018436089080458636] 5 1267.9177453517914s
2022-05-19 08:48:05.726700 (1.0, 100000.0, 15, 10.0, 0.3, 0.257, 0.0, 3) [0.2573396949920244 0.0036554258152378507 0.001814874588404822] 5 902.0675210952759s
2022-05-19 08:53:43.447277 (1.0, 100000.0, 16, 10.0, 0.3, 0.257, 0.0, 3) [0.2399669867916532 0.002805766127860358 0.0018838850031784504] 5 1225.938222169876s
2022-05-19 09:02:41.558407 (1.0, 100000.0, 15, 10.0, 0.3, 0.257, 0.0, 3) [0.24972942542250318 0.003164713475334646 0.00226951417852309] 5 875.8291919231415s
2022-05-19 09:14:47.821425 (1.0, 100000.0, 16, 10.0, 0.3, 0.257, 0.0, 3) [0.23778464589306733 0.004930447352447311 0.0020223479903576794] 5 1264.363183259964s
2022-05-19 09:16:20.181144 (1.0, 100000.0, 12, 10.0, 0.3, 0.262, 0.0, 3) [0.2935970057980231 0.0035499664366559565 0.00355786038030274] 5 3848.2838037014008s
2022-05-19 09:17:16.855679 (1.0, 100000.0, 15, 10.0, 0.3, 0.257, 0.0, 3) [0.24967629137592154 0.0034333976750994706 0.0022755038422449677] 5 875.294536113739s
2022-05-19 09:31:53.758738 (1.0, 100000.0, 15, 10.0, 0.3, 0.257, 0.0, 3) [0.25425320725381256 0.0054544721789364405 0.0019863737516429784] 5 876.9001705646515s
2022-05-19 09:38:42.891831 (1.0, 100000.0, 12, 10.0, 0.3, 0.262, 0.0, 3) [0.2923513960080175 0.004650707180480792 0.003668986822570417] 5 1342.7086527347565s
2022-05-19 09:42:50.271391 (1.0, 100000.0, 16, 10.0, 0.3, 0.273, 0.0, 3) [0.21055768666922126 0.004459385781915382 0.004823282139203956] 5 1674.4801473617554s
2022-05-19 09:46:31.015920 (1.0, 100000.0, 15, 10.0, 0.3, 0.257, 0.0, 3) [0.2540773728096915 0.0040270107130991484 0.001995984481276248] 5 877.2545008659363s
2022-05-19 09:52:27.227379 (1.0, 100000.0, 12, 10.0, 0.3, 0.262, 0.0, 3) [0.294858163538998 0.00441167193129676 0.0034586653677984216] 5 824.3327822685242s
2022-05-19 10:06:34.631503 (1.0, 100000.0, 16, 10.0, 0.3, 0.273, 0.0, 3) [0.21459996638088874 0.0049635931199950864 0.0042412640425563775] 5 1424.3548645973206s
2022-05-19 10:09:52.765473 (1.0, 100000.0, 12, 10.0, 0.3, 0.262, 0.0, 3) [0.29654504718876185 0.005778484376665324 0.003325575936683554] 5 1045.535667181015s
2022-05-19 10:26:49.213677 (1.0, 100000.0, 12, 10.0, 0.3, 0.262, 0.0, 3) [0.29327799645457614 0.00333390526915552 0.003587217234746314] 5 1016.4455354213715s
2022-05-19 10:31:00.712988 (1.0, 100000.0, 16, 10.0, 0.3, 0.273, 0.0, 3) [0.2108042625935785 0.003672143344086142 0.004777209605468022] 5 1466.0784935951233s
2022-05-19 10:52:22.193722 (1.0, 100000.0, 12, 10.0, 0.3, 0.27, 0.0, 3) [0.2809094579087865 0.005236378552746815 0.004821148513703389] 5 1529.613783121109s
2022-05-19 10:54:51.791690 (1.0, 100000.0, 16, 10.0, 0.3, 0.273, 0.0, 3) [0.21027086514078022 0.005385747078883738 0.004863077499079893] 5 1431.0761940479279s
2022-05-19 11:18:47.024077 (1.0, 100000.0, 16, 10.0, 0.3, 0.273, 0.0, 3) [0.2176687311629768 0.003752552056382943 0.0038473439810099374] 5 1435.2295429706573s
2022-05-19 11:32:28.277390 (1.0, 100000.0, 12, 10.0, 0.3, 0.27, 0.0, 3) [0.2817835888821683 0.0035355890351423088 0.004727455990521688] 5 2406.0814995765686s
2022-05-19 11:39:07.962081 (1.0, 100000.0, 16, 10.0, 0.3, 0.27, 0.0, 3) [0.21815943091235332 0.005422304526060682 0.003786788950792388] 5 1202.6750266551971s
2022-05-19 11:54:19.323698 (1.0, 100000.0, 12, 10.0, 0.3, 0.27, 0.0, 3) [0.2852060347569049 0.005697771978432901 0.004357183604315084] 5 1311.0435404777527s
2022-05-19 11:58:46.971360 (1.0, 100000.0, 16, 10.0, 0.3, 0.27, 0.0, 3) [0.22143614739995174 0.005699520594563827 0.0034144466986228807] 5 1178.9854583740234s
2022-05-19 12:16:58.777101 (1.0, 100000.0, 12, 10.0, 0.3, 0.27, 0.0, 3) [0.28015808372222467 0.006688783202868883 0.004906244225744183] 5 1359.449455499649s
2022-05-19 12:18:42.186961 (1.0, 100000.0, 16, 10.0, 0.3, 0.27, 0.0, 3) [0.21906439692829655 0.003205989773774818 0.0036741711079477245] 5 1195.1532649993896s
2022-05-19 12:28:31.613571 (1.0, 100000.0, 12, 10.0, 0.3, 0.27, 0.0, 3) [0.28414100329715675 0.0050496879508843415 0.004481470380013136] 5 692.8338704109192s
2022-05-19 12:39:14.962047 (1.0, 100000.0, 16, 10.0, 0.3, 0.27, 0.0, 3) [0.21595939622754845 0.0036322497192272634 0.0040526981914336775] 5 1232.771098613739s
2022-05-19 12:59:04.499385 (1.0, 100000.0, 16, 10.0, 0.3, 0.27, 0.0, 3) [0.2157315133791857 0.006840096329550828 0.004086500351255301] 5 1189.5031654834747s
2022-05-19 13:21:40.038498 (1.0, 100000.0, 16, 10.0, 0.3, 0.25, 0.0, 3) [0.24851714388624332 0.005383761846795114 0.0014301723043010303] 5 1337.3859367370605s
2022-05-19 13:34:27.606524 (1.0, 100000.0, 12, 10.0, 0.3, 0.28, 0.0, 3) [0.26719650064828704 0.004313484782899922 0.006713981041418087] 5 3952.3981425762177s
2022-05-19 13:41:30.849563 (1.0, 100000.0, 16, 10.0, 0.3, 0.25, 0.0, 3) [0.24477921682225187 0.004619427679556474 0.00160992378332428] 5 1190.8082728385925s
2022-05-19 14:01:04.024231 (1.0, 100000.0, 16, 10.0, 0.3, 0.25, 0.0, 3) [0.25266155315877187 0.005157027379048296 0.0012550922731393234] 5 1173.170429944992s
2022-05-19 14:02:58.645283 (1.0, 100000.0, 12, 10.0, 0.3, 0.28, 0.0, 3) [0.2650512923704417 0.006319123628255348 0.007048932560167598] 5 1711.0361411571503s
2022-05-19 14:20:38.201886 (1.0, 100000.0, 16, 10.0, 0.3, 0.25, 0.0, 3) [0.25311184245386814 0.0035683127501520504 0.001240336011766718] 5 1174.1749515533447s
2022-05-19 14:22:11.693439 (1.0, 100000.0, 12, 10.0, 0.3, 0.28, 0.0, 3) [0.2632703712225703 0.004984406584816168 0.007347529798148356] 5 1153.0452098846436s
2022-05-19 14:35:56.591889 (1.0, 100000.0, 12, 10.0, 0.3, 0.28, 0.0, 3) [0.26783521213915173 0.003992765676751384 0.006604152800174943] 5 824.8898284435272s
2022-05-19 14:40:06.072575 (1.0, 100000.0, 16, 10.0, 0.3, 0.25, 0.0, 3) [0.25533925570508953 0.005625925349290502 0.0011548367847947912] 5 1167.867784500122s
2022-05-19 14:46:11.313062 (1.0, 100000.0, 12, 10.0, 0.3, 0.28, 0.0, 3) [0.2660932367722305 0.003907038227304412 0.006874167276890172] 5 614.7152652740479s
2022-05-19 15:41:02.495178 (1.0, 100000.0, 12, 10.0, 0.3, 0.268, 0.0, 3) [0.2819174651674106 0.005001506679567824 0.0047106607533817894] 5 3287.6375427246094s
2022-05-19 15:58:26.022856 (1.0, 100000.0, 12, 10.0, 0.3, 0.268, 0.0, 3) [0.2822809253075425 0.0072220040575012 0.004666276770628579] 5 1043.5080735683441s
2022-05-19 16:20:37.487864 (1.0, 100000.0, 12, 10.0, 0.3, 0.268, 0.0, 3) [0.28642288864053955 0.004926735024623753 0.00423360908439874] 5 1331.452203989029s
2022-05-19 16:29:39.203657 (1.0, 100000.0, 12, 10.0, 0.3, 0.268, 0.0, 3) [0.2876624804717989 0.0045448285728867535 0.004106922909264881] 5 541.6802644729614s
2022-05-19 16:49:41.727778 (1.0, 100000.0, 12, 10.0, 0.3, 0.268, 0.0, 3) [0.28294274802704095 0.004802463179025706 0.004589023284248688] 5 1202.4932179450989s
2022-05-19 17:13:03.956523 (1.0, 100000.0, 12, 10.0, 0.3, 0.292, 0.0, 3) [0.24742223617687714 0.003591553222663271 0.0107489602071954] 5 1398.9458265304565s
2022-05-19 17:32:37.541004 (1.0, 100000.0, 12, 10.0, 0.3, 0.292, 0.0, 3) [0.24705041850930637 0.003650569497342989 0.010848484318699168] 5 1173.5544941425323s
2022-05-19 18:55:09.563278 (1.0, 100000.0, 12, 10.0, 0.3, 0.292, 0.0, 3) [0.24894475331254998 0.003804480617491913 0.010401613346693176] 5 4931.8994576931s
2022-05-19 19:08:12.766176 (1.0, 100000.0, 12, 10.0, 0.3, 0.292, 0.0, 3) [0.24847407295390758 0.003080534468426651 0.010490067803335971] 5 770.4870154857635s
2022-05-19 19:22:42.891669 (1.0, 100000.0, 12, 10.0, 0.3, 0.292, 0.0, 3) [0.24541252703829508 0.004240682562579695 0.011283230219450123] 5 865.5352869033813s
2022-05-19 19:47:06.976799 (1.0, 100000.0, 12, 10.0, 0.3, 0.25, 0.0, 3) [0.3176446981298962 0.003673652959943585 0.0019995276044061728] 5 841.0295083522797s
2022-05-19 19:58:00.557232 (1.0, 100000.0, 12, 10.0, 0.3, 0.25, 0.0, 3) [0.31377413986011354 0.0044661406293207626 0.0021957374026704284] 5 652.9009399414062s
2022-05-19 20:13:54.137822 (1.0, 100000.0, 12, 10.0, 0.3, 0.25, 0.0, 3) [0.31643830494776337 0.005558641450910748 0.0020570917172387767] 5 951.1701338291168s
2022-05-19 20:37:24.471146 (1.0, 100000.0, 12, 10.0, 0.3, 0.25, 0.0, 3) [0.31828207564533334 0.004156560163338046 0.001971118993606367] 5 1409.028964996338s
2022-05-19 20:56:57.759630 (1.0, 100000.0, 12, 10.0, 0.3, 0.25, 0.0, 3) [0.3136081301857609 0.003610160263664999 0.0022078522894009144] 5 1166.622226715088s
2022-05-19 21:30:44.596765 (1.0, 100000.0, 12, 10.0, 0.3, 0.273, 0.0, 3) [0.2769497345722834 0.007193859495610189 0.005321402694796897] 5 1843.112300157547s
2022-05-19 22:40:18.156965 (1.0, 100000.0, 12, 10.0, 0.3, 0.273, 0.0, 3) [0.2800222170552008 0.0039117866023570666 0.004935035100125924] 5 4173.0107181072235s
2022-05-20 00:37:09.564038 (1.0, 100000.0, 12, 10.0, 0.3, 0.273, 0.0, 3) [0.27313836451083773 0.005527186553812973 0.005811196435325475] 5 7010.983062982559s
2022-05-20 00:49:48.787863 (1.0, 100000.0, 12, 10.0, 0.3, 0.273, 0.0, 3) [0.2731726622735487 0.004278612467977756 0.005802862168583421] 5 759.2067925930023s
2022-05-20 01:21:18.796785 (1.0, 100000.0, 12, 10.0, 0.3, 0.273, 0.0, 3) [0.2734222595693647 0.0059125560632231995 0.0057665685818091734] 5 1889.998123884201s
2022-05-20 02:07:52.106958 (1.0, 100000.0, 12, 10.0, 0.3, 0.26, 0.0, 3) [0.2976402987333124 0.005723285400057531 0.0032318348051123547] 5 2753.7760264873505s
2022-05-20 02:34:30.939927 (1.0, 100000.0, 12, 10.0, 0.3, 0.26, 0.0, 3) [0.29888172266784846 0.0032842988319363286 0.00314200519667903] 5 1598.7510306835175s
2022-05-20 03:14:52.951855 (1.0, 100000.0, 12, 10.0, 0.3, 0.26, 0.0, 3) [0.29848283320830915 0.0031778814127766493 0.0031659981319748106] 5 2421.98503780365s
2022-05-20 04:02:33.642549 (1.0, 100000.0, 12, 10.0, 0.3, 0.26, 0.0, 3) [0.29647990438638283 0.004996880942390735 0.003322909337913055] 5 2860.6151497364044s
2022-05-20 04:52:52.176742 (1.0, 100000.0, 12, 10.0, 0.3, 0.26, 0.0, 3) [0.2996938811679909 0.005883759871603441 0.0030824476510864446] 5 3018.4923043251038s
2022-05-20 05:12:49.796919 (1.0, 100000.0, 12, 10.0, 0.3, 0.257, 0.0, 3) [0.3046741872941919 0.0059388067345038445 0.002735108751008496] 5 1193.1173322200775s
2022-05-20 05:23:06.615796 (1.0, 100000.0, 12, 10.0, 0.3, 0.257, 0.0, 3) [0.3046735070055014 0.004492567175252684 0.002735649109106187] 5 616.7975687980652s
2022-05-20 05:52:46.817355 (1.0, 100000.0, 12, 10.0, 0.3, 0.257, 0.0, 3) [0.30075300316320297 0.0022947149511464583 0.0030003686981539056] 5 1780.1987612247467s
2022-05-20 06:11:57.122611 (1.0, 100000.0, 12, 10.0, 0.3, 0.257, 0.0, 3) [0.3021248153359289 0.004290018552494858 0.0029003551611947957] 5 1150.2904238700867s
2022-05-20 06:21:13.945991 (1.0, 100000.0, 12, 10.0, 0.3, 0.257, 0.0, 3) [0.30262974564826073 0.0041810959193615965 0.0028621656899985026] 5 556.820365190506s
2022-05-20 07:21:01.091996 (1.0, 100000.0, 12, 10.0, 0.3, 0.265, 0.0, 3) [0.28506537726588793 0.0058904965509439765 0.004365746367898841] 5 3583.591318130493s
2022-05-20 08:18:22.459054 (1.0, 100000.0, 12, 10.0, 0.3, 0.265, 0.0, 3) [0.28921748586097457 0.0032111633389728736 0.003948505075052511] 5 3441.3395442962646s
2022-05-20 09:29:10.107943 (1.0, 100000.0, 12, 10.0, 0.3, 0.265, 0.0, 3) [0.2848689197657797 0.005268650966272691 0.004390561954294192] 5 4247.578453779221s
2022-05-20 09:58:50.760032 (1.0, 100000.0, 12, 10.0, 0.3, 0.265, 0.0, 3) [0.28930203894195183 0.002853851054949529 0.003945021895788146] 5 1780.626669883728s
2022-05-20 10:44:28.199113 (1.0, 100000.0, 12, 10.0, 0.3, 0.265, 0.0, 3) [0.2922679521923475 0.004633381507276075 0.0036850315341192368] 5 2737.3712911605835s
