2022-06-28 13:56:10.864737 (1.0, 100000.0, 20, 10.0, 0.3, 0.302, 0.0, 3) [0.13667610940492111 0.0026842652218351144 0.0170974687997039] 10 3762.8558876514435s
2022-06-28 14:50:13.080379 (1.0, 100000.0, 20, 10.0, 0.3, 0.302, 0.0, 3) [0.13468301363677623 0.0023525478554184093 0.018506299678831262] 10 3242.1722326278687s
2022-06-28 15:25:26.956550 (1.0, 100000.0, 23, 10.0, 0.3, 0.292, 0.0, 3) [0.12505853456643157 0.003607689674267562 0.01282813185599456] 10 7836.655822277069s
2022-06-28 15:43:40.204807 (1.0, 100000.0, 20, 10.0, 0.3, 0.302, 0.0, 3) [0.13434485413469094 0.003534457947913919 0.01870388698437048] 10 3207.094608068466s
2022-06-28 15:51:23.248851 (1.0, 100000.0, 24, 10.0, 0.3, 0.295, 0.0, 3) [0.11770799753058049 0.004957685154589167 0.014210390343242492] 10 9392.983419895172s
2022-06-28 16:33:04.443263 (1.0, 100000.0, 22, 10.0, 0.3, 0.302, 0.0, 3) [0.11990087718182872 0.0039712338098726666 0.020606127794574953] 10 12836.60141992569s
2022-06-28 16:41:18.089278 (1.0, 100000.0, 20, 10.0, 0.3, 0.302, 0.0, 3) [0.13752007319668103 0.003658398864896506 0.01657120368332428] 10 3457.8601825237274s
2022-06-28 17:25:29.171756 (1.0, 100000.0, 23, 10.0, 0.3, 0.292, 0.0, 3) [0.12735385415461892 0.009443549128668629 0.011587412537496011] 10 7202.1969492435455s
2022-06-28 17:35:39.217094 (1.0, 100000.0, 20, 10.0, 0.3, 0.302, 0.0, 3) [0.13579379167663322 0.002958714217183974 0.01769035486390863] 10 3261.1156680583954s
2022-06-28 17:36:25.538828 (1.0, 100000.0, 21, 10.0, 0.3, 0.304, 0.0, 3) [0.1255174930765226 0.0025549179286501245 0.02073633894718996] 10 16637.67173552513s
2022-06-28 18:08:33.852022 (1.0, 100000.0, 24, 10.0, 0.3, 0.295, 0.0, 3) [0.11841734574594318 0.001988749505820707 0.013744196155655176] 10 8230.599571943283s
2022-06-28 18:32:35.855988 (1.0, 100000.0, 20, 10.0, 0.3, 0.302, 0.0, 3) [0.13693497373990648 0.0030878146487971127 0.01692592366989324] 10 3416.6141295433044s
2022-06-28 19:26:30.870433 (1.0, 100000.0, 20, 10.0, 0.3, 0.302, 0.0, 3) [0.13919383157558915 0.003008672187512106 0.015524026135274796] 10 3235.0008251667023s
2022-06-28 19:27:01.839545 (1.0, 100000.0, 23, 10.0, 0.3, 0.292, 0.0, 3) [0.1294781149283537 0.006351501530654982 0.010486449020350386] 10 7292.656031131744s
2022-06-28 20:03:24.224912 (1.0, 100000.0, 22, 10.0, 0.3, 0.302, 0.0, 3) [0.12094625982989073 0.0028867382596346513 0.019724716967791503] 10 12619.47376871109s
2022-06-28 20:21:56.688817 (1.0, 100000.0, 20, 10.0, 0.3, 0.302, 0.0, 3) [0.13495455827796268 0.00486296077477753 0.018286901823663455] 10 3325.8106639385223s
2022-06-28 20:26:13.444005 (1.0, 100000.0, 24, 10.0, 0.3, 0.295, 0.0, 3) [0.11725185079326778 0.0016774902456190152 0.014545964479163231] 10 8259.578344345093s
2022-06-28 21:15:54.459156 (1.0, 100000.0, 20, 10.0, 0.3, 0.302, 0.0, 3) [0.13154631720122825 0.0018014169314497952 0.020902198913015313] 10 3237.7599754333496s
2022-06-28 21:28:08.954021 (1.0, 100000.0, 23, 10.0, 0.3, 0.292, 0.0, 3) [0.12669355769888874 0.0033549933146280178 0.011903737032844424] 10 7267.111778974533s
2022-06-28 21:49:54.560117 (1.0, 100000.0, 21, 10.0, 0.3, 0.304, 0.0, 3) [0.12586707751159273 0.004628625588300019 0.02041263694674337] 10 15209.019171953201s
2022-06-28 22:09:54.797226 (1.0, 100000.0, 20, 10.0, 0.3, 0.302, 0.0, 3) [0.13553095475462582 0.004932130663539012 0.0179081937298365] 10 3240.191607952118s
2022-06-28 22:43:40.975339 (1.0, 100000.0, 24, 10.0, 0.3, 0.295, 0.0, 3) [0.11817279969673379 0.0034281958789095053 0.013892402721116054] 10 8247.519077062607s
2022-06-28 23:27:58.509002 (1.0, 100000.0, 23, 10.0, 0.3, 0.292, 0.0, 3) [0.12681919997565916 0.004579281677213755 0.011842769203957394] 10 7189.539001226425s
2022-06-28 23:39:49.406286 (1.0, 100000.0, 20, 10.0, 0.3, 0.315, 0.0, 3) [0.11948055087589246 0.0030854215365202276 0.03372758861465063] 10 5390.258632659912s
2022-06-28 23:54:40.295905 (1.0, 100000.0, 22, 10.0, 0.3, 0.302, 0.0, 3) [0.11884902932847467 0.004382457499523835 0.02154486151085583] 10 13876.032843351364s
2022-06-29 01:02:30.085639 (1.0, 100000.0, 24, 10.0, 0.3, 0.295, 0.0, 3) [0.1191143203577034 0.006237934955688052 0.013301148134942164] 10 8329.07951426506s
2022-06-29 01:17:17.563553 (1.0, 100000.0, 21, 10.0, 0.3, 0.304, 0.0, 3) [0.1231299019797246 0.00352252552179283 0.02288310089053588] 10 12442.98492860794s
2022-06-29 01:29:07.148041 (1.0, 100000.0, 23, 10.0, 0.3, 0.292, 0.0, 3) [0.1274263910926482 0.003949870215852251 0.011536437815758197] 10 7268.6222558021545s
2022-06-29 01:35:14.916792 (1.0, 100000.0, 20, 10.0, 0.3, 0.315, 0.0, 3) [0.11699611970784486 0.004323452292337886 0.0371664912322203] 10 6925.49448800087s
2022-06-29 02:42:29.473464 (1.0, 100000.0, 20, 10.0, 0.3, 0.315, 0.0, 3) [0.1191923600873578 0.0044691662703302115 0.03418388394028387] 10 4034.5470588207245s
2022-06-29 03:19:42.662850 (1.0, 100000.0, 24, 10.0, 0.3, 0.295, 0.0, 3) [0.11660854073528949 0.003824012213094194 0.014965821605568183] 10 8232.552503108978s
2022-06-29 03:30:13.766929 (1.0, 100000.0, 23, 10.0, 0.3, 0.292, 0.0, 3) [0.1268743147144545 0.0055656200094721265 0.011792551793250918] 10 7266.578424692154s
2022-06-29 03:31:07.339517 (1.0, 100000.0, 22, 10.0, 0.3, 0.302, 0.0, 3) [0.11817318695607758 0.0026271651723896107 0.022213317779381514] 10 12987.002568483353s
2022-06-29 03:51:19.835864 (1.0, 100000.0, 20, 10.0, 0.3, 0.315, 0.0, 3) [0.11855103813582572 0.002547699441769971 0.034972148113971174] 10 4130.330649852753s
2022-06-29 04:44:05.326175 (1.0, 100000.0, 21, 10.0, 0.3, 0.304, 0.0, 3) [0.12195483405707719 0.002864769230080939 0.023963474537830008] 10 12407.739447593689s
2022-06-29 05:07:09.889716 (1.0, 100000.0, 20, 10.0, 0.3, 0.315, 0.0, 3) [0.1185553967568241 0.0030268863820020857 0.03503226405401206] 10 4550.035754919052s
2022-06-29 05:30:36.831409 (1.0, 100000.0, 23, 10.0, 0.3, 0.292, 0.0, 3) [0.12972918832996205 0.004207587224361806 0.010372463662074378] 10 7223.044657230377s
2022-06-29 05:35:53.369136 (1.0, 100000.0, 24, 10.0, 0.3, 0.295, 0.0, 3) [0.11101086189451259 0.0033296366125947488 0.019489683526387018] 10 8170.686313152313s
2022-06-29 06:05:40.989488 (1.0, 100000.0, 20, 10.0, 0.3, 0.315, 0.0, 3) [0.11683255633750599 0.002550078290059898 0.03734748915315205] 10 3511.0686161518097s
2022-06-29 07:03:21.005987 (1.0, 100000.0, 20, 10.0, 0.3, 0.315, 0.0, 3) [0.119431615302574 0.0027498041033909987 0.033851776986084964] 10 3459.9878194332123s
2022-06-29 07:15:24.274253 (1.0, 100000.0, 22, 10.0, 0.3, 0.302, 0.0, 3) [0.12638294479079396 0.004376708717198955 0.015603138625736424] 10 13456.932309150696s
2022-06-29 07:31:40.804216 (1.0, 100000.0, 23, 10.0, 0.3, 0.292, 0.0, 3) [0.12805647949038568 0.003062182441848086 0.01117987168832684] 10 7263.964487314224s
2022-06-29 07:52:21.649716 (1.0, 100000.0, 24, 10.0, 0.3, 0.295, 0.0, 3) [0.11373573359015136 0.003682103533173723 0.01714281261012881] 10 8188.248660087585s
2022-06-29 07:59:30.801804 (1.0, 100000.0, 20, 10.0, 0.3, 0.315, 0.0, 3) [0.11839487648160955 0.0029240584921742586 0.035197783269041646] 10 3369.765368461609s
2022-06-29 08:15:18.512545 (1.0, 100000.0, 21, 10.0, 0.3, 0.304, 0.0, 3) [0.12423806818755868 0.0020430219293791035 0.021848082334228577] 10 12673.18087720871s
2022-06-29 08:57:58.901831 (1.0, 100000.0, 20, 10.0, 0.3, 0.315, 0.0, 3) [0.12182921503408861 0.003649327763603064 0.030801686929798382] 10 3508.0938568115234s
2022-06-29 09:30:39.172595 (1.0, 100000.0, 23, 10.0, 0.3, 0.292, 0.0, 3) [0.12674018221301891 0.0035257339977617717 0.011887237493887487] 10 7138.338943481445s
2022-06-29 09:44:23.489968 (1.0, 100000.0, 22, 10.0, 0.3, 0.302, 0.0, 3) [0.12001521322582226 0.0033786613741335556 0.020542568216462394] 10 8939.203796863556s
2022-06-29 09:55:24.801256 (1.0, 100000.0, 20, 10.0, 0.3, 0.315, 0.0, 3) [0.11682716410475007 0.0022902252686401257 0.037385131243068956] 10 3445.8728387355804s
2022-06-29 09:55:36.852220 (1.0, 100000.0, 21, 10.0, 0.3, 0.304, 0.0, 3) [0.12569336198724085 0.0045445084862179635 0.020631757882133187] 10 6018.307731866837s
2022-06-29 10:07:19.919341 (1.0, 100000.0, 24, 10.0, 0.3, 0.295, 0.0, 3) [0.11970902140810763 0.004149385241546525 0.012943485242552975] 10 8098.242507457733s
2022-06-29 10:57:04.764906 (1.0, 100000.0, 20, 10.0, 0.3, 0.319, 0.0, 3) [0.11220693145707805 0.004017788516563278 0.044804055759088475] 10 3694.8600301742554s
2022-06-29 11:25:49.488517 (1.0, 100000.0, 23, 10.0, 0.3, 0.295, 0.0, 3) [0.12547383535596238 0.004931819926221016 0.012622800128265397] 10 6904.284515142441s
2022-06-29 11:56:31.821615 (1.0, 100000.0, 20, 10.0, 0.3, 0.319, 0.0, 3) [0.11521668472909982 0.005112771930142751 0.03995221077388465] 10 3567.034937143326s
2022-06-29 12:16:32.552605 (1.0, 100000.0, 22, 10.0, 0.3, 0.302, 0.0, 3) [0.12065576184714287 0.0023889728078295125 0.01999082154400817] 10 9129.035550832748s
2022-06-29 12:16:58.470550 (1.0, 100000.0, 21, 10.0, 0.3, 0.304, 0.0, 3) [0.12336696588926814 0.0027436334202720083 0.022647490326864615] 10 8481.615182638168s
2022-06-29 12:23:58.859425 (1.0, 100000.0, 24, 10.0, 0.3, 0.295, 0.0, 3) [0.11712110996644728 0.002162363679650256 0.01464396916063931] 10 8198.907528877258s
2022-06-29 13:00:40.144780 (1.0, 100000.0, 20, 10.0, 0.3, 0.319, 0.0, 3) [0.11442810843596844 0.0018420341200007858 0.041217464223095676] 10 3848.309140443802s
2022-06-29 13:30:58.829465 (1.0, 100000.0, 23, 10.0, 0.3, 0.295, 0.0, 3) [0.12060772744454777 0.004623386428959621 0.015708714368964077] 10 7509.061740636826s
2022-06-29 13:32:48.883740 (1.0, 100000.0, 21, 10.0, 0.3, 0.304, 0.0, 3) [0.12218611590469118 0.002530707841272341 0.02373244263536762] 10 4550.411001443863s
2022-06-29 13:42:22.588904 (1.0, 100000.0, 22, 10.0, 0.3, 0.302, 0.0, 3) [0.12068927549322264 0.0033824477912829404 0.01992665921492877] 10 5150.00940990448s
2022-06-29 13:59:00.644885 (1.0, 100000.0, 20, 10.0, 0.3, 0.319, 0.0, 3) [0.11615851505922299 0.003710242186230132 0.03848787220282047] 10 3500.395549058914s
2022-06-29 14:48:52.211380 (1.0, 100000.0, 21, 10.0, 0.3, 0.304, 0.0, 3) [0.12358891978527402 0.005276034132326592 0.022403139682573625] 10 4563.324611902237s
2022-06-29 14:48:56.765161 (1.0, 100000.0, 24, 10.0, 0.3, 0.302, 0.0, 3) [0.1083463103220858 0.0026512705099405965 0.022205487566365756] 10 8683.998281240463s
2022-06-29 14:56:29.928809 (1.0, 100000.0, 20, 10.0, 0.3, 0.319, 0.0, 3) [0.11729916536576315 0.0024741652338620104 0.036931293009335904] 10 3449.274029493332s
2022-06-29 15:09:07.054538 (1.0, 100000.0, 22, 10.0, 0.3, 0.302, 0.0, 3) [0.11872705774484717 0.002860997241176491 0.021685680507344905] 10 5204.4386484622955s
2022-06-29 15:29:17.146190 (1.0, 100000.0, 23, 10.0, 0.3, 0.295, 0.0, 3) [0.12574706947190567 0.004591606610945191 0.012456455443903326] 10 7098.301983594894s
2022-06-29 15:52:41.136189 (1.0, 100000.0, 20, 10.0, 0.3, 0.319, 0.0, 3) [0.11046694927061836 0.005874342822625885 0.04799157471225803] 10 3371.1935064792633s
2022-06-29 16:05:15.857160 (1.0, 100000.0, 21, 10.0, 0.3, 0.304, 0.0, 3) [0.1244591359713733 0.004534516705221947 0.021666019553191848] 10 4583.624288320541s
2022-06-29 16:37:17.190305 (1.0, 100000.0, 22, 10.0, 0.3, 0.302, 0.0, 3) [0.12155444917006097 0.0031387710579627677 0.01919061723043947] 10 5290.090790987015s
2022-06-29 16:48:34.392958 (1.0, 100000.0, 20, 10.0, 0.3, 0.319, 0.0, 3) [0.11468224905127626 0.0031872805998090486 0.040795582701205514] 10 3353.24298620224s
2022-06-29 17:07:48.952388 (1.0, 100000.0, 24, 10.0, 0.3, 0.302, 0.0, 3) [0.10818953061299416 0.004992322566326413 0.02238288341722873] 10 8332.184471607208s
2022-06-29 17:31:29.382049 (1.0, 100000.0, 23, 10.0, 0.3, 0.295, 0.0, 3) [0.1226805300303579 0.003139577406807967 0.01431369356227711] 10 7332.23241686821s
2022-06-29 17:44:28.556227 (1.0, 100000.0, 20, 10.0, 0.3, 0.319, 0.0, 3) [0.1115406839984139 0.004045105349636767 0.046098791807776464] 10 3354.1441898345947s
2022-06-29 18:40:19.648875 (1.0, 100000.0, 20, 10.0, 0.3, 0.319, 0.0, 3) [0.11374697655763107 0.0027511338296316223 0.04234989632614179] 10 3351.0655012130737s
2022-06-29 19:28:50.470138 (1.0, 100000.0, 24, 10.0, 0.3, 0.302, 0.0, 3) [0.10331148660249782 0.004082512086021188 0.02815071161357129] 10 8461.49779701233s
2022-06-29 19:33:44.493684 (1.0, 100000.0, 23, 10.0, 0.3, 0.295, 0.0, 3) [0.11794220292886765 0.0041441084439654335 0.01774141261355371] 10 7335.07741522789s
2022-06-29 19:36:05.775488 (1.0, 100000.0, 20, 10.0, 0.3, 0.319, 0.0, 3) [0.11355818367384173 0.0025211348742925637 0.0425994289150302] 10 3346.0996873378754s
2022-06-29 20:29:19.376507 (1.0, 100000.0, 20, 10.0, 0.3, 0.299, 0.0, 3) [0.13802089670142303 0.00273930621091578 0.01617646386735709] 10 3190.417179584503s
2022-06-29 21:20:42.483965 (1.0, 100000.0, 20, 10.0, 0.3, 0.299, 0.0, 3) [0.1406632266533659 0.004163054045360479 0.014572022317283733] 10 3083.064135789871s
2022-06-29 21:33:50.811597 (1.0, 100000.0, 23, 10.0, 0.3, 0.295, 0.0, 3) [0.12135068861102656 0.0036492676300755845 0.015200853372194695] 10 7206.310499668121s
2022-06-29 21:51:58.940662 (1.0, 100000.0, 24, 10.0, 0.3, 0.302, 0.0, 3) [0.1092273062979938 0.0032915320179888945 0.021299621390114015] 10 8588.406183719635s
2022-06-29 22:12:13.704628 (1.0, 100000.0, 20, 10.0, 0.3, 0.299, 0.0, 3) [0.1373239150258691 0.004828898613599478 0.01663485374334504] 10 3091.2046749591827s
2022-06-29 23:03:43.332732 (1.0, 100000.0, 20, 10.0, 0.3, 0.299, 0.0, 3) [0.13658596661654185 0.003320013836065264 0.01712627100793149] 10 3089.580006837845s
2022-06-29 23:37:22.697581 (1.0, 100000.0, 23, 10.0, 0.3, 0.295, 0.0, 3) [0.11756263340319861 0.0036000540181972004 0.018036764256237344] 10 7411.871816158295s
2022-06-29 23:55:07.766056 (1.0, 100000.0, 20, 10.0, 0.3, 0.299, 0.0, 3) [0.13824925616810332 0.0025298809145812328 0.01607592181947119] 10 3084.404816389084s
2022-06-29 23:58:06.342186 (1.0, 100000.0, 21, 10.0, 0.3, 0.307, 0.0, 3) [0.11868132909767773 0.0029105783664793916 0.027507559776211443] 10 28366.062567472458s
2022-06-30 00:35:37.719684 (1.0, 100000.0, 22, 10.0, 0.3, 0.304, 0.0, 3) [0.1184711431380577 0.002310625581454485 0.021937639051755827] 10 28691.422235012054s
2022-06-30 00:44:36.651380 (1.0, 100000.0, 24, 10.0, 0.3, 0.302, 0.0, 3) [0.10969094471163787 0.0019123078080712762 0.020806695785434235] 10 10357.666665554047s
2022-06-30 00:46:31.724700 (1.0, 100000.0, 20, 10.0, 0.3, 0.299, 0.0, 3) [0.14128823514179673 0.004311614995872337 0.014234013266176421] 10 3083.943084001541s
2022-06-30 01:38:01.875349 (1.0, 100000.0, 20, 10.0, 0.3, 0.299, 0.0, 3) [0.1390034617290652 0.003327247767388738 0.015578223428503573] 10 3090.1414878368378s
2022-06-30 01:40:10.338702 (1.0, 100000.0, 23, 10.0, 0.3, 0.295, 0.0, 3) [0.12232041959333802 0.0032432428534215846 0.01451319384236874] 10 7367.614176273346s
2022-06-30 02:04:48.001086 (1.0, 100000.0, 22, 10.0, 0.3, 0.304, 0.0, 3) [0.11830441400773056 0.002274677576617811 0.022166766298727544] 10 5350.251788854599s
2022-06-30 02:29:33.570298 (1.0, 100000.0, 20, 10.0, 0.3, 0.299, 0.0, 3) [0.13940608910620342 0.0032209932812923285 0.015308947821649207] 10 3091.6766686439514s
2022-06-30 03:08:13.193924 (1.0, 100000.0, 24, 10.0, 0.3, 0.302, 0.0, 3) [0.10914532595262945 0.003691123095354155 0.021404523201949455] 10 8616.52506351471s
2022-06-30 03:20:56.457370 (1.0, 100000.0, 20, 10.0, 0.3, 0.299, 0.0, 3) [0.13545126528787488 0.0037692081291247686 0.017943373011632586] 10 3082.869882583618s
2022-06-30 03:32:13.851753 (1.0, 100000.0, 22, 10.0, 0.3, 0.304, 0.0, 3) [0.11815597131655686 0.004544273599399465 0.022267017504364304] 10 5245.830901145935s
2022-06-30 03:41:14.880209 (1.0, 100000.0, 23, 10.0, 0.3, 0.295, 0.0, 3) [0.12117308037138394 0.0025515245947677198 0.015305734658218826] 10 7264.515501260757s
2022-06-30 04:12:25.771832 (1.0, 100000.0, 20, 10.0, 0.3, 0.299, 0.0, 3) [0.13926414168347206 0.004135794424501041 0.015424894452116724] 10 3089.2845978736877s
2022-06-30 04:42:06.296629 (1.0, 100000.0, 21, 10.0, 0.3, 0.307, 0.0, 3) [0.11895570287850955 0.0028850300770732642 0.027201468937419628] 10 17039.927186727524s
2022-06-30 05:01:11.475274 (1.0, 100000.0, 22, 10.0, 0.3, 0.304, 0.0, 3) [0.11621349000168243 0.0037092060154556173 0.024180668680897303] 10 5337.592549800873s
2022-06-30 05:07:58.344651 (1.0, 100000.0, 20, 10.0, 0.3, 0.309, 0.0, 3) [0.12654543128625428 0.002796295600790312 0.025529956764571513] 10 3328.8040030002594s
2022-06-30 05:32:20.086214 (1.0, 100000.0, 24, 10.0, 0.3, 0.302, 0.0, 3) [0.10742586083400177 0.002483860598815359 0.023150598324856376] 10 8646.864833116531s
2022-06-30 05:41:41.013961 (1.0, 100000.0, 23, 10.0, 0.3, 0.295, 0.0, 3) [0.12228077297786012 0.0016968469697274484 0.014551982540920569] 10 7226.10573554039s
2022-06-30 05:52:57.168853 (1.0, 100000.0, 21, 10.0, 0.3, 0.307, 0.0, 3) [0.1213376438130491 0.0027823170022463588 0.02472360786988282] 10 4250.818662643433s
2022-06-30 05:59:14.499576 (1.0, 100000.0, 20, 10.0, 0.3, 0.309, 0.0, 3) [0.12683899788649178 0.0020694576630370886 0.025233504507645523] 10 3076.1037380695343s
2022-06-30 06:30:29.504692 (1.0, 100000.0, 22, 10.0, 0.3, 0.304, 0.0, 3) [0.11821015000207735 0.002633181651700681 0.022191266080201118] 10 5357.990613937378s
2022-06-30 06:50:25.963196 (1.0, 100000.0, 20, 10.0, 0.3, 0.309, 0.0, 3) [0.12712983878144568 0.002954100190159872 0.024994042945279772] 10 3071.4246282577515s
2022-06-30 07:04:34.290226 (1.0, 100000.0, 21, 10.0, 0.3, 0.307, 0.0, 3) [0.1194407598100401 0.002912993414297409 0.026644907620149753] 10 4297.1084933280945s
2022-06-30 07:41:36.759596 (1.0, 100000.0, 20, 10.0, 0.3, 0.309, 0.0, 3) [0.12540251181074447 0.0027066090292322685 0.026696265977527885] 10 3070.753390789032s
2022-06-30 07:45:54.715362 (1.0, 100000.0, 23, 10.0, 0.3, 0.307, 0.0, 3) [0.11054003780346941 0.0022227399491809765 0.02494588871119178] 10 7448.489381551743s
2022-06-30 07:55:26.179926 (1.0, 100000.0, 24, 10.0, 0.3, 0.302, 0.0, 3) [0.1089250514481289 0.002606473761124639 0.0216196198758341] 10 8586.080644130707s
2022-06-30 08:00:54.284643 (1.0, 100000.0, 22, 10.0, 0.3, 0.304, 0.0, 3) [0.1152095916517197 0.0036493609893447658 0.025229307962185345] 10 5424.750236272812s
2022-06-30 08:18:29.800701 (1.0, 100000.0, 21, 10.0, 0.3, 0.307, 0.0, 3) [0.12072819755562068 0.006542534235283046 0.025370138025180577] 10 4398.8351175785065s
2022-06-30 08:32:47.084466 (1.0, 100000.0, 20, 10.0, 0.3, 0.309, 0.0, 3) [0.12480331811284218 0.004984812928341171 0.027323573422606467] 10 3070.313070297241s
2022-06-30 09:24:02.975299 (1.0, 100000.0, 20, 10.0, 0.3, 0.309, 0.0, 3) [0.12579021028171442 0.004828577577039251 0.026274766426831818] 10 3075.8668689727783s
2022-06-30 09:30:23.448724 (1.0, 100000.0, 22, 10.0, 0.3, 0.304, 0.0, 3) [0.11525956634357694 0.0026184152410774187 0.02516835050442839] 10 5369.154335021973s
2022-06-30 09:31:06.071450 (1.0, 100000.0, 21, 10.0, 0.3, 0.307, 0.0, 3) [0.12065968051130796 0.002403484220955875 0.025374869160911334] 10 4356.2488169670105s
2022-06-30 09:49:02.927714 (1.0, 100000.0, 23, 10.0, 0.3, 0.307, 0.0, 3) [0.10906725653945538 0.00359852627539193 0.02668590153416566] 10 7388.05964756012s
2022-06-30 10:15:17.953975 (1.0, 100000.0, 20, 10.0, 0.3, 0.309, 0.0, 3) [0.1267365374530164 0.0029567271506793285 0.025397899609611786] 10 3074.9614548683167s
2022-06-30 10:18:13.811678 (1.0, 100000.0, 24, 10.0, 0.3, 0.302, 0.0, 3) [0.10728642385322922 0.00268073899185967 0.023319096486071687] 10 8567.61108803749s
2022-06-30 10:43:15.221940 (1.0, 100000.0, 21, 10.0, 0.3, 0.307, 0.0, 3) [0.11938808230813401 0.003789676743211071 0.026735470399398442] 10 4329.148230791092s
2022-06-30 10:59:56.309004 (1.0, 100000.0, 22, 10.0, 0.3, 0.304, 0.0, 3) [0.11950063593388555 0.0030979125321706387 0.021030661596203606] 10 5372.857590436935s
2022-06-30 11:06:34.992200 (1.0, 100000.0, 20, 10.0, 0.3, 0.309, 0.0, 3) [0.1276502405207426 0.0044276188419952065 0.024460150398993828] 10 3076.8074798583984s
2022-06-30 11:51:00.813921 (1.0, 100000.0, 23, 10.0, 0.3, 0.307, 0.0, 3) [0.10691265203311925 0.004362037097566076 0.029328236060708498] 10 7317.858644247055s
2022-06-30 11:53:49.826829 (1.0, 100000.0, 21, 10.0, 0.3, 0.307, 0.0, 3) [0.12267687748154844 0.003239255150692873 0.023391610196316515] 10 4234.557261943817s
2022-06-30 11:57:47.494867 (1.0, 100000.0, 20, 10.0, 0.3, 0.309, 0.0, 3) [0.1273169686124793 0.003107500338599347 0.02477925766460051] 10 3072.5003497600555s
2022-06-30 12:27:01.016368 (1.0, 100000.0, 22, 10.0, 0.3, 0.304, 0.0, 3) [0.11590458134215768 0.004703383566188444 0.024540986519043073] 10 5224.700594186783s
2022-06-30 12:38:40.061729 (1.0, 100000.0, 24, 10.0, 0.3, 0.302, 0.0, 3) [0.11168094894231934 0.0056175481718379215 0.018987141229800462] 10 8426.247235059738s
2022-06-30 12:48:59.444769 (1.0, 100000.0, 20, 10.0, 0.3, 0.309, 0.0, 3) [0.12551307669930462 0.003308116873187253 0.026553020717325904] 10 3071.9475181102753s
2022-06-30 13:04:16.572454 (1.0, 100000.0, 21, 10.0, 0.3, 0.307, 0.0, 3) [0.1196278519659144 0.0021390362576795513 0.026421874344293304] 10 4226.742220163345s
2022-06-30 13:39:36.795715 (1.0, 100000.0, 20, 10.0, 0.3, 0.312, 0.0, 3) [0.12159889330871386 0.003024120254615862 0.03100721985955945] 10 3034.136828660965s
2022-06-30 13:48:58.873506 (1.0, 100000.0, 23, 10.0, 0.3, 0.307, 0.0, 3) [0.10717507272147722 0.0029616716859302843 0.028992922029115544] 10 7078.038270711899s
2022-06-30 13:54:17.505453 (1.0, 100000.0, 22, 10.0, 0.3, 0.304, 0.0, 3) [0.1156527933631587 0.0032551308940772824 0.024793176382156987] 10 5236.466374874115s
2022-06-30 14:13:59.578066 (1.0, 100000.0, 21, 10.0, 0.3, 0.307, 0.0, 3) [0.11993699630840637 0.004209389376642926 0.026090857375432666] 10 4183.002015590668s
2022-06-30 14:28:03.458810 (1.0, 100000.0, 20, 10.0, 0.3, 0.312, 0.0, 3) [0.11787703024799238 0.005662422733885411 0.03581011261766197] 10 2906.636476755142s
2022-06-30 15:15:56.488955 (1.0, 100000.0, 20, 10.0, 0.3, 0.312, 0.0, 3) [0.12174850118444853 0.004550050796479599 0.030813001759565837] 10 2873.028045654297s
2022-06-30 15:21:32.208763 (1.0, 100000.0, 22, 10.0, 0.3, 0.307, 0.0, 3) [0.11721035637199752 0.0039932340400664484 0.0231989773566405] 10 5230.574971199036s
2022-06-30 15:30:27.345391 (1.0, 100000.0, 21, 10.0, 0.3, 0.319, 0.0, 3) [0.10520091760465079 0.0033347693759097075 0.048031086015031615] 10 4583.4639620780945s
2022-06-30 15:45:23.852211 (1.0, 100000.0, 23, 10.0, 0.3, 0.307, 0.0, 3) [0.10955309655014311 0.0030205151908715006 0.026105744515668636] 10 6984.9689955711365s
2022-06-30 16:03:48.100914 (1.0, 100000.0, 20, 10.0, 0.3, 0.312, 0.0, 3) [0.12165323689332129 0.0030860315972646886 0.030937868742176144] 10 2871.5787777900696s
2022-06-30 16:46:21.255466 (1.0, 100000.0, 21, 10.0, 0.3, 0.319, 0.0, 3) [0.10847226045586453 0.005225314975491374 0.04205362244471485] 10 4553.907569646835s
2022-06-30 16:49:33.595096 (1.0, 100000.0, 22, 10.0, 0.3, 0.307, 0.0, 3) [0.11430917837874204 0.003841417559592529 0.026325357842760518] 10 5281.384166002274s
2022-06-30 16:51:40.733509 (1.0, 100000.0, 20, 10.0, 0.3, 0.312, 0.0, 3) [0.12067289454005106 0.003034774399396949 0.03216850590340781] 10 2872.607360601425s
2022-06-30 17:39:37.236414 (1.0, 100000.0, 20, 10.0, 0.3, 0.312, 0.0, 3) [0.12214684162803788 0.004134190243680585 0.030365889919053944] 10 2876.322846889496s
2022-06-30 17:43:12.839157 (1.0, 100000.0, 23, 10.0, 0.3, 0.307, 0.0, 3) [0.10705019289462567 0.002981480945620333 0.02913223962003985] 10 7068.926413297653s
2022-06-30 17:57:44.652293 (1.0, 100000.0, 24, 10.0, 0.3, 0.304, 0.0, 3) [0.10823681552868263 0.0023132834523504615 0.022330002834822588] 10 19140.19921064377s
2022-06-30 18:02:36.246975 (1.0, 100000.0, 21, 10.0, 0.3, 0.319, 0.0, 3) [0.10926903442107416 0.0031973436752828566 0.04077771722427921] 10 4574.961914777756s
2022-06-30 18:18:04.317370 (1.0, 100000.0, 22, 10.0, 0.3, 0.307, 0.0, 3) [0.11325048011734448 0.0029356508664002737 0.02760110352490797] 10 5310.696175813675s
2022-06-30 18:27:32.912061 (1.0, 100000.0, 20, 10.0, 0.3, 0.312, 0.0, 3) [0.12427734755882175 0.005092242603996855 0.027932248029310592] 10 2875.657425403595s
2022-06-30 19:15:31.474494 (1.0, 100000.0, 20, 10.0, 0.3, 0.312, 0.0, 3) [0.12099577574410321 0.0032663689904631346 0.03178593708846535] 10 2878.5329382419586s
2022-06-30 19:18:51.506236 (1.0, 100000.0, 21, 10.0, 0.3, 0.319, 0.0, 3) [0.11006748546743092 0.003479279556192302 0.03949322697638405] 10 4575.236546993256s
2022-06-30 19:36:15.068529 (1.0, 100000.0, 23, 10.0, 0.3, 0.307, 0.0, 3) [0.10720789679768596 0.002877669783754881 0.028965116327503287] 10 6782.0471448898315s
2022-06-30 19:46:13.756899 (1.0, 100000.0, 22, 10.0, 0.3, 0.307, 0.0, 3) [0.11289208205467963 0.0038910168240408566 0.028031287251357815] 10 5289.408658504486s
2022-06-30 20:03:24.829161 (1.0, 100000.0, 20, 10.0, 0.3, 0.312, 0.0, 3) [0.12450944889809588 0.0035012114918245357 0.027781714793080822] 10 2873.334807872772s
2022-06-30 20:19:52.079010 (1.0, 100000.0, 24, 10.0, 0.3, 0.304, 0.0, 3) [0.1042542023913486 0.0030918812770316653 0.026921572463711217] 10 8527.404595136642s
2022-06-30 20:34:18.754956 (1.0, 100000.0, 21, 10.0, 0.3, 0.319, 0.0, 3) [0.10564766872493735 0.0025865145792892162 0.04712088015597955] 10 4527.238085508347s
2022-06-30 20:51:09.040960 (1.0, 100000.0, 20, 10.0, 0.3, 0.312, 0.0, 3) [0.11870576406866812 0.0029990250921512053 0.03474300080993908] 10 2864.1923444271088s
2022-06-30 21:12:26.205683 (1.0, 100000.0, 22, 10.0, 0.3, 0.307, 0.0, 3) [0.11382258073900779 0.0024234280278005987 0.026833999361640992] 10 5172.437093257904s
2022-06-30 21:26:30.993974 (1.0, 100000.0, 23, 10.0, 0.3, 0.307, 0.0, 3) [0.10978542157012507 0.0026056624039372755 0.025802192878040142] 10 6615.91176533699s
2022-06-30 21:41:30.762220 (1.0, 100000.0, 20, 10.0, 0.3, 0.292, 0.0, 3) [0.14356079152878368 0.004011983293995865 0.012973782168650154] 10 3017.8226339817047s
2022-06-30 21:47:41.249217 (1.0, 100000.0, 21, 10.0, 0.3, 0.319, 0.0, 3) [0.10666864776831453 0.002653440530374258 0.0452957424658707] 10 4402.477259159088s
2022-06-30 22:32:50.313037 (1.0, 100000.0, 20, 10.0, 0.3, 0.292, 0.0, 3) [0.14451469975584835 0.0031472281173598234 0.01250133551065669] 10 3079.5272176265717s
2022-06-30 22:34:41.755939 (1.0, 100000.0, 24, 10.0, 0.3, 0.304, 0.0, 3) [0.10645364074383931 0.00289247926870863 0.02433393088934861] 10 8089.647113084793s
2022-06-30 22:37:51.654748 (1.0, 100000.0, 22, 10.0, 0.3, 0.307, 0.0, 3) [0.11607620488852137 0.0021462846172565996 0.024399822715162483] 10 5125.254576683044s
2022-06-30 23:01:21.202308 (1.0, 100000.0, 21, 10.0, 0.3, 0.319, 0.0, 3) [0.10646050610905068 0.002149394551930406 0.04570419627293252] 10 4419.944555521011s
2022-06-30 23:17:33.567460 (1.0, 100000.0, 23, 10.0, 0.3, 0.307, 0.0, 3) [0.10723834460981664 0.0027062641339562453 0.028942494878028087] 10 6662.54124879837s
2022-06-30 23:24:17.769461 (1.0, 100000.0, 20, 10.0, 0.3, 0.292, 0.0, 3) [0.1490917209468321 0.002597669135687983 0.010415944647605764] 10 3087.444769859314s
2022-07-01 00:03:17.379623 (1.0, 100000.0, 22, 10.0, 0.3, 0.307, 0.0, 3) [0.11590281864807789 0.003893918577399507 0.024587579515446812] 10 5125.694136619568s
2022-07-01 00:14:57.099916 (1.0, 100000.0, 21, 10.0, 0.3, 0.319, 0.0, 3) [0.10927332587930534 0.003075126790542273 0.040720040563617596] 10 4415.87761092186s
2022-07-01 00:15:37.912541 (1.0, 100000.0, 20, 10.0, 0.3, 0.292, 0.0, 3) [0.1444650261918746 0.0028159185790779147 0.012494178129271578] 10 3080.1270277500153s
2022-07-01 00:47:40.640028 (1.0, 100000.0, 24, 10.0, 0.3, 0.304, 0.0, 3) [0.10678820309410367 0.006947719260837328 0.023940746601543567] 10 7978.873643398285s
2022-07-01 01:05:45.267422 (1.0, 100000.0, 20, 10.0, 0.3, 0.292, 0.0, 3) [0.14587343430243302 0.0042371395624900415 0.011824491699395387] 10 3007.352153778076s
2022-07-01 01:16:26.630259 (1.0, 100000.0, 23, 10.0, 0.3, 0.307, 0.0, 3) [0.1102856267715391 0.002054093291143379 0.02527909768561991] 10 7133.041435241699s
2022-07-01 01:28:29.587829 (1.0, 100000.0, 21, 10.0, 0.3, 0.319, 0.0, 3) [0.10892993239246368 0.0022623514738727784 0.041485121059747214] 10 4412.44210934639s
2022-07-01 01:28:48.265383 (1.0, 100000.0, 22, 10.0, 0.3, 0.307, 0.0, 3) [0.11351220529017204 0.0023191269113664054 0.027212070194638435] 10 5130.858238220215s
2022-07-01 01:56:36.045856 (1.0, 100000.0, 20, 10.0, 0.3, 0.292, 0.0, 3) [0.1483297495441346 0.002813251818180616 0.01072872045105751] 10 3050.769534111023s
2022-07-01 02:42:23.603841 (1.0, 100000.0, 21, 10.0, 0.3, 0.319, 0.0, 3) [0.10814540016258718 0.0025587253940921634 0.04268078231343859] 10 4434.000729799271s
2022-07-01 02:47:33.087938 (1.0, 100000.0, 20, 10.0, 0.3, 0.292, 0.0, 3) [0.14692239937496573 0.004060619463547242 0.011355856918373068] 10 3057.025709629059s
2022-07-01 02:54:24.109176 (1.0, 100000.0, 22, 10.0, 0.3, 0.307, 0.0, 3) [0.11236599620604111 0.003093189098383047 0.02858045138643663] 10 5135.84153842926s
2022-07-01 02:56:25.616738 (1.0, 100000.0, 24, 10.0, 0.3, 0.304, 0.0, 3) [0.10387444595283951 0.0032731948301398125 0.027408528040246835] 10 7724.945533037186s
2022-07-01 03:38:21.074941 (1.0, 100000.0, 20, 10.0, 0.3, 0.292, 0.0, 3) [0.14920487983933758 0.003604023200935791 0.010362854284727807] 10 3047.971544981003s
2022-07-01 03:44:02.228517 (1.0, 100000.0, 23, 10.0, 0.3, 0.304, 0.0, 3) [0.11169544025487967 0.004096306946857562 0.02360144992930344] 10 8845.450550556183s
2022-07-01 03:57:06.514306 (1.0, 100000.0, 21, 10.0, 0.3, 0.309, 0.0, 3) [0.11722356358258107 0.0031250396965607353 0.029208293943869052] 10 4474.2984075546265s
2022-07-01 04:19:12.627916 (1.0, 100000.0, 22, 10.0, 0.3, 0.307, 0.0, 3) [0.11570693590844919 0.0036619711938531527 0.0248177385456086] 10 5088.500668287277s
2022-07-01 04:29:14.351592 (1.0, 100000.0, 20, 10.0, 0.3, 0.292, 0.0, 3) [0.1459438930876036 0.0028824814020200484 0.011792303450453826] 10 3053.24689412117s
2022-07-01 05:11:46.456543 (1.0, 100000.0, 21, 10.0, 0.3, 0.309, 0.0, 3) [0.11885422006411354 0.0019056673280645072 0.027446889977219793] 10 4479.931175947189s
2022-07-01 05:13:46.161116 (1.0, 100000.0, 24, 10.0, 0.3, 0.304, 0.0, 3) [0.10520399717503928 0.0023143931851222145 0.025834619609045855] 10 8240.528786420822s
2022-07-01 05:20:06.400130 (1.0, 100000.0, 20, 10.0, 0.3, 0.292, 0.0, 3) [0.144932631112543 0.005268012750056613 0.01226453959040112] 10 3052.031685590744s
2022-07-01 05:31:45.327603 (1.0, 100000.0, 23, 10.0, 0.3, 0.304, 0.0, 3) [0.11232412472662948 0.005533159350486706 0.022991660863752348] 10 6463.068893194199s
2022-07-01 05:45:54.166227 (1.0, 100000.0, 22, 10.0, 0.3, 0.319, 0.0, 3) [0.10063248251549187 0.0038563543370056883 0.04768777588227029] 10 5197.629464149475s
2022-07-01 06:13:13.484474 (1.0, 100000.0, 20, 10.0, 0.3, 0.307, 0.0, 3) [0.12691334049082434 0.0027479665085308066 0.02514526930944538] 10 3183.623529434204s
2022-07-01 06:25:07.697423 (1.0, 100000.0, 21, 10.0, 0.3, 0.309, 0.0, 3) [0.12098017982830607 0.0049818484473718744 0.025035668388246352] 10 4401.229290723801s
2022-07-01 07:03:36.967393 (1.0, 100000.0, 20, 10.0, 0.3, 0.307, 0.0, 3) [0.12506078768507026 0.0033421389807545034 0.026975244551324346] 10 3023.4710807800293s
2022-07-01 07:08:11.400922 (1.0, 100000.0, 22, 10.0, 0.3, 0.319, 0.0, 3) [0.10240901186628117 0.0030333645730052576 0.044224800113460735] 10 4937.221260309219s
2022-07-01 07:19:26.686944 (1.0, 100000.0, 23, 10.0, 0.3, 0.304, 0.0, 3) [0.10933591164778304 0.0032411602919628925 0.026289307482279634] 10 6461.337203025818s
2022-07-01 07:28:16.466723 (1.0, 100000.0, 24, 10.0, 0.3, 0.304, 0.0, 3) [0.10570006534227769 0.004130830328129462 0.02517782147255297] 10 8070.284121513367s
2022-07-01 07:35:24.502932 (1.0, 100000.0, 21, 10.0, 0.3, 0.309, 0.0, 3) [0.11682796487880769 0.003075560410043093 0.02978475650448332] 10 4216.787046670914s
2022-07-01 07:54:00.536949 (1.0, 100000.0, 20, 10.0, 0.3, 0.307, 0.0, 3) [0.12824520517866528 0.00340094606505481 0.023819908313338] 10 3023.5364394187927s
2022-07-01 08:29:57.506839 (1.0, 100000.0, 22, 10.0, 0.3, 0.319, 0.0, 3) [0.10064804148500237 0.003735236542737692 0.047695663639191845] 10 4906.078051328659s
2022-07-01 08:44:16.702823 (1.0, 100000.0, 20, 10.0, 0.3, 0.307, 0.0, 3) [0.12824595065575436 0.004167374240536148 0.023851925160011805] 10 3016.155514240265s
2022-07-01 08:46:13.901041 (1.0, 100000.0, 21, 10.0, 0.3, 0.309, 0.0, 3) [0.11798206633971517 0.002644421443079026 0.028384517780796804] 10 4249.383291482925s
2022-07-01 09:13:35.223342 (1.0, 100000.0, 23, 10.0, 0.3, 0.304, 0.0, 3) [0.11109699447762399 0.004395525926004717 0.02430667457339496] 10 6848.522618532181s
2022-07-01 09:34:43.797801 (1.0, 100000.0, 20, 10.0, 0.3, 0.307, 0.0, 3) [0.12751816308822328 0.0028064694340680218 0.02454235043805243] 10 3027.0821812152863s
2022-07-01 09:52:27.663928 (1.0, 100000.0, 22, 10.0, 0.3, 0.319, 0.0, 3) [0.0971410273645144 0.0035745633610063405 0.05510405634457646] 10 4950.114851951599s
2022-07-01 09:57:11.825265 (1.0, 100000.0, 21, 10.0, 0.3, 0.309, 0.0, 3) [0.11804217363136447 0.0036452235792229786 0.028353092413543054] 10 4257.89807844162s
2022-07-01 10:07:07.852938 (1.0, 100000.0, 24, 10.0, 0.3, 0.304, 0.0, 3) [0.10635044658377733 0.0026541146476246344 0.024430884085028737] 10 9531.16635274887s
2022-07-01 10:25:03.243559 (1.0, 100000.0, 20, 10.0, 0.3, 0.307, 0.0, 3) [0.12786396457374002 0.004801192477882751 0.024229071396490817] 10 3019.4254896640778s
2022-07-01 11:04:23.786763 (1.0, 100000.0, 23, 10.0, 0.3, 0.304, 0.0, 3) [0.11197800528964921 0.0025801471295339067 0.023346118334202606] 10 6648.541025400162s
2022-07-01 11:08:04.799600 (1.0, 100000.0, 21, 10.0, 0.3, 0.309, 0.0, 3) [0.11940379837258973 0.003922112351124209 0.02673524184423319] 10 4252.767107248306s
2022-07-01 11:14:53.178286 (1.0, 100000.0, 22, 10.0, 0.3, 0.319, 0.0, 3) [0.09769164663007157 0.003101717926208047 0.05412952941552716] 10 4945.510024309158s
2022-07-01 11:15:38.867790 (1.0, 100000.0, 20, 10.0, 0.3, 0.307, 0.0, 3) [0.12894339536080726 0.0029640971496017123 0.02323141931923967] 10 3035.610227584839s
2022-07-01 12:06:04.629027 (1.0, 100000.0, 20, 10.0, 0.3, 0.307, 0.0, 3) [0.12822796921501392 0.0029093294539911958 0.023895898956978953] 10 3025.7585978507996s
2022-07-01 12:19:24.625293 (1.0, 100000.0, 21, 10.0, 0.3, 0.309, 0.0, 3) [0.11484889129080518 0.004026987062827381 0.03215624403821035] 10 4279.548460006714s
2022-07-01 12:22:47.706985 (1.0, 100000.0, 24, 10.0, 0.3, 0.304, 0.0, 3) [0.10528883162370396 0.00273897039661269 0.025647360622159183] 10 8139.83921957016s
2022-07-01 12:37:45.406577 (1.0, 100000.0, 22, 10.0, 0.3, 0.319, 0.0, 3) [0.0968350633226484 0.0034112923077115735 0.056115935728420156] 10 4972.203716754913s
2022-07-01 12:56:13.420352 (1.0, 100000.0, 20, 10.0, 0.3, 0.307, 0.0, 3) [0.12687252801691234 0.0024622604313702316 0.02518702017580309] 10 3008.5835943222046s
2022-07-01 12:58:39.456371 (1.0, 100000.0, 23, 10.0, 0.3, 0.304, 0.0, 3) [0.1134641030934463 0.0029899764082961535 0.021803375876839764] 10 6855.6133687496185s
2022-07-01 13:30:33.662947 (1.0, 100000.0, 21, 10.0, 0.3, 0.309, 0.0, 3) [0.11765404521627741 0.00330086060952179 0.02871225744987156] 10 4268.972747087479s
2022-07-01 13:46:45.279639 (1.0, 100000.0, 20, 10.0, 0.3, 0.307, 0.0, 3) [0.12951209422296459 0.003986199972184495 0.022781183570304838] 10 3031.803590297699s
2022-07-01 14:00:23.368585 (1.0, 100000.0, 22, 10.0, 0.3, 0.319, 0.0, 3) [0.10199000572402397 0.0027951565359167654 0.0450489848439832] 10 4957.921535253525s
2022-07-01 14:33:31.599110 (1.0, 100000.0, 20, 10.0, 0.3, 0.304, 0.0, 3) [0.13415230072591897 0.003100088926983665 0.018870435114795504] 10 2801.546466112137s
2022-07-01 14:42:29.971935 (1.0, 100000.0, 21, 10.0, 0.3, 0.309, 0.0, 3) [0.11528968968534616 0.0037988210218417914 0.03163138930000958] 10 4316.1563057899475s
2022-07-01 14:49:26.248661 (1.0, 100000.0, 24, 10.0, 0.3, 0.304, 0.0, 3) [0.10304684309400243 0.0028033587779009595 0.028491829097397794] 10 8798.5389046669s
2022-07-01 14:54:30.237419 (1.0, 100000.0, 23, 10.0, 0.3, 0.304, 0.0, 3) [0.11001461376845373 0.004065368993772809 0.02547640140681829] 10 6950.741050720215s
2022-07-01 15:20:24.315145 (1.0, 100000.0, 20, 10.0, 0.3, 0.304, 0.0, 3) [0.1313015913535267 0.002159792821567841 0.02113736507456356] 10 2812.7012350559235s
2022-07-01 15:26:24.923566 (1.0, 100000.0, 22, 10.0, 0.3, 0.319, 0.0, 3) [0.10137539623033141 0.0026278737609227083 0.04616661534119215] 10 5161.32360625267s
2022-07-01 15:56:55.578600 (1.0, 100000.0, 21, 10.0, 0.3, 0.299, 0.0, 3) [0.13270957404190786 0.004226522927005775 0.01539080964710689] 10 4461.274625301361s
2022-07-01 16:09:06.348584 (1.0, 100000.0, 20, 10.0, 0.3, 0.304, 0.0, 3) [0.13370029078597573 0.0038845166596120704 0.019282282563993232] 10 2921.9962832927704s
2022-07-01 16:48:01.777858 (1.0, 100000.0, 23, 10.0, 0.3, 0.304, 0.0, 3) [0.11193884667824468 0.004979304066471229 0.02337878612651375] 10 6811.536694526672s
2022-07-01 16:55:22.513548 (1.0, 100000.0, 22, 10.0, 0.3, 0.319, 0.0, 3) [0.10239051084986706 0.00379687381242434 0.044207460036810885] 10 5337.587628126144s
2022-07-01 17:01:38.701631 (1.0, 100000.0, 20, 10.0, 0.3, 0.304, 0.0, 3) [0.13355980126380615 0.0028655769386411846 0.019329397681734462] 10 3152.334912776947s
2022-07-01 17:13:36.335397 (1.0, 100000.0, 21, 10.0, 0.3, 0.299, 0.0, 3) [0.13130773168530133 0.0030066437235870833 0.01629662366308993] 10 4600.739887952805s
2022-07-01 17:17:35.048022 (1.0, 100000.0, 24, 10.0, 0.3, 0.292, 0.0, 3) [0.12021834398203121 0.005001099375043269 0.012577531309585013] 10 8811.942234992981s
2022-07-01 17:48:12.880582 (1.0, 100000.0, 20, 10.0, 0.3, 0.304, 0.0, 3) [0.1302994832018419 0.0022886337821914557 0.0219923920508803] 10 2794.1528701782227s
2022-07-01 18:22:54.745840 (1.0, 100000.0, 22, 10.0, 0.3, 0.319, 0.0, 3) [0.09986101057257722 0.0026899485932564728 0.04922769533151111] 10 5252.200498342514s
2022-07-01 18:29:23.016863 (1.0, 100000.0, 21, 10.0, 0.3, 0.299, 0.0, 3) [0.12925344360706598 0.0032973013639748714 0.017700541847873914] 10 4546.653708457947s
2022-07-01 18:34:24.893928 (1.0, 100000.0, 20, 10.0, 0.3, 0.304, 0.0, 3) [0.12915043620431638 0.00463210993755376 0.022954300980330113] 10 2771.9970619678497s
2022-07-01 18:41:11.245540 (1.0, 100000.0, 23, 10.0, 0.3, 0.304, 0.0, 3) [0.10913595407028343 0.002987955443086897 0.02650522614552297] 10 6789.454277515411s
2022-07-01 19:20:40.618866 (1.0, 100000.0, 20, 10.0, 0.3, 0.304, 0.0, 3) [0.12996337887797232 0.003922670321768644 0.0222460387657758] 10 2775.7214691638947s
2022-07-01 19:22:40.850113 (1.0, 100000.0, 24, 10.0, 0.3, 0.292, 0.0, 3) [0.1209150657320533 0.002857809629160944 0.012178409614057592] 10 7505.7733652591705s
2022-07-01 19:47:15.161969 (1.0, 100000.0, 22, 10.0, 0.3, 0.315, 0.0, 3) [0.10582774213677326 0.0025191460844218604 0.03809249480398703] 10 5041.710783958435s
2022-07-01 20:07:03.749540 (1.0, 100000.0, 20, 10.0, 0.3, 0.304, 0.0, 3) [0.1321356283455393 0.0029081705727077483 0.020461618883172238] 10 2783.1173152923584s
2022-07-01 20:18:50.726302 (1.0, 100000.0, 21, 10.0, 0.3, 0.299, 0.0, 3) [0.13017152383486924 0.005889237360039289 0.01708148413130508] 10 6567.705586910248s
2022-07-01 20:29:16.434994 (1.0, 100000.0, 23, 10.0, 0.3, 0.304, 0.0, 3) [0.1120372943184614 0.002776722867400178 0.02331821295057137] 10 6485.186703920364s
2022-07-01 20:53:18.235086 (1.0, 100000.0, 20, 10.0, 0.3, 0.304, 0.0, 3) [0.13220019135585873 0.0023949144876649845 0.020424147431370263] 10 2774.468383550644s
2022-07-01 21:07:32.796069 (1.0, 100000.0, 22, 10.0, 0.3, 0.315, 0.0, 3) [0.10712904491588038 0.0029254298205509542 0.036032378106139115] 10 4817.615716934204s
2022-07-01 21:28:05.488453 (1.0, 100000.0, 21, 10.0, 0.3, 0.299, 0.0, 3) [0.12988319436152612 0.002912290234666466 0.01728664089551547] 10 4154.58898973465s
2022-07-01 21:31:21.419893 (1.0, 100000.0, 24, 10.0, 0.3, 0.292, 0.0, 3) [0.11979058371201723 0.005000421426887161 0.012853901346247476] 10 7720.564802408218s
2022-07-01 21:39:38.011233 (1.0, 100000.0, 20, 10.0, 0.3, 0.304, 0.0, 3) [0.1315704245706248 0.0034572076175402528 0.020884393417571995] 10 2779.7739458084106s
2022-07-01 22:24:32.880424 (1.0, 100000.0, 23, 10.0, 0.3, 0.319, 0.0, 3) [0.09401903542520713 0.0024657088920802582 0.05261540260596975] 10 6881.036437749863s
2022-07-01 22:28:15.090886 (1.0, 100000.0, 20, 10.0, 0.3, 0.295, 0.0, 3) [0.1452105177800167 0.0051113011433097065 0.0121867186328373] 10 2913.170871734619s
2022-07-01 22:31:40.028355 (1.0, 100000.0, 22, 10.0, 0.3, 0.315, 0.0, 3) [0.1053221185244495 0.003488761819280587 0.03884236765881136] 10 5047.229586601257s
2022-07-01 22:45:03.848315 (1.0, 100000.0, 21, 10.0, 0.3, 0.299, 0.0, 3) [0.1302425411280728 0.0034440434209053084 0.016975902652096628] 10 4618.255522727966s
2022-07-01 23:16:18.619766 (1.0, 100000.0, 20, 10.0, 0.3, 0.295, 0.0, 3) [0.1444737926116725 0.005030840321215293 0.012516028163189943] 10 2883.527025461197s
2022-07-01 23:37:59.046344 (1.0, 100000.0, 24, 10.0, 0.3, 0.292, 0.0, 3) [0.12347164729411811 0.004331339751895711 0.010833272184443908] 10 7597.616982460022s
2022-07-01 23:52:58.622634 (1.0, 100000.0, 22, 10.0, 0.3, 0.315, 0.0, 3) [0.10489296113210994 0.002549642196298316 0.03959382213052581] 10 4878.591773748398s
2022-07-01 23:55:36.408936 (1.0, 100000.0, 21, 10.0, 0.3, 0.299, 0.0, 3) [0.12885724903964701 0.003469903502586044 0.018004246009635586] 10 4232.4750826358795s
2022-07-02 00:04:25.484672 (1.0, 100000.0, 20, 10.0, 0.3, 0.295, 0.0, 3) [0.14533405146818562 0.0041155376084150075 0.012112140891309025] 10 2886.7528381347656s
2022-07-02 00:21:29.668657 (1.0, 100000.0, 23, 10.0, 0.3, 0.319, 0.0, 3) [0.098055856996375 0.003685139956225778 0.04400713377246598] 10 7016.75994515419s
2022-07-02 00:52:19.229516 (1.0, 100000.0, 20, 10.0, 0.3, 0.295, 0.0, 3) [0.1441089295460183 0.003452923603156947 0.012703129000280386] 10 2873.7421746253967s
2022-07-02 01:06:18.634659 (1.0, 100000.0, 21, 10.0, 0.3, 0.299, 0.0, 3) [0.13193658467312674 0.0022032982137727424 0.015859317453444835] 10 4240.012005805969s
2022-07-02 01:14:18.981931 (1.0, 100000.0, 22, 10.0, 0.3, 0.315, 0.0, 3) [0.10381578694891323 0.005379586895524812 0.041558430626649635] 10 4880.132513999939s
2022-07-02 01:40:08.761921 (1.0, 100000.0, 20, 10.0, 0.3, 0.295, 0.0, 3) [0.1398291816601776 0.0032753153732344165 0.01502647658280864] 10 2869.320000886917s
2022-07-02 01:58:40.684651 (1.0, 100000.0, 23, 10.0, 0.3, 0.319, 0.0, 3) [0.09498501824328123 0.00330007109485621 0.05043944189605168] 10 5830.794543504715s
2022-07-02 02:00:53.218753 (1.0, 100000.0, 24, 10.0, 0.3, 0.292, 0.0, 3) [0.1195684446972325 0.002974517458608595 0.01296253102962468] 10 8574.133887529373s
2022-07-02 02:16:55.547568 (1.0, 100000.0, 21, 10.0, 0.3, 0.299, 0.0, 3) [0.13074024340199586 0.0024220739897012496 0.01668792280490666] 10 4236.8549699783325s
2022-07-02 02:28:02.978157 (1.0, 100000.0, 20, 10.0, 0.3, 0.295, 0.0, 3) [0.1457151513237621 0.004258320364409644 0.011941015427376758] 10 2874.108829975128s
2022-07-02 02:35:48.230049 (1.0, 100000.0, 22, 10.0, 0.3, 0.315, 0.0, 3) [0.1060978537257121 0.0024120829629212816 0.037616023037147506] 10 4889.172863960266s
2022-07-02 03:15:55.076201 (1.0, 100000.0, 20, 10.0, 0.3, 0.295, 0.0, 3) [0.14333680549602215 0.0032104884560430233 0.01311187698746945] 10 2872.068298101425s
2022-07-02 03:27:19.571758 (1.0, 100000.0, 21, 10.0, 0.3, 0.299, 0.0, 3) [0.12729441410940048 0.004848701068155011 0.0191738237403562] 10 4223.956758737564s
2022-07-02 03:37:43.281328 (1.0, 100000.0, 23, 10.0, 0.3, 0.319, 0.0, 3) [0.09371505339706274 0.0021651864843939763 0.05336718309179319] 10 5942.553271532059s
2022-07-02 03:57:30.636680 (1.0, 100000.0, 22, 10.0, 0.3, 0.315, 0.0, 3) [0.10437314688544343 0.004068751767082079 0.0405923950926287] 10 4902.373381614685s
2022-07-02 04:03:49.586071 (1.0, 100000.0, 20, 10.0, 0.3, 0.295, 0.0, 3) [0.14211076153559216 0.0035723033525601683 0.013735622906441407] 10 2874.2481875419617s
2022-07-02 04:06:22.611488 (1.0, 100000.0, 24, 10.0, 0.3, 0.292, 0.0, 3) [0.1198981619281626 0.003215940827506903 0.01279893922070011] 10 7529.388555526733s
2022-07-02 04:51:42.389214 (1.0, 100000.0, 20, 10.0, 0.3, 0.295, 0.0, 3) [0.14414241972315353 0.003518160009316342 0.012665950663787038] 10 2872.8008103370667s
2022-07-02 05:17:24.046810 (1.0, 100000.0, 23, 10.0, 0.3, 0.319, 0.0, 3) [0.0965143591298247 0.002241003910609159 0.04722672711858142] 10 5980.554812431335s
2022-07-02 05:20:00.717476 (1.0, 100000.0, 22, 10.0, 0.3, 0.315, 0.0, 3) [0.10584950395380471 0.004523697307931782 0.03802935282965989] 10 4950.078037977219s
2022-07-02 05:33:06.987697 (1.0, 100000.0, 21, 10.0, 0.3, 0.295, 0.0, 3) [0.13612009355436777 0.0034949886619636277 0.013309645921073998] 10 7538.666549682617s
2022-07-02 05:39:35.926287 (1.0, 100000.0, 20, 10.0, 0.3, 0.295, 0.0, 3) [0.1439960939953813 0.002281903014653292 0.012781060966136572] 10 2873.534017801285s
2022-07-02 06:11:58.563552 (1.0, 100000.0, 24, 10.0, 0.3, 0.292, 0.0, 3) [0.1206670669708752 0.0028129615423217727 0.012340429638783321] 10 7535.947390556335s
2022-07-02 06:41:39.982835 (1.0, 100000.0, 22, 10.0, 0.3, 0.315, 0.0, 3) [0.10578702909974673 0.00316028292857268 0.038159271901093125] 10 4899.262509584427s
2022-07-02 06:44:09.362590 (1.0, 100000.0, 21, 10.0, 0.3, 0.295, 0.0, 3) [0.13407255081411448 0.0024437881122567565 0.014457124249358636] 10 4262.372098445892s
2022-07-02 07:01:10.925758 (1.0, 100000.0, 23, 10.0, 0.3, 0.319, 0.0, 3) [0.0965696717205418 0.0029027791778033435 0.04709769800389552] 10 6226.873970746994s
2022-07-02 07:55:35.390743 (1.0, 100000.0, 21, 10.0, 0.3, 0.295, 0.0, 3) [0.13329971303552698 0.0025343230561801237 0.014957516290914626] 10 4286.025618553162s
2022-07-02 08:03:40.584139 (1.0, 100000.0, 22, 10.0, 0.3, 0.315, 0.0, 3) [0.10904192480204718 0.0036102611017809847 0.033200038808010104] 10 4920.598338842392s
2022-07-02 08:18:10.471107 (1.0, 100000.0, 24, 10.0, 0.3, 0.292, 0.0, 3) [0.12273832459739942 0.002547625972697933 0.011177848824870457] 10 7571.901766061783s
2022-07-02 08:38:38.919530 (1.0, 100000.0, 23, 10.0, 0.3, 0.319, 0.0, 3) [0.0943740889077447 0.0031040190608549083 0.05176538296779128] 10 5847.990254878998s
2022-07-02 09:27:37.228004 (1.0, 100000.0, 22, 10.0, 0.3, 0.309, 0.0, 3) [0.11458004177012636 0.0036864020935508776 0.026086521632561373] 10 5029.802978515625s
2022-07-02 10:03:42.356575 (1.0, 100000.0, 21, 10.0, 0.3, 0.295, 0.0, 3) [0.13587731127245073 0.0025127639869561612 0.013447372916474255] 10 7686.962965011597s
2022-07-02 10:19:29.072595 (1.0, 100000.0, 23, 10.0, 0.3, 0.319, 0.0, 3) [0.09833205836320984 0.0028870009108516357 0.04347578569145427] 10 6050.138912439346s
2022-07-02 10:20:28.775557 (1.0, 100000.0, 24, 10.0, 0.3, 0.292, 0.0, 3) [0.12248182512471371 0.002771534442516542 0.011332228079445606] 10 7338.286283016205s
2022-07-02 10:52:03.763893 (1.0, 100000.0, 22, 10.0, 0.3, 0.309, 0.0, 3) [0.11197532290453517 0.002742851251936219 0.029154060655692676] 10 5066.51544213295s
2022-07-02 11:21:04.403997 (1.0, 100000.0, 21, 10.0, 0.3, 0.295, 0.0, 3) [0.13802885799673587 0.0029025385261524745 0.012300565363255708] 10 4642.022229671478s
2022-07-02 12:04:16.095565 (1.0, 100000.0, 23, 10.0, 0.3, 0.319, 0.0, 3) [0.09244587310862766 0.0022062992268949747 0.05640927350006943] 10 6287.01953458786s
2022-07-02 12:14:11.945789 (1.0, 100000.0, 22, 10.0, 0.3, 0.309, 0.0, 3) [0.11220133822318203 0.0024290791633024716 0.02886788128605648] 10 4928.1791524887085s
2022-07-02 12:31:20.212043 (1.0, 100000.0, 24, 10.0, 0.3, 0.292, 0.0, 3) [0.11890109032325283 0.0032422350004861506 0.013405176074276512] 10 7851.433433055878s
2022-07-02 12:35:20.398599 (1.0, 100000.0, 21, 10.0, 0.3, 0.295, 0.0, 3) [0.13521350897155432 0.0024767086166039686 0.013817266698500124] 10 4455.990674495697s
2022-07-02 13:29:28.042721 (1.0, 100000.0, 22, 10.0, 0.3, 0.309, 0.0, 3) [0.11122037465787891 0.0026212024920408213 0.030160958815379682] 10 4516.094158172607s
2022-07-02 13:42:52.638049 (1.0, 100000.0, 21, 10.0, 0.3, 0.295, 0.0, 3) [0.13615279661250274 0.0025533885819310612 0.013268518653142625] 10 4052.2369015216827s
2022-07-02 13:51:44.295710 (1.0, 100000.0, 23, 10.0, 0.3, 0.319, 0.0, 3) [0.09367150087156682 0.003984760071328675 0.05341914360649136] 10 6448.197301387787s
2022-07-02 14:39:35.589494 (1.0, 100000.0, 24, 10.0, 0.3, 0.309, 0.0, 3) [0.09909466384764958 0.0018943739285631918 0.034404010784738225] 10 7691.131774902344s
2022-07-02 14:44:42.984609 (1.0, 100000.0, 22, 10.0, 0.3, 0.309, 0.0, 3) [0.1114608836406768 0.0030904088844592057 0.02975537294295361] 10 4514.937121152878s
2022-07-02 14:49:59.654363 (1.0, 100000.0, 21, 10.0, 0.3, 0.295, 0.0, 3) [0.1384314913224875 0.004553157716979476 0.012120018885460123] 10 4027.0134670734406s
2022-07-02 15:44:28.529133 (1.0, 100000.0, 23, 10.0, 0.3, 0.309, 0.0, 3) [0.10235879782878349 0.006112222583273747 0.03605979671300876] 10 6754.318367481232s
2022-07-02 15:57:57.500049 (1.0, 100000.0, 22, 10.0, 0.3, 0.309, 0.0, 3) [0.11260979684018567 0.0031379606138750207 0.02839195442848162] 10 4394.513221740723s
2022-07-02 15:58:31.601797 (1.0, 100000.0, 21, 10.0, 0.3, 0.295, 0.0, 3) [0.1363430720369056 0.0034252990528931913 0.013183809256139658] 10 4111.94527387619s
2022-07-02 16:44:10.408650 (1.0, 100000.0, 24, 10.0, 0.3, 0.309, 0.0, 3) [0.10022954509914211 0.003832000849770383 0.032768566381234175] 10 7474.817041635513s
2022-07-02 17:03:52.041873 (1.0, 100000.0, 21, 10.0, 0.3, 0.295, 0.0, 3) [0.1408482166324782 0.004000822488222167 0.010935209150976292] 10 3920.4376583099365s
2022-07-02 17:10:39.223606 (1.0, 100000.0, 22, 10.0, 0.3, 0.309, 0.0, 3) [0.1113448828909547 0.0018173679020999246 0.02991685669035107] 10 4361.721160411835s
2022-07-02 17:32:46.152432 (1.0, 100000.0, 23, 10.0, 0.3, 0.309, 0.0, 3) [0.10355410539823538 0.0037706743993390643 0.034149136765443254] 10 6497.620354890823s
2022-07-02 18:08:39.213739 (1.0, 100000.0, 21, 10.0, 0.3, 0.315, 0.0, 3) [0.11202617554730873 0.0032906058221114196 0.03627715277498818] 10 3880.024442434311s
2022-07-02 18:23:05.210895 (1.0, 100000.0, 22, 10.0, 0.3, 0.309, 0.0, 3) [0.11087284060218701 0.004397389365344319 0.030580269014436744] 10 4345.980956315994s
2022-07-02 18:47:01.480278 (1.0, 100000.0, 24, 10.0, 0.3, 0.309, 0.0, 3) [0.1054422824568753 0.0035251536055311465 0.025540948265660935] 10 7371.068681716919s
2022-07-02 19:12:33.771064 (1.0, 100000.0, 21, 10.0, 0.3, 0.315, 0.0, 3) [0.11050839858880085 0.003550778564747857 0.038557764794371154] 10 3834.5480740070343s
2022-07-02 19:17:03.095655 (1.0, 100000.0, 23, 10.0, 0.3, 0.309, 0.0, 3) [0.10461670459410242 0.00405450598066273 0.032459714925882704] 10 6256.940263271332s
2022-07-02 19:36:29.550982 (1.0, 100000.0, 22, 10.0, 0.3, 0.309, 0.0, 3) [0.11029029096383226 0.0027519768365543407 0.031356913821838646] 10 4404.337700128555s
2022-07-02 20:14:46.552342 (1.0, 100000.0, 21, 10.0, 0.3, 0.315, 0.0, 3) [0.1124489379888819 0.002349692420564825 0.03568094870285254] 10 3732.7793378829956s
2022-07-02 20:49:21.002402 (1.0, 100000.0, 24, 10.0, 0.3, 0.309, 0.0, 3) [0.09752498381227086 0.003016244443035358 0.03705021784852835] 10 7339.518913269043s
2022-07-02 20:50:55.096387 (1.0, 100000.0, 22, 10.0, 0.3, 0.309, 0.0, 3) [0.1148415102943798 0.004373864963290418 0.02578960429876478] 10 4465.54310798645s
2022-07-02 21:01:06.365670 (1.0, 100000.0, 23, 10.0, 0.3, 0.309, 0.0, 3) [0.10738584693642202 0.0030630062799788826 0.028862458031866284] 10 6243.267716407776s
2022-07-02 21:18:20.691749 (1.0, 100000.0, 21, 10.0, 0.3, 0.315, 0.0, 3) [0.11097476351591394 0.003058835339671066 0.037881465282154934] 10 3814.1362097263336s
2022-07-02 22:06:09.092688 (1.0, 100000.0, 22, 10.0, 0.3, 0.299, 0.0, 3) [0.12591318439439791 0.0027153440656736503 0.015876457937963523] 10 4510.610110759735s
2022-07-02 22:22:17.019103 (1.0, 100000.0, 21, 10.0, 0.3, 0.315, 0.0, 3) [0.11313073517356466 0.00390148490759157 0.03469167293187345] 10 3836.324643135071s
2022-07-02 22:49:03.076225 (1.0, 100000.0, 23, 10.0, 0.3, 0.309, 0.0, 3) [0.1045588676333588 0.0026360479640460607 0.03267563835545465] 10 6476.707808971405s
2022-07-02 22:52:32.348094 (1.0, 100000.0, 24, 10.0, 0.3, 0.309, 0.0, 3) [0.09965183154879703 0.0044180920772254806 0.03358765159417549] 10 7391.342298030853s
2022-07-02 23:22:07.960233 (1.0, 100000.0, 22, 10.0, 0.3, 0.299, 0.0, 3) [0.12422492273106495 0.0020545596683737427 0.01704979059056087] 10 4558.865490913391s
2022-07-03 00:06:16.190773 (1.0, 100000.0, 21, 10.0, 0.3, 0.315, 0.0, 3) [0.1125563246056307 0.003942978984710538 0.03560890405502832] 10 6239.166326284409s
2022-07-03 00:36:58.389538 (1.0, 100000.0, 23, 10.0, 0.3, 0.309, 0.0, 3) [0.10479690500387501 0.0034693751766147495 0.03232272644696525] 10 6475.310061454773s
2022-07-03 00:38:06.695707 (1.0, 100000.0, 22, 10.0, 0.3, 0.299, 0.0, 3) [0.12526876017111177 0.002106280922288259 0.01631181709509131] 10 4558.733154058456s
2022-07-03 00:55:52.488441 (1.0, 100000.0, 24, 10.0, 0.3, 0.309, 0.0, 3) [0.10116016302406745 0.003649956104294697 0.03125297098395853] 10 7400.1352326869965s
2022-07-03 01:10:22.769414 (1.0, 100000.0, 21, 10.0, 0.3, 0.315, 0.0, 3) [0.11203171723536097 0.002670707385074988 0.03624426365582178] 10 3846.575771331787s
2022-07-03 01:54:06.036458 (1.0, 100000.0, 22, 10.0, 0.3, 0.299, 0.0, 3) [0.12223408472946032 0.0030887676521433993 0.018580656469994825] 10 4559.337668895721s
2022-07-03 02:14:27.293211 (1.0, 100000.0, 21, 10.0, 0.3, 0.315, 0.0, 3) [0.10865974706976886 0.003903994353010842 0.04168283030277898] 10 3844.5211701393127s
2022-07-03 02:23:07.345741 (1.0, 100000.0, 23, 10.0, 0.3, 0.309, 0.0, 3) [0.10570831398828334 0.003216294559360355 0.031020838388663496] 10 6368.953851222992s
2022-07-03 02:56:33.163951 (1.0, 100000.0, 24, 10.0, 0.3, 0.309, 0.0, 3) [0.10184098246437194 0.0024233438063166646 0.03033580604776827] 10 7240.669001579285s
2022-07-03 03:10:06.618790 (1.0, 100000.0, 22, 10.0, 0.3, 0.299, 0.0, 3) [0.12337617644128628 0.004448183771193992 0.017722496034417338] 10 4560.576999425888s
2022-07-03 03:18:35.339642 (1.0, 100000.0, 21, 10.0, 0.3, 0.315, 0.0, 3) [0.11133219697609684 0.003525256971716679 0.03739519158354665] 10 3848.042905330658s
2022-07-03 04:09:27.171253 (1.0, 100000.0, 23, 10.0, 0.3, 0.309, 0.0, 3) [0.10324002804891245 0.005383986648677501 0.034662445306567806] 10 6379.822948694229s
2022-07-03 04:23:27.402889 (1.0, 100000.0, 21, 10.0, 0.3, 0.315, 0.0, 3) [0.11115573474496034 0.003625180587205005 0.03766982588109195] 10 3892.0607073307037s
2022-07-03 04:26:09.448088 (1.0, 100000.0, 22, 10.0, 0.3, 0.299, 0.0, 3) [0.12157432728120025 0.005117722015910857 0.019156154463056994] 10 4562.826944112778s
2022-07-03 04:57:14.352710 (1.0, 100000.0, 24, 10.0, 0.3, 0.309, 0.0, 3) [0.1018362191404457 0.002044696885473058 0.030285669160490074] 10 7241.186287879944s
2022-07-03 05:41:35.939336 (1.0, 100000.0, 22, 10.0, 0.3, 0.299, 0.0, 3) [0.12482319091681268 0.0025148734000269304 0.016631468400389638] 10 4526.488296985626s
2022-07-03 05:56:17.653026 (1.0, 100000.0, 23, 10.0, 0.3, 0.309, 0.0, 3) [0.10715764560430087 0.0028719653732873426 0.02912303357393326] 10 6410.47921538353s
2022-07-03 06:01:57.935045 (1.0, 100000.0, 21, 10.0, 0.3, 0.312, 0.0, 3) [0.11505161876607481 0.0024206201708718614 0.03199932601235207] 10 5904.670404434204s
2022-07-03 06:56:38.323466 (1.0, 100000.0, 22, 10.0, 0.3, 0.299, 0.0, 3) [0.1271282961311282 0.003046488829814892 0.015093121720036014] 10 4502.381214141846s
2022-07-03 07:00:15.660381 (1.0, 100000.0, 24, 10.0, 0.3, 0.309, 0.0, 3) [0.09960267618279674 0.00346892266043283 0.03368845943747458] 10 7381.305065870285s
2022-07-03 07:07:49.821009 (1.0, 100000.0, 21, 10.0, 0.3, 0.312, 0.0, 3) [0.11077890386673435 0.006138558591574512 0.03817471920500431] 10 3951.8826882839203s
2022-07-03 07:44:13.673293 (1.0, 100000.0, 23, 10.0, 0.3, 0.309, 0.0, 3) [0.10639093405421925 0.004694034814954749 0.03008257662384576] 10 6476.01765704155s
2022-07-03 08:12:15.308941 (1.0, 100000.0, 22, 10.0, 0.3, 0.299, 0.0, 3) [0.12344758326404817 0.004208249773318064 0.01768982360254486] 10 4536.98294711113s
2022-07-03 08:14:20.732869 (1.0, 100000.0, 21, 10.0, 0.3, 0.312, 0.0, 3) [0.11448401384612382 0.004610388665692584 0.032766989798174634] 10 3990.9093198776245s
2022-07-03 09:03:58.153629 (1.0, 100000.0, 24, 10.0, 0.3, 0.309, 0.0, 3) [0.09828127380519408 0.004971594278611877 0.03572976283038337] 10 7422.490579366684s
2022-07-03 09:30:53.493524 (1.0, 100000.0, 21, 10.0, 0.3, 0.312, 0.0, 3) [0.110039970896461 0.0022158373547127965 0.03931060388587209] 10 4592.758267402649s
2022-07-03 09:38:47.476694 (1.0, 100000.0, 23, 10.0, 0.3, 0.312, 0.0, 3) [0.10514489910044968 0.0037201823430663325 0.031915129270058996] 10 6865.819449424744s
2022-07-03 09:43:48.223486 (1.0, 100000.0, 22, 10.0, 0.3, 0.299, 0.0, 3) [0.12147345416740604 0.003321326154216207 0.01925821722685628] 10 5492.911998748779s
2022-07-03 10:46:16.823789 (1.0, 100000.0, 21, 10.0, 0.3, 0.312, 0.0, 3) [0.11579605752131551 0.006629069456769891 0.03108287189151596] 10 4523.327746152878s
2022-07-03 11:11:37.873688 (1.0, 100000.0, 24, 10.0, 0.3, 0.319, 0.0, 3) [0.09161483793308632 0.0030723282770486957 0.049077653251984564] 10 7650.0320789813995s
2022-07-03 11:17:53.896013 (1.0, 100000.0, 22, 10.0, 0.3, 0.312, 0.0, 3) [0.10596684391955376 0.0022496802821077087 0.03771653128725322] 10 5450.831270933151s
2022-07-03 11:31:11.884707 (1.0, 100000.0, 23, 10.0, 0.3, 0.312, 0.0, 3) [0.10155627193514749 0.0028920930776581153 0.03740818424134658] 10 6744.405895233154s
2022-07-03 12:02:09.239749 (1.0, 100000.0, 21, 10.0, 0.3, 0.312, 0.0, 3) [0.11566750141618108 0.004320531660118071 0.031213677183475813] 10 4552.409705877304s
2022-07-03 12:57:53.720948 (1.0, 100000.0, 22, 10.0, 0.3, 0.312, 0.0, 3) [0.10923162709864323 0.004034341599615007 0.03288561305085341] 10 5999.80565237999s
2022-07-03 13:19:00.546119 (1.0, 100000.0, 21, 10.0, 0.3, 0.312, 0.0, 3) [0.11672388278903009 0.006827964598865129 0.02991073134050584] 10 4611.2950711250305s
2022-07-03 13:26:44.874469 (1.0, 100000.0, 23, 10.0, 0.3, 0.312, 0.0, 3) [0.1008121547625339 0.0023766633264770253 0.03877454795680447] 10 6932.986936330795s
2022-07-03 13:30:06.452846 (1.0, 100000.0, 24, 10.0, 0.3, 0.319, 0.0, 3) [0.0871526149424076 0.0031841100870665714 0.060450112613888544] 10 8308.575171470642s
2022-07-03 14:28:35.999575 (1.0, 100000.0, 22, 10.0, 0.3, 0.312, 0.0, 3) [0.10688353825419954 0.0037104477307530227 0.03630849227846729] 10 5442.274532079697s
2022-07-03 14:35:40.674530 (1.0, 100000.0, 21, 10.0, 0.3, 0.312, 0.0, 3) [0.11585489653373739 0.002386693997458782 0.03095896166687806] 10 4600.125104188919s
2022-07-03 15:24:24.611203 (1.0, 100000.0, 23, 10.0, 0.3, 0.312, 0.0, 3) [0.1023868471012533 0.0025282983958597456 0.036077234667447784] 10 7059.734336137772s
2022-07-03 15:44:59.448975 (1.0, 100000.0, 24, 10.0, 0.3, 0.319, 0.0, 3) [0.09091545965325835 0.003655670932548745 0.05075236893159233] 10 8092.993818759918s
2022-07-03 15:52:05.707754 (1.0, 100000.0, 21, 10.0, 0.3, 0.312, 0.0, 3) [0.11671699646850521 0.003660087470855496 0.029879380492501093] 10 4585.030567646027s
2022-07-03 16:04:35.190587 (1.0, 100000.0, 22, 10.0, 0.3, 0.312, 0.0, 3) [0.10836947194558688 0.0038452425667388256 0.03413921070452009] 10 5759.186908960342s
2022-07-03 17:06:39.221471 (1.0, 100000.0, 21, 10.0, 0.3, 0.312, 0.0, 3) [0.1167286782242731 0.0023595533128413855 0.0298839240847437] 10 4473.511118412018s
2022-07-03 17:21:54.219093 (1.0, 100000.0, 23, 10.0, 0.3, 0.312, 0.0, 3) [0.0997137574283226 0.0035571982982247536 0.04058563813660666] 10 7049.601404428482s
2022-07-03 17:30:22.210069 (1.0, 100000.0, 22, 10.0, 0.3, 0.312, 0.0, 3) [0.1069811275506126 0.004046622132484221 0.03611038460871699] 10 5147.015460968018s
2022-07-03 17:47:06.636498 (1.0, 100000.0, 24, 10.0, 0.3, 0.319, 0.0, 3) [0.08945304226841265 0.002439759398041184 0.054198865585753944] 10 7327.184955835342s
2022-07-03 18:18:18.043034 (1.0, 100000.0, 21, 10.0, 0.3, 0.292, 0.0, 3) [0.14093375630039887 0.0023654191261764435 0.010934117483233575] 10 4291.866418600082s
2022-07-03 18:52:13.487294 (1.0, 100000.0, 22, 10.0, 0.3, 0.312, 0.0, 3) [0.10442503209867614 0.003273610771435357 0.040319684537718316] 10 4911.2752277851105s
2022-07-03 19:08:19.797115 (1.0, 100000.0, 23, 10.0, 0.3, 0.312, 0.0, 3) [0.10193721442192205 0.0030185171640009 0.03682382524358006] 10 6385.575539827347s
2022-07-03 19:29:18.778327 (1.0, 100000.0, 21, 10.0, 0.3, 0.292, 0.0, 3) [0.1402458605672714 0.005864633903413402 0.011222011837772647] 10 4260.732625246048s
2022-07-03 19:48:49.833517 (1.0, 100000.0, 24, 10.0, 0.3, 0.319, 0.0, 3) [0.08935356228497982 0.0017840728108378396 0.05437813540373504] 10 7303.193659067154s
2022-07-03 20:12:08.167816 (1.0, 100000.0, 22, 10.0, 0.3, 0.312, 0.0, 3) [0.10701430380045127 0.002811779393024872 0.03615711687907619] 10 4794.676310300827s
2022-07-03 20:39:29.957611 (1.0, 100000.0, 21, 10.0, 0.3, 0.292, 0.0, 3) [0.13948752855845709 0.002618217557106205 0.011548916704389107] 10 4211.1765739917755s
2022-07-03 20:50:49.521132 (1.0, 100000.0, 23, 10.0, 0.3, 0.312, 0.0, 3) [0.10363694476406146 0.0027065129923157013 0.034244177177572374] 10 6149.717908620834s
2022-07-03 21:41:09.717595 (1.0, 100000.0, 22, 10.0, 0.3, 0.312, 0.0, 3) [0.11210530580306881 0.005662327628307962 0.029162867937728345] 10 5341.546856403351s
2022-07-03 21:51:06.452477 (1.0, 100000.0, 21, 10.0, 0.3, 0.292, 0.0, 3) [0.14136640984609694 0.0024434560565241336 0.010687415479712832] 10 4296.4922568798065s
2022-07-03 21:52:34.990641 (1.0, 100000.0, 24, 10.0, 0.3, 0.319, 0.0, 3) [0.08948509430178926 0.005563622812055612 0.05477097200949043] 10 7425.151891469955s
2022-07-03 22:35:38.220381 (1.0, 100000.0, 23, 10.0, 0.3, 0.312, 0.0, 3) [0.10154500648101446 0.004234542213758892 0.03740433775707899] 10 6288.696485519409s
2022-07-03 23:02:03.072264 (1.0, 100000.0, 21, 10.0, 0.3, 0.292, 0.0, 3) [0.1400792268614221 0.0024695969484673404 0.011289668948476664] 10 4256.616997718811s
2022-07-03 23:08:55.354839 (1.0, 100000.0, 22, 10.0, 0.3, 0.312, 0.0, 3) [0.11091357647365688 0.006247084087807224 0.030597746987211728] 10 5265.606618642807s
2022-07-03 23:55:10.627979 (1.0, 100000.0, 24, 10.0, 0.3, 0.319, 0.0, 3) [0.09149912904762111 0.004862587870563996 0.04942406587989591] 10 7355.634494304657s
2022-07-04 00:07:15.053196 (1.0, 100000.0, 21, 10.0, 0.3, 0.292, 0.0, 3) [0.1420274363030706 0.0047675353061112265 0.010411919827839698] 10 3911.9784693717957s
2022-07-04 00:23:00.140328 (1.0, 100000.0, 23, 10.0, 0.3, 0.312, 0.0, 3) [0.10016004707064173 0.003406382102174549 0.03986027297677192] 10 6441.917228221893s
2022-07-04 00:32:38.292944 (1.0, 100000.0, 22, 10.0, 0.3, 0.312, 0.0, 3) [0.10641157284151163 0.003867431989497178 0.03699391201306135] 10 5022.9352905750275s
2022-07-04 01:26:05.225784 (1.0, 100000.0, 21, 10.0, 0.3, 0.292, 0.0, 3) [0.14092130917811785 0.0030734376184038325 0.010917238649187422] 10 4730.170332193375s
2022-07-04 01:50:40.936790 (1.0, 100000.0, 22, 10.0, 0.3, 0.295, 0.0, 3) [0.12867832847299077 0.008053634109028313 0.014071393554041783] 10 4678.215420722961s
2022-07-04 01:57:46.915220 (1.0, 100000.0, 24, 10.0, 0.3, 0.319, 0.0, 3) [0.08917765995667104 0.0032304816882510034 0.05491271550688904] 10 7356.28276014328s
2022-07-04 02:19:16.697388 (1.0, 100000.0, 23, 10.0, 0.3, 0.312, 0.0, 3) [0.10178512381487753 0.004113860198195647 0.03699139469760395] 10 6976.55443239212s
2022-07-04 02:31:07.212788 (1.0, 100000.0, 21, 10.0, 0.3, 0.292, 0.0, 3) [0.14279844026405672 0.0035242013379532 0.010078446138891233] 10 3901.98437166214s
2022-07-04 03:06:24.530719 (1.0, 100000.0, 22, 10.0, 0.3, 0.295, 0.0, 3) [0.1286128102522862 0.003586079803793215 0.01410869982965913] 10 4543.5917456150055s
2022-07-04 03:36:04.705839 (1.0, 100000.0, 21, 10.0, 0.3, 0.292, 0.0, 3) [0.13841691541974369 0.00366798424903939 0.012090957253513054] 10 3897.4906446933746s
2022-07-04 04:00:38.268691 (1.0, 100000.0, 24, 10.0, 0.3, 0.319, 0.0, 3) [0.08912243187046251 0.003723991411148842 0.05533263002697163] 10 7371.349829912186s
2022-07-04 04:14:27.138189 (1.0, 100000.0, 23, 10.0, 0.3, 0.315, 0.0, 3) [0.09643633815144433 0.002236133892436764 0.04708450413694738] 10 6906.062213897705s
2022-07-04 04:20:56.666301 (1.0, 100000.0, 22, 10.0, 0.3, 0.295, 0.0, 3) [0.1311671902158354 0.004506799334540041 0.012601534728069595] 10 4472.111566066742s
2022-07-04 04:40:10.940818 (1.0, 100000.0, 21, 10.0, 0.3, 0.292, 0.0, 3) [0.14019672115443485 0.0028067266122845467 0.011208089797096064] 10 3846.1909804344177s
2022-07-04 05:35:11.778156 (1.0, 100000.0, 22, 10.0, 0.3, 0.295, 0.0, 3) [0.13119837789203115 0.004097175273067423 0.012601702196780666] 10 4455.099672794342s
2022-07-04 05:50:34.932904 (1.0, 100000.0, 21, 10.0, 0.3, 0.302, 0.0, 3) [0.1288120419800111 0.002798128422076918 0.01810210121276704] 10 4220.137682676315s
2022-07-04 05:55:49.995339 (1.0, 100000.0, 23, 10.0, 0.3, 0.315, 0.0, 3) [0.09872136905846192 0.002627443038036751 0.04271311257961811] 10 6082.832947015762s
2022-07-04 06:02:30.603267 (1.0, 100000.0, 24, 10.0, 0.3, 0.319, 0.0, 3) [0.08931582386369541 0.003760113193121516 0.05470166805790499] 10 7312.3180539608s
2022-07-04 06:50:55.824446 (1.0, 100000.0, 22, 10.0, 0.3, 0.295, 0.0, 3) [0.1288519649474928 0.0028947607866106353 0.013946737414521744] 10 4543.900803089142s
2022-07-04 07:06:18.294044 (1.0, 100000.0, 21, 10.0, 0.3, 0.302, 0.0, 3) [0.12238819508956185 0.00457372047657446 0.02352815050565498] 10 4541.838453054428s
2022-07-04 07:36:24.704917 (1.0, 100000.0, 23, 10.0, 0.3, 0.315, 0.0, 3) [0.0994191316267416 0.004357644386027192 0.041326399391366724] 10 6034.692924499512s
2022-07-04 07:57:31.349703 (1.0, 100000.0, 24, 10.0, 0.3, 0.312, 0.0, 3) [0.09789539929817377 0.003492887891192069 0.036484883770311505] 10 6896.934881925583s
2022-07-04 08:07:06.245623 (1.0, 100000.0, 22, 10.0, 0.3, 0.295, 0.0, 3) [0.1260191486098797 0.002726252980288885 0.015752248976626377] 10 4570.395092010498s
2022-07-04 08:28:50.831710 (1.0, 100000.0, 21, 10.0, 0.3, 0.302, 0.0, 3) [0.1261594130439196 0.0025305789290139195 0.020133410365159345] 10 4952.534951925278s
2022-07-04 09:21:54.041355 (1.0, 100000.0, 23, 10.0, 0.3, 0.315, 0.0, 3) [0.09784529057034237 0.00525550934819877 0.04431479920067852] 10 6329.333493232727s
2022-07-04 09:23:52.757071 (1.0, 100000.0, 22, 10.0, 0.3, 0.295, 0.0, 3) [0.1285851130023472 0.002869051974452592 0.014103833547731488] 10 4606.5084936618805s
2022-07-04 09:52:10.419125 (1.0, 100000.0, 24, 10.0, 0.3, 0.312, 0.0, 3) [0.09508656218882208 0.0029299647560378497 0.04152717605919838] 10 6879.048739910126s
2022-07-04 10:40:50.464155 (1.0, 100000.0, 22, 10.0, 0.3, 0.295, 0.0, 3) [0.1297434908829503 0.003986486602137997 0.013430260696986846] 10 4617.703909635544s
2022-07-04 10:54:13.130630 (1.0, 100000.0, 21, 10.0, 0.3, 0.302, 0.0, 3) [0.13153003286159531 0.0026379714146734295 0.0161907905427662] 10 8722.281894207s
2022-07-04 11:04:47.399432 (1.0, 100000.0, 23, 10.0, 0.3, 0.315, 0.0, 3) [0.09832214184044469 0.003585246029315659 0.0433975164736953] 10 6173.342928171158s
2022-07-04 11:47:47.506481 (1.0, 100000.0, 24, 10.0, 0.3, 0.312, 0.0, 3) [0.0960750526671398 0.0033594968924834396 0.03965969632014747] 10 6935.319391489029s
2022-07-04 11:57:17.423898 (1.0, 100000.0, 22, 10.0, 0.3, 0.295, 0.0, 3) [0.12985425962166677 0.0023236021614374026 0.013359599459137173] 10 4586.821481227875s
2022-07-04 11:59:53.264535 (1.0, 100000.0, 21, 10.0, 0.3, 0.302, 0.0, 3) [0.1289537932496856 0.004326838761513135 0.018015013804555623] 10 3940.118210554123s
2022-07-04 12:45:39.310924 (1.0, 100000.0, 23, 10.0, 0.3, 0.315, 0.0, 3) [0.09795263806276666 0.003954264093822964 0.04402918415946677] 10 6051.907997131348s
2022-07-04 13:09:20.218108 (1.0, 100000.0, 21, 10.0, 0.3, 0.302, 0.0, 3) [0.1243941265030004 0.0033743768344794726 0.021684187826621237] 10 4166.950586080551s
2022-07-04 13:14:10.593427 (1.0, 100000.0, 22, 10.0, 0.3, 0.295, 0.0, 3) [0.1260817418429474 0.006266828346502401 0.015730299193001816] 10 4613.1121208667755s
2022-07-04 13:44:51.015714 (1.0, 100000.0, 24, 10.0, 0.3, 0.312, 0.0, 3) [0.09784041081475166 0.002358597594799631 0.036625287163833245] 10 7023.146637439728s
2022-07-04 14:25:57.828819 (1.0, 100000.0, 23, 10.0, 0.3, 0.315, 0.0, 3) [0.09731809575383682 0.0027700616487100656 0.0452329066194435] 10 6018.512051820755s
2022-07-04 14:29:26.239998 (1.0, 100000.0, 21, 10.0, 0.3, 0.302, 0.0, 3) [0.12626928197027096 0.003659011176236022 0.020050847172510478] 10 4805.997577667236s
2022-07-04 14:31:22.669878 (1.0, 100000.0, 22, 10.0, 0.3, 0.292, 0.0, 3) [0.13463070561811505 0.002753756111462979 0.010838022362805374] 10 4617.318869352341s
2022-07-04 15:39:11.425557 (1.0, 100000.0, 24, 10.0, 0.3, 0.312, 0.0, 3) [0.09471481396071862 0.002723591296286258 0.04223311080698811] 10 6860.399563074112s
2022-07-04 15:47:48.739417 (1.0, 100000.0, 22, 10.0, 0.3, 0.292, 0.0, 3) [0.12958082754047945 0.0033589969475952427 0.013480752120257185] 10 4586.065548658371s
2022-07-04 15:52:36.630936 (1.0, 100000.0, 21, 10.0, 0.3, 0.302, 0.0, 3) [0.12733904534827417 0.0024720577174281305 0.019217202065156126] 10 4990.388417482376s
2022-07-04 16:06:33.963352 (1.0, 100000.0, 23, 10.0, 0.3, 0.315, 0.0, 3) [0.09872381753704774 0.002939894115073779 0.0426240341648803] 10 6036.1045043468475s
2022-07-04 17:03:24.594117 (1.0, 100000.0, 21, 10.0, 0.3, 0.302, 0.0, 3) [0.12377709204076882 0.00345470651871448 0.022220701927455247] 10 4247.957996845245s
2022-07-04 17:03:45.546175 (1.0, 100000.0, 22, 10.0, 0.3, 0.292, 0.0, 3) [0.1349514481626369 0.0061805618047509085 0.010667977596665342] 10 4556.803892850876s
2022-07-04 18:09:29.274674 (1.0, 100000.0, 21, 10.0, 0.3, 0.302, 0.0, 3) [0.1296246128465922 0.005754831097978883 0.01749003024780529] 10 3964.653599500656s
2022-07-04 18:10:14.203669 (1.0, 100000.0, 24, 10.0, 0.3, 0.312, 0.0, 3) [0.09594197958396396 0.002807185790522812 0.03995285952049029] 10 9062.739176034927s
2022-07-04 18:18:36.549232 (1.0, 100000.0, 22, 10.0, 0.3, 0.292, 0.0, 3) [0.133251753197299 0.0034111387150762623 0.011505394868280897] 10 4491.000728130341s
2022-07-04 18:24:05.033806 (1.0, 100000.0, 23, 10.0, 0.3, 0.315, 0.0, 3) [0.0981302126581638 0.00305493868094266 0.043750093707918554] 10 8251.042614459991s
2022-07-04 20:47:11.269972 (1.0, 100000.0, 23, 10.0, 0.3, 0.315, 0.0, 3) [0.09932416405238237 0.0028071076635778633 0.04155071547957057] 10 8586.232774019241s
2022-07-04 21:00:39.555831 (1.0, 100000.0, 24, 10.0, 0.3, 0.312, 0.0, 3) [0.09453584604729094 0.003335832993699314 0.04270087551896458] 10 10225.347537994385s
2022-07-04 22:58:51.422467 (1.0, 100000.0, 22, 10.0, 0.3, 0.292, 0.0, 3) [0.1325350996998452 0.0034141974981238684 0.011876396562603368] 10 16814.856152296066s
2022-07-04 23:13:04.214928 (1.0, 100000.0, 23, 10.0, 0.3, 0.299, 0.0, 3) [0.11899590239470631 0.005625776166983073 0.01695072626324166] 10 8732.450229167938s
2022-07-04 23:51:34.358808 (1.0, 100000.0, 24, 10.0, 0.3, 0.312, 0.0, 3) [0.09631104831767513 0.002863417616274729 0.0392238234808616] 10 10254.793503046036s
2022-07-05 01:00:26.513265 (1.0, 100000.0, 22, 10.0, 0.3, 0.292, 0.0, 3) [0.13200853984751756 0.0031209527649421922 0.01212218598842322] 10 7295.03067779541s
2022-07-05 01:33:57.123440 (1.0, 100000.0, 23, 10.0, 0.3, 0.299, 0.0, 3) [0.1152174998529256 0.0043602582558689915 0.020160248170059535] 10 8452.90580201149s
2022-07-05 02:43:41.126688 (1.0, 100000.0, 24, 10.0, 0.3, 0.312, 0.0, 3) [0.09617167211730339 0.0020001963499383 0.03950451131040317] 10 10326.76325750351s
2022-07-05 02:46:29.375689 (1.0, 100000.0, 22, 10.0, 0.3, 0.292, 0.0, 3) [0.13303417610172705 0.00355267409716656 0.011618638212018438] 10 6362.831004858017s
2022-07-05 03:55:42.438721 (1.0, 100000.0, 23, 10.0, 0.3, 0.299, 0.0, 3) [0.1216213678983954 0.0029750387116474312 0.01506524023554059] 10 8505.31173658371s
2022-07-05 04:05:10.615060 (1.0, 100000.0, 22, 10.0, 0.3, 0.292, 0.0, 3) [0.13206028513516507 0.004368079166185689 0.01214000828210236] 10 4721.235600471497s
2022-07-05 05:23:43.727647 (1.0, 100000.0, 22, 10.0, 0.3, 0.292, 0.0, 3) [0.13297039833420085 0.0035037339602914464 0.011659921262088431] 10 4713.110151529312s
2022-07-05 05:33:34.574114 (1.0, 100000.0, 24, 10.0, 0.3, 0.312, 0.0, 3) [0.09722488321556659 0.0017784872603533943 0.037666361878099894] 10 10193.420510053635s
2022-07-05 06:18:02.357823 (1.0, 100000.0, 23, 10.0, 0.3, 0.299, 0.0, 3) [0.1138245749589443 0.0034244033301578432 0.021430912631063448] 10 8539.894208431244s
2022-07-05 06:47:09.095700 (1.0, 100000.0, 22, 10.0, 0.3, 0.292, 0.0, 3) [0.13336772396772129 0.002862263322573591 0.011420232189548882] 10 5005.351096630096s
2022-07-05 08:10:06.784650 (1.0, 100000.0, 24, 10.0, 0.3, 0.315, 0.0, 3) [0.0943928167214641 0.004406346734984166 0.043043310106405094] 10 9369.424797534943s
2022-07-05 08:30:48.231507 (1.0, 100000.0, 23, 10.0, 0.3, 0.299, 0.0, 3) [0.11787812616048647 0.0032858835175318853 0.017785616905994957] 10 7965.851906776428s
2022-07-05 10:15:20.461457 (1.0, 100000.0, 23, 10.0, 0.3, 0.299, 0.0, 3) [0.11909225056522116 0.002542164165336714 0.016888932096553202] 10 6272.227147817612s
2022-07-05 10:18:52.808498 (1.0, 100000.0, 24, 10.0, 0.3, 0.315, 0.0, 3) [0.09363385612402704 0.0030530716157693484 0.04465856498227388] 10 7725.981274604797s
2022-07-05 11:58:11.624331 (1.0, 100000.0, 23, 10.0, 0.3, 0.299, 0.0, 3) [0.11995946540232744 0.0036728658476694654 0.016227453140708514] 10 6171.133047103882s
2022-07-05 12:21:48.691165 (1.0, 100000.0, 24, 10.0, 0.3, 0.315, 0.0, 3) [0.09482895763231841 0.0036274594290451544 0.04216519850446058] 10 7375.8796491622925s
2022-07-05 13:46:29.953645 (1.0, 100000.0, 23, 10.0, 0.3, 0.299, 0.0, 3) [0.11704968849847149 0.003133707725161599 0.018523331983734164] 10 6498.297393083572s
2022-07-05 14:24:30.038523 (1.0, 100000.0, 24, 10.0, 0.3, 0.315, 0.0, 3) [0.09336675287405774 0.0018497861615495543 0.04520347712140214] 10 7361.344317674637s
2022-07-05 15:32:06.251350 (1.0, 100000.0, 23, 10.0, 0.3, 0.299, 0.0, 3) [0.11834293737518342 0.004902105029324148 0.017464330645094592] 10 6336.276350736618s
2022-07-05 16:27:19.949105 (1.0, 100000.0, 24, 10.0, 0.3, 0.315, 0.0, 3) [0.09306186231457222 0.004291591490035634 0.04571294920547739] 10 7369.887758731842s
2022-07-05 17:15:27.799079 (1.0, 100000.0, 23, 10.0, 0.3, 0.299, 0.0, 3) [0.11568302647206365 0.0031132036318716233 0.019682440400221234] 10 6201.545138597488s
2022-07-05 18:30:01.321982 (1.0, 100000.0, 24, 10.0, 0.3, 0.315, 0.0, 3) [0.09088235242577254 0.0027714458189346267 0.05058385491981795] 10 7361.369902610779s
2022-07-05 19:10:30.886829 (1.0, 100000.0, 23, 10.0, 0.3, 0.302, 0.0, 3) [0.11294899068648155 0.0024215536191353948 0.022293354514253915] 10 6899.031568288803s
2022-07-05 20:33:19.256667 (1.0, 100000.0, 24, 10.0, 0.3, 0.315, 0.0, 3) [0.0941184037802253 0.004148266962119163 0.043579640959453686] 10 7397.928068161011s
2022-07-05 21:04:25.022454 (1.0, 100000.0, 23, 10.0, 0.3, 0.302, 0.0, 3) [0.11300682639767988 0.002754251215871019 0.022248345989229035] 10 6834.133409023285s
2022-07-05 22:38:38.618817 (1.0, 100000.0, 24, 10.0, 0.3, 0.315, 0.0, 3) [0.09225230726662914 0.002426708829486083 0.04737073932862638] 10 7519.359009504318s
2022-07-05 23:00:22.394874 (1.0, 100000.0, 23, 10.0, 0.3, 0.302, 0.0, 3) [0.11103257509544329 0.00387814572674647 0.024305895886978512] 10 6957.3697373867035s
2022-07-06 00:44:12.301975 (1.0, 100000.0, 24, 10.0, 0.3, 0.315, 0.0, 3) [0.09171076927719579 0.0033108930553543314 0.04871094540684122] 10 7533.677187204361s
2022-07-06 00:47:46.161034 (1.0, 100000.0, 23, 10.0, 0.3, 0.302, 0.0, 3) [0.1137064253322987 0.0032056528567659093 0.02153078416489786] 10 6443.763720750809s
2022-07-06 02:34:59.714912 (1.0, 100000.0, 23, 10.0, 0.3, 0.302, 0.0, 3) [0.11138920216664278 0.003003760377142021 0.02392623315925395] 10 6433.549520254135s
2022-07-06 02:49:42.460863 (1.0, 100000.0, 24, 10.0, 0.3, 0.315, 0.0, 3) [0.09151000050831733 0.003446467311841084 0.049152200111307665] 10 7530.156399726868s
2022-07-06 04:19:30.131568 (1.0, 100000.0, 23, 10.0, 0.3, 0.302, 0.0, 3) [0.11658288855739476 0.0032695810645915887 0.018944639772660903] 10 6270.390949964523s
2022-07-06 04:51:53.939255 (1.0, 100000.0, 24, 10.0, 0.3, 0.299, 0.0, 3) [0.11090288441599086 0.0030980326294528272 0.019653140638587585] 10 7327.267127275467s
2022-07-06 06:02:01.854797 (1.0, 100000.0, 23, 10.0, 0.3, 0.302, 0.0, 3) [0.10913832534006429 0.002963140296190408 0.026474279543945684] 10 6151.694016218185s
2022-07-06 06:41:47.889540 (1.0, 100000.0, 24, 10.0, 0.3, 0.299, 0.0, 3) [0.11151900498403945 0.00429410824358083 0.01909904210246875] 10 6593.927889585495s
2022-07-06 08:40:46.222499 (1.0, 100000.0, 24, 10.0, 0.3, 0.299, 0.0, 3) [0.1126913652813399 0.004150342659786449 0.018087652936032213] 10 7138.33030796051s
2022-07-06 09:22:23.806427 (1.0, 100000.0, 23, 10.0, 0.3, 0.302, 0.0, 3) [0.11553462220390884 0.0036400995321243484 0.019882752880947655] 10 12021.919734239578s
2022-07-06 10:48:48.211757 (1.0, 100000.0, 24, 10.0, 0.3, 0.299, 0.0, 3) [0.11102266448051452 0.0024888062144465093 0.01955110602461331] 10 7681.986197710037s
2022-07-06 11:14:47.379214 (1.0, 100000.0, 23, 10.0, 0.3, 0.302, 0.0, 3) [0.11394993294309229 0.002140443527693792 0.02132381740343942] 10 6743.570285558701s
2022-07-06 12:38:32.427499 (1.0, 100000.0, 24, 10.0, 0.3, 0.299, 0.0, 3) [0.11214192418606031 0.003882038082701919 0.018505861259117833] 10 6584.21267414093s
2022-07-06 12:58:40.863683 (1.0, 100000.0, 23, 10.0, 0.3, 0.302, 0.0, 3) [0.11318667102771687 0.0025165949093850595 0.02205345344758584] 10 6233.481755256653s
2022-07-06 15:15:20.113263 (1.0, 100000.0, 24, 10.0, 0.3, 0.299, 0.0, 3) [0.11232882768379764 0.004090561389013467 0.018383367563180427] 10 9407.682488918304s
2022-07-06 18:25:30.728536 (1.0, 100000.0, 24, 10.0, 0.3, 0.299, 0.0, 3) [0.1127890102269616 0.0036940216069775715 0.017951556537350623] 10 11410.588705062866s
2022-07-06 21:17:12.422178 (1.0, 100000.0, 24, 10.0, 0.3, 0.299, 0.0, 3) [0.10948434505879563 0.0024129559508768257 0.021029946016376474] 10 10301.656634807587s
2022-07-07 00:08:57.198455 (1.0, 100000.0, 24, 10.0, 0.3, 0.299, 0.0, 3) [0.11297757830040855 0.004876904788752245 0.017849076324756928] 10 10304.75118136406s
2022-07-07 03:00:52.884545 (1.0, 100000.0, 24, 10.0, 0.3, 0.299, 0.0, 3) [0.10915187087523927 0.0029531761309467496 0.021356040130767796] 10 10315.682215452194s
2022-07-07 06:07:01.753013 (1.0, 100000.0, 24, 10.0, 0.3, 0.307, 0.0, 3) [0.10058035790588053 0.003622381028843964 0.03198841605459913] 10 10994.570309638977s
2022-07-07 09:03:37.245489 (1.0, 100000.0, 24, 10.0, 0.3, 0.307, 0.0, 3) [0.10354428165778816 0.002376432005996492 0.02786622842479922] 10 10595.462921857834s
2022-07-07 11:59:53.087581 (1.0, 100000.0, 24, 10.0, 0.3, 0.307, 0.0, 3) [0.1011236020814858 0.003398193597305066 0.03125826145352478] 10 10575.817319393158s
