2022-07-20 23:47:15.922670 (1.0, 100000.0, 24, 10.0, 0.3, 0.25, 0.0, 3) [0.1830246269513319 0.0020633042472983612 0.0006196384885844876] 10 16160.594569206238s
2022-07-21 00:17:43.872724 (1.0, 100000.0, 25, 10.0, 0.3, 0.2669, 0.0, 3) [0.15575422655836577 0.005506820641052312 0.0016867934563420876] 10 11825.213792324066s
2022-07-21 01:08:43.145970 (1.0, 100000.0, 26, 10.0, 0.3, 0.2669, 0.0, 3) [0.14505561962222954 0.003932621219734234 0.002141561928316477] 10 14884.48135972023s
2022-07-21 03:28:17.983387 (1.0, 100000.0, 25, 10.0, 0.3, 0.2669, 0.0, 3) [0.1519097810660804 0.003108729799557429 0.0020388467471360435] 10 11434.106308460236s
2022-07-21 03:41:31.174080 (1.0, 100000.0, 27, 10.0, 0.3, 0.25, 0.0, 3) [0.16912097162114703 0.0016827303556437724 0.0004372697473579967] 10 17900.672266960144s
2022-07-21 04:16:11.233448 (1.0, 100000.0, 24, 10.0, 0.3, 0.25, 0.0, 3) [0.18549559115064143 0.003274076054659273 0.0005519188174066718] 10 16135.307620048523s
2022-07-21 05:05:34.934232 (1.0, 100000.0, 24, 10.0, 0.3, 0.304, 0.0, 3) [0.10553054540964381 0.004956879337336391 0.025368781200700855] 10 8640.526787996292s
2022-07-21 05:16:58.836814 (1.0, 100000.0, 26, 10.0, 0.3, 0.2669, 0.0, 3) [0.1473729571839785 0.002548624569471212 0.0019086673385282752] 10 14895.688466787338s
2022-07-21 05:17:19.624789 (1.0, 100000.0, 28, 10.0, 0.3, 0.2669, 0.0, 3) [0.13768217472827993 0.0036913696382960158 0.0018116568624330894] 10 22426.63849258423s
2022-07-21 06:37:53.580008 (1.0, 100000.0, 25, 10.0, 0.3, 0.2669, 0.0, 3) [0.1506294549701383 0.003062971777434143 0.0021672436822718208] 10 11375.576453447342s
2022-07-21 07:29:56.143218 (1.0, 100000.0, 24, 10.0, 0.3, 0.304, 0.0, 3) [0.10943487281569934 0.0031493159526614165 0.021112459994916406] 10 8661.205628871918s
2022-07-21 08:26:41.650499 (1.0, 100000.0, 27, 10.0, 0.3, 0.25, 0.0, 3) [0.1753882627200155 0.0045380607730872375 0.0003136622144813099] 10 17110.47340941429s
2022-07-21 08:45:44.236055 (1.0, 100000.0, 24, 10.0, 0.3, 0.25, 0.0, 3) [0.1869454726321891 0.002916915841992085 0.0005150107050625681] 10 16172.999634742737s
2022-07-21 09:27:23.704027 (1.0, 100000.0, 30, 10.0, 0.3, 0.25, 0.0, 3) [0.15729900072862243 0.002566295794176813 0.0003226474235096914] 10 34597.697209358215s
2022-07-21 09:28:06.984061 (1.0, 100000.0, 26, 10.0, 0.3, 0.2669, 0.0, 3) [0.1430993429342973 0.0035216165584230413 0.002370585979901611] 10 15068.14432477951s
2022-07-21 09:45:00.330423 (1.0, 100000.0, 25, 10.0, 0.3, 0.2669, 0.0, 3) [0.14751405414889965 0.003605181443738127 0.0025384693692319478] 10 11226.748017787933s
2022-07-21 09:54:43.150395 (1.0, 100000.0, 24, 10.0, 0.3, 0.304, 0.0, 3) [0.10569540336153373 0.002372735907229005 0.025136944054723824] 10 8687.00196647644s
2022-07-21 11:34:53.847676 (1.0, 100000.0, 28, 10.0, 0.3, 0.2669, 0.0, 3) [0.13481976526416728 0.004069838018351753 0.002132203319733711] 10 22654.220676660538s
2022-07-21 12:19:04.993572 (1.0, 100000.0, 24, 10.0, 0.3, 0.304, 0.0, 3) [0.10803905997576217 0.0028841577320479926 0.02259952784825616] 10 8661.839898347855s
2022-07-21 12:54:31.031846 (1.0, 100000.0, 25, 10.0, 0.3, 0.2669, 0.0, 3) [0.15195622237382228 0.0038167276655003265 0.0020336815416880554] 10 11370.698440551758s
2022-07-21 13:03:41.609326 (1.0, 100000.0, 29, 10.0, 0.3, 0.2621, 0.0, 3) [0.14138589487218567 0.0026839804425954853 0.0011125751280956205] 10 50406.41879272461s
2022-07-21 13:10:42.864479 (1.0, 100000.0, 27, 10.0, 0.3, 0.25, 0.0, 3) [0.16656731397881103 0.003752126183529517 0.0005015540903267131] 10 17041.21127653122s
2022-07-21 13:15:10.034238 (1.0, 100000.0, 24, 10.0, 0.3, 0.25, 0.0, 3) [0.1828678190606481 0.0026702244602529587 0.000625777615237634] 10 16165.795441150665s
2022-07-21 13:39:43.582139 (1.0, 100000.0, 26, 10.0, 0.3, 0.2669, 0.0, 3) [0.14507468657819772 0.0025264541360669785 0.002144714571499045] 10 15096.595561504364s
2022-07-21 14:44:34.025099 (1.0, 100000.0, 24, 10.0, 0.3, 0.304, 0.0, 3) [0.10504136951651667 0.002512172586792435 0.025929856087242985] 10 8729.027818918228s
2022-07-21 16:04:05.989312 (1.0, 100000.0, 25, 10.0, 0.3, 0.2669, 0.0, 3) [0.14962623890623084 0.003121856360975414 0.0022870310158155834] 10 11374.955031394958s
2022-07-21 17:08:23.418597 (1.0, 100000.0, 24, 10.0, 0.3, 0.304, 0.0, 3) [0.10644099560489456 0.004767185490339664 0.024310463098928033] 10 8629.389575958252s
2022-07-21 17:45:38.617283 (1.0, 100000.0, 24, 10.0, 0.3, 0.25, 0.0, 3) [0.1841015884296558 0.003910237373643305 0.0005882912721507082] 10 16228.580417871475s
2022-07-21 17:51:11.634751 (1.0, 100000.0, 28, 10.0, 0.3, 0.2669, 0.0, 3) [0.1362384177755039 0.0034816605067767487 0.0019687281672958155] 10 22577.766977071762s
2022-07-21 17:51:21.748650 (1.0, 100000.0, 26, 10.0, 0.3, 0.2669, 0.0, 3) [0.14768938909637355 0.005621645986506063 0.0018715358618824707] 10 15098.158634662628s
2022-07-21 17:56:42.695525 (1.0, 100000.0, 27, 10.0, 0.3, 0.25, 0.0, 3) [0.16701414620948984 0.002859939630635221 0.0004907286423652608] 10 17159.828284978867s
2022-07-21 19:06:36.576163 (1.0, 100000.0, 30, 10.0, 0.3, 0.25, 0.0, 3) [0.15372712840111677 0.003996073675217363 0.0003994988974872901] 10 34752.86477661133s
2022-07-21 19:12:05.990037 (1.0, 100000.0, 25, 10.0, 0.3, 0.2669, 0.0, 3) [0.15454525574596067 0.002457927161393146 0.0017905019702552413] 10 11279.986960172653s
2022-07-21 19:31:17.165666 (1.0, 100000.0, 24, 10.0, 0.3, 0.304, 0.0, 3) [0.10487473443801966 0.0032466672752330217 0.026127337120537605] 10 8573.735322475433s
2022-07-21 21:57:49.197130 (1.0, 100000.0, 24, 10.0, 0.3, 0.304, 0.0, 3) [0.10645846801634475 0.0038554582673681623 0.02428825093332719] 10 8792.028631925583s
2022-07-21 22:02:17.920291 (1.0, 100000.0, 26, 10.0, 0.3, 0.2669, 0.0, 3) [0.1462390306697533 0.0035152740082544124 0.0020179640348253333] 10 15056.168833494186s
2022-07-21 22:16:16.386493 (1.0, 100000.0, 24, 10.0, 0.3, 0.25, 0.0, 3) [0.18281000653228344 0.00336720234456546 0.0006264035832541294] 10 16237.750498056412s
2022-07-21 22:19:30.030156 (1.0, 100000.0, 25, 10.0, 0.3, 0.2669, 0.0, 3) [0.151534366129983 0.002172251786531359 0.002075448195165707] 10 11244.037416219711s
2022-07-21 22:42:40.165219 (1.0, 100000.0, 27, 10.0, 0.3, 0.25, 0.0, 3) [0.16890499514055213 0.0024253141535332456 0.00044219977440270564] 10 17157.4663772583s
2022-07-22 00:13:12.977297 (1.0, 100000.0, 28, 10.0, 0.3, 0.2669, 0.0, 3) [0.13300509607126565 0.003842099774662385 0.0023548811198385953] 10 22921.340161561966s
2022-07-22 00:22:41.334194 (1.0, 100000.0, 24, 10.0, 0.3, 0.304, 0.0, 3) [0.10525701622464789 0.004427218159220712 0.02571584658085929] 10 8692.113052129745s
2022-07-22 01:28:06.047329 (1.0, 100000.0, 25, 10.0, 0.3, 0.2669, 0.0, 3) [0.1526989689342632 0.004073351741760908 0.001966162235087252] 10 11316.014235019684s
2022-07-22 02:14:01.046475 (1.0, 100000.0, 26, 10.0, 0.3, 0.2669, 0.0, 3) [0.1505370243776801 0.004953975590685405 0.0016144687446826306] 10 15103.122876405716s
2022-07-22 02:45:44.428698 (1.0, 100000.0, 24, 10.0, 0.3, 0.25, 0.0, 3) [0.18471530626807137 0.0038630945730816603 0.0005720425539248319] 10 16168.038711547852s
2022-07-22 02:46:14.971638 (1.0, 100000.0, 24, 10.0, 0.3, 0.304, 0.0, 3) [0.10531400824920634 0.0026971335195118537 0.02563947436322107] 10 8613.63299536705s
2022-07-22 03:04:58.804828 (1.0, 100000.0, 29, 10.0, 0.3, 0.2621, 0.0, 3) [0.13715216561913063 0.0033641432476069853 0.0014209397708224748] 10 50477.19348835945s
2022-07-22 03:29:26.368401 (1.0, 100000.0, 27, 10.0, 0.3, 0.25, 0.0, 3) [0.16914822700069876 0.0029085619139464867 0.000437121603460402] 10 17206.198982715607s
2022-07-22 04:37:28.591251 (1.0, 100000.0, 25, 10.0, 0.3, 0.2669, 0.0, 3) [0.1520108351327304 0.0021803043699789595 0.0020249624106093373] 10 11362.541103839874s
2022-07-22 04:42:36.464650 (1.0, 100000.0, 30, 10.0, 0.3, 0.25, 0.0, 3) [0.15731789091596923 0.00211563992501856 0.0003221992820602643] 10 34559.86151719093s
2022-07-22 05:10:10.104860 (1.0, 100000.0, 24, 10.0, 0.3, 0.292, 0.0, 3) [0.12080873237253775 0.003424660804533817 0.01224644159352037] 10 8630.661392211914s
2022-07-22 06:26:09.486867 (1.0, 100000.0, 26, 10.0, 0.3, 0.2669, 0.0, 3) [0.1493275300384458 0.002053684751350366 0.0017222918942700104] 10 15128.436884403229s
2022-07-22 06:47:31.070276 (1.0, 100000.0, 28, 10.0, 0.3, 0.2669, 0.0, 3) [0.1372437203488053 0.003130178252179853 0.0018563903589825606] 10 23658.071216106415s
2022-07-22 07:16:44.933698 (1.0, 100000.0, 24, 10.0, 0.3, 0.25, 0.0, 3) [0.18522962703675866 0.004408317653121061 0.0005587492214088205] 10 16260.50250530243s
2022-07-22 07:33:51.785918 (1.0, 100000.0, 24, 10.0, 0.3, 0.292, 0.0, 3) [0.118440286410618 0.0021958071237119406 0.013715526610841376] 10 8621.677370071411s
2022-07-22 07:53:38.958219 (1.0, 100000.0, 25, 10.0, 0.3, 0.2621, 0.0, 3) [0.16270959423611553 0.005469753758348096 0.0011891645974841092] 10 11766.547638177872s
2022-07-22 08:16:28.263004 (1.0, 100000.0, 27, 10.0, 0.3, 0.25, 0.0, 3) [0.17089378071121275 0.0030542136197490833 0.00039834613747540725] 10 17221.888417959213s
2022-07-22 09:31:48.897835 (1.0, 100000.0, 27, 10.0, 0.3, 0.312, 0.0, 3) [0.081253605665066 0.0029031432936049246 0.04934506453897231] 10 15154.83964085579s
2022-07-22 09:57:53.217661 (1.0, 100000.0, 24, 10.0, 0.3, 0.292, 0.0, 3) [0.12160106729295823 0.004831085629153194 0.011806970009848901] 10 8641.42886042595s
2022-07-22 10:37:53.590021 (1.0, 100000.0, 26, 10.0, 0.3, 0.2669, 0.0, 3) [0.14273527126474167 0.004800341467491987 0.0024166598046541517] 10 15104.082236766815s
2022-07-22 11:05:48.104417 (1.0, 100000.0, 26, 10.0, 0.3, 0.292, 0.0, 3) [0.10725527806504963 0.005197443599643165 0.015217091279407529] 10 20793.980053424835s
2022-07-22 11:11:45.742678 (1.0, 100000.0, 25, 10.0, 0.3, 0.2621, 0.0, 3) [0.15521793089363445 0.003143895415621462 0.001722766710917458] 10 11886.78167796135s
2022-07-22 11:46:19.819443 (1.0, 100000.0, 24, 10.0, 0.3, 0.25, 0.0, 3) [0.18602467167806824 0.0024683141863031505 0.0005376586150895918] 10 16174.883002758026s
2022-07-22 11:51:41.667016 (1.0, 100000.0, 28, 10.0, 0.3, 0.292, 0.0, 3) [0.09950680302243534 0.0034245432757122373 0.015325812152625339] 10 21156.97534108162s
2022-07-22 12:20:51.555123 (1.0, 100000.0, 24, 10.0, 0.3, 0.292, 0.0, 3) [0.12092285354793816 0.0037708939931795117 0.01218365022518228] 10 8578.332941532135s
2022-07-22 13:02:32.878148 (1.0, 100000.0, 27, 10.0, 0.3, 0.25, 0.0, 3) [0.1653592638699764 0.003804275569238271 0.0005355934755837875] 10 17164.61201620102s
2022-07-22 13:29:39.777751 (1.0, 100000.0, 28, 10.0, 0.3, 0.2669, 0.0, 3) [0.13360267811444365 0.002528917210064756 0.0022770147406492884] 10 24128.704973459244s
2022-07-22 13:44:08.884946 (1.0, 100000.0, 27, 10.0, 0.3, 0.312, 0.0, 3) [0.0815159835035115 0.00403428334664931 0.04867374410459217] 10 15139.984866857529s
2022-07-22 14:21:36.844253 (1.0, 100000.0, 30, 10.0, 0.3, 0.25, 0.0, 3) [0.1547570856406232 0.003505698667583185 0.00037494582046708317] 10 34740.37671995163s
2022-07-22 14:29:39.633737 (1.0, 100000.0, 25, 10.0, 0.3, 0.2621, 0.0, 3) [0.15579757185865134 0.003314693380790425 0.0016731112794774745] 10 11873.888541936874s
2022-07-22 14:44:31.510130 (1.0, 100000.0, 24, 10.0, 0.3, 0.292, 0.0, 3) [0.12012631147024094 0.0024497386348276058 0.012661164304179807] 10 8619.933056354523s
2022-07-22 14:49:37.733139 (1.0, 100000.0, 26, 10.0, 0.3, 0.2669, 0.0, 3) [0.1461893794642977 0.004255834686899389 0.0020253590369532786] 10 15104.116135120392s
2022-07-22 16:15:39.345685 (1.0, 100000.0, 24, 10.0, 0.3, 0.25, 0.0, 3) [0.18488632454854592 0.003547671787229832 0.0005667452938616233] 10 16159.50936794281s
2022-07-22 17:05:32.010351 (1.0, 100000.0, 24, 10.0, 0.3, 0.292, 0.0, 3) [0.12141644125528901 0.003387031686593919 0.011888412132001385] 10 8460.497416496277s
2022-07-22 17:05:59.214203 (1.0, 100000.0, 29, 10.0, 0.3, 0.2621, 0.0, 3) [0.13962641469451395 0.0023851398414018693 0.0012298593016087254] 10 50460.40677523613s
2022-07-22 17:34:48.871945 (1.0, 100000.0, 28, 10.0, 0.3, 0.292, 0.0, 3) [0.09724306527316026 0.002735534890204371 0.017316506833668477] 10 20580.926659345627s
2022-07-22 17:48:21.929115 (1.0, 100000.0, 25, 10.0, 0.3, 0.2621, 0.0, 3) [0.158776866012536 0.003059748452547163 0.0014455868584023546] 10 11922.289880752563s
2022-07-22 17:48:27.230479 (1.0, 100000.0, 27, 10.0, 0.3, 0.25, 0.0, 3) [0.1672552802194251 0.0039681435469555324 0.0004836991067042486] 10 17154.34939265251s
2022-07-22 17:55:48.102851 (1.0, 100000.0, 27, 10.0, 0.3, 0.312, 0.0, 3) [0.07966380331848086 0.0033677852467462036 0.05381072427152868] 10 15099.214763402939s
2022-07-22 18:22:50.550341 (1.0, 100000.0, 26, 10.0, 0.3, 0.292, 0.0, 3) [0.11314238015661338 0.003210574470379567 0.011282459065213614] 10 26222.428381681442s
2022-07-22 19:01:13.007138 (1.0, 100000.0, 26, 10.0, 0.3, 0.2621, 0.0, 3) [0.1517793377079256 0.004515755233660352 0.001509956530416285] 10 15091.60752081871s
2022-07-22 19:28:24.243094 (1.0, 100000.0, 24, 10.0, 0.3, 0.292, 0.0, 3) [0.12136074385173642 0.0025570799510975313 0.011955784561560968] 10 8572.228729009628s
2022-07-22 19:32:28.063078 (1.0, 100000.0, 29, 10.0, 0.3, 0.304, 0.0, 3) [0.08371645839547352 0.0032219562691688207 0.031157051426292635] 10 41314.85426950455s
2022-07-22 19:57:32.690796 (1.0, 100000.0, 28, 10.0, 0.3, 0.2669, 0.0, 3) [0.13736463691933354 0.002930329014189338 0.001847686879709458] 10 23272.910656690598s
2022-07-22 20:50:34.832843 (1.0, 100000.0, 24, 10.0, 0.3, 0.2605, 0.0, 3) [0.16662725428309194 0.003759354630109534 0.0013603252277579268] 10 16488.87690758705s
2022-07-22 21:04:02.761737 (1.0, 100000.0, 25, 10.0, 0.3, 0.2621, 0.0, 3) [0.1585213585984397 0.003471423994750272 0.0014619531726772802] 10 11740.829617023468s
2022-07-22 21:52:30.214479 (1.0, 100000.0, 24, 10.0, 0.3, 0.292, 0.0, 3) [0.12630883935720869 0.005584532499701647 0.009444927654777915] 10 8645.968614578247s
2022-07-22 22:05:49.330156 (1.0, 100000.0, 27, 10.0, 0.3, 0.312, 0.0, 3) [0.08232636915403709 0.00276094301711247 0.046864343692915686] 10 15001.222641468048s
2022-07-22 22:29:55.622329 (1.0, 100000.0, 27, 10.0, 0.3, 0.25, 0.0, 3) [0.17129445787980024 0.003391357409735576 0.00038892409157093] 10 16888.389174461365s
2022-07-22 23:09:37.246671 (1.0, 100000.0, 28, 10.0, 0.3, 0.292, 0.0, 3) [0.09978882978188713 0.002636154841731519 0.015060800282421835] 10 20088.372112989426s
2022-07-22 23:11:46.697623 (1.0, 100000.0, 26, 10.0, 0.3, 0.2621, 0.0, 3) [0.15577498171938758 0.003997430231236857 0.001230313955243765] 10 15033.6877348423s
2022-07-23 00:00:20.557206 (1.0, 100000.0, 30, 10.0, 0.3, 0.25, 0.0, 3) [0.15477714405062842 0.002624725101496243 0.00037410953834226114] 10 34723.70976924896s
2022-07-23 00:15:51.492411 (1.0, 100000.0, 24, 10.0, 0.3, 0.292, 0.0, 3) [0.12150640340166852 0.0030489014169993627 0.011852769214763277] 10 8601.274510383606s
2022-07-23 00:17:47.683257 (1.0, 100000.0, 25, 10.0, 0.3, 0.2621, 0.0, 3) [0.15837348303508442 0.0027952410568631812 0.0014764452639185468] 10 11624.913604736328s
2022-07-23 00:42:01.658899 (1.0, 100000.0, 26, 10.0, 0.3, 0.292, 0.0, 3) [0.10956478601835759 0.003564625646060026 0.013534516085302694] 10 22751.105700731277s
2022-07-23 01:27:21.108883 (1.0, 100000.0, 24, 10.0, 0.3, 0.2605, 0.0, 3) [0.16662299243924447 0.004516684145933548 0.0013615137891533342] 10 16606.273498296738s
2022-07-23 02:17:58.527637 (1.0, 100000.0, 27, 10.0, 0.3, 0.312, 0.0, 3) [0.08171156119743586 0.003976052112406496 0.04826499753775853] 10 15129.184495687485s
2022-07-23 02:27:21.023565 (1.0, 100000.0, 28, 10.0, 0.3, 0.2669, 0.0, 3) [0.1364806353642085 0.004627778771102539 0.0019416972205781478] 10 23388.329499721527s
2022-07-23 02:42:42.705425 (1.0, 100000.0, 24, 10.0, 0.3, 0.292, 0.0, 3) [0.12359236599170297 0.002676354790173348 0.0107324105886815] 10 8811.209671735764s
2022-07-23 03:18:04.427343 (1.0, 100000.0, 27, 10.0, 0.3, 0.2605, 0.0, 3) [0.14844000547921338 0.0028780268593450132 0.0013358158662183043] 10 17282.945880889893s
2022-07-23 03:23:01.698595 (1.0, 100000.0, 26, 10.0, 0.3, 0.2621, 0.0, 3) [0.15711574796584513 0.0035716181284562707 0.001149022840805626] 10 15074.994412660599s
2022-07-23 03:28:51.292794 (1.0, 100000.0, 25, 10.0, 0.3, 0.2621, 0.0, 3) [0.15922367697952033 0.0034659906313191553 0.0014137446546351096] 10 11463.604976177216s
2022-07-23 04:43:12.005023 (1.0, 100000.0, 28, 10.0, 0.3, 0.292, 0.0, 3) [0.10044506516306267 0.002211107257087896 0.014537960014205853] 10 20014.75550222397s
2022-07-23 05:11:58.089440 (1.0, 100000.0, 24, 10.0, 0.3, 0.2731, 0.0, 3) [0.15009440425155016 0.0024711778617707817 0.003015245887033505] 10 8943.659012556076s
2022-07-23 06:01:25.308739 (1.0, 100000.0, 24, 10.0, 0.3, 0.2605, 0.0, 3) [0.16747728798690845 0.003007168570295321 0.001308414964558126] 10 16444.19736623764s
2022-07-23 06:18:19.933518 (1.0, 100000.0, 26, 10.0, 0.3, 0.292, 0.0, 3) [0.10702980643384713 0.004793675486167677 0.015436505728016168] 10 20178.271362781525s
2022-07-23 06:30:39.116061 (1.0, 100000.0, 27, 10.0, 0.3, 0.312, 0.0, 3) [0.08458687743641823 0.0038906648207484964 0.04164166111247816] 10 15160.584570407867s
2022-07-23 06:40:57.270602 (1.0, 100000.0, 25, 10.0, 0.3, 0.2621, 0.0, 3) [0.157843492600658 0.0028465158227395935 0.001512229038042491] 10 11525.97457408905s
2022-07-23 07:03:25.566878 (1.0, 100000.0, 29, 10.0, 0.3, 0.2621, 0.0, 3) [0.1400586568910552 0.0028997088087691 0.0011980001631737764] 10 50246.34963989258s
2022-07-23 07:05:04.526028 (1.0, 100000.0, 29, 10.0, 0.3, 0.304, 0.0, 3) [0.08427082129557964 0.0041397449761742195 0.030234593543467973] 10 41556.46059536934s
2022-07-23 07:33:57.298250 (1.0, 100000.0, 26, 10.0, 0.3, 0.2621, 0.0, 3) [0.1554434954417227 0.002796032220637729 0.0012526464941664656] 10 15055.596597909927s
2022-07-23 07:36:33.910139 (1.0, 100000.0, 24, 10.0, 0.3, 0.2731, 0.0, 3) [0.14796472470781236 0.0032172564919942352 0.003340061571385205] 10 8675.81522679329s
2022-07-23 07:39:29.017991 (1.0, 100000.0, 30, 10.0, 0.3, 0.2731, 0.0, 3) [0.12111466878226904 0.004193743705734308 0.0028379094686058477] 10 47511.37202548981s
2022-07-23 07:56:17.602228 (1.0, 100000.0, 27, 10.0, 0.3, 0.2605, 0.0, 3) [0.15437998630643182 0.003482084815014471 0.000972106809407221] 10 16693.172534942627s
2022-07-23 08:45:41.854020 (1.0, 100000.0, 25, 10.0, 0.3, 0.304, 0.0, 3) [0.09954021267774438 0.003979456304841398 0.027697447189987442] 10 165520.01982665062s
2022-07-23 08:57:31.485824 (1.0, 100000.0, 28, 10.0, 0.3, 0.2669, 0.0, 3) [0.13698276550789493 0.002220621398197735 0.0018869666994922956] 10 23410.45980501175s
2022-07-23 09:40:11.271682 (1.0, 100000.0, 30, 10.0, 0.3, 0.25, 0.0, 3) [0.1543430538729896 0.005101829998452481 0.0003853128541389838] 10 34790.71056962013s
2022-07-23 09:50:46.055239 (1.0, 100000.0, 25, 10.0, 0.3, 0.2621, 0.0, 3) [0.1535363089904285 0.006030865305143767 0.0018708749478184299] 10 11388.782408952713s
2022-07-23 10:00:04.019012 (1.0, 100000.0, 24, 10.0, 0.3, 0.2731, 0.0, 3) [0.1446266975762107 0.0033968253302863937 0.003915956457575801] 10 8610.103474855423s
2022-07-23 10:19:04.683994 (1.0, 100000.0, 28, 10.0, 0.3, 0.292, 0.0, 3) [0.09823367112182073 0.003976696603049167 0.01642845504335474] 10 20152.676167726517s
2022-07-23 10:37:30.961708 (1.0, 100000.0, 24, 10.0, 0.3, 0.2605, 0.0, 3) [0.1680652633061424 0.0032427460608827584 0.0012732532411288062] 10 16565.65070104599s
2022-07-23 10:43:19.353103 (1.0, 100000.0, 27, 10.0, 0.3, 0.312, 0.0, 3) [0.08528711229707472 0.004025166433786759 0.040139194123412505] 10 15160.23451924324s
2022-07-23 11:27:22.564042 (1.0, 100000.0, 26, 10.0, 0.3, 0.292, 0.0, 3) [0.10999542905005626 0.0019243739247611826 0.013236342251697494] 10 18542.627906799316s
2022-07-23 11:42:20.347000 (1.0, 100000.0, 26, 10.0, 0.3, 0.2621, 0.0, 3) [0.15700504108688879 0.004646161743567626 0.0011546837257123447] 10 14903.045305490494s
2022-07-23 12:23:48.434102 (1.0, 100000.0, 24, 10.0, 0.3, 0.2731, 0.0, 3) [0.14852910888536686 0.00232533527402522 0.003254953695093463] 10 8624.41217637062s
2022-07-23 12:34:36.197091 (1.0, 100000.0, 27, 10.0, 0.3, 0.2605, 0.0, 3) [0.1475174714050948 0.003611017491447093 0.0014011393353583405] 10 16698.592161655426s
2022-07-23 13:04:14.061178 (1.0, 100000.0, 25, 10.0, 0.3, 0.2621, 0.0, 3) [0.16017058244798696 0.004594149485517438 0.0013489967417836728] 10 11608.000621318817s
2022-07-23 14:47:05.440407 (1.0, 100000.0, 24, 10.0, 0.3, 0.2731, 0.0, 3) [0.14314853778194925 0.004267947114509243 0.004198558898213125] 10 8597.003589391708s
2022-07-23 14:55:49.770626 (1.0, 100000.0, 27, 10.0, 0.3, 0.312, 0.0, 3) [0.08312659239334232 0.002140201766770798 0.04480416875187623] 10 15150.414763689041s
2022-07-23 15:11:55.139911 (1.0, 100000.0, 24, 10.0, 0.3, 0.2605, 0.0, 3) [0.16582686631362653 0.0033473870232429495 0.0014142929107458636] 10 16464.175775289536s
2022-07-23 15:26:58.446445 (1.0, 100000.0, 28, 10.0, 0.3, 0.2669, 0.0, 3) [0.13975710206670305 0.0030111898626372638 0.0016174703193720225] 10 23366.95784020424s
2022-07-23 15:50:01.504727 (1.0, 100000.0, 26, 10.0, 0.3, 0.2621, 0.0, 3) [0.14999252232082402 0.005599928190870254 0.0016600143556865868] 10 14861.155268192291s
2022-07-23 15:55:20.021601 (1.0, 100000.0, 28, 10.0, 0.3, 0.292, 0.0, 3) [0.10441846482193823 0.004204585721409525 0.011675072401902572] 10 20175.334865808487s
2022-07-23 16:17:31.733200 (1.0, 100000.0, 25, 10.0, 0.3, 0.25, 0.0, 3) [0.18150643668870395 0.004443094929259994 0.0004647553527765554] 10 11594.135874986649s
2022-07-23 17:10:14.090756 (1.0, 100000.0, 24, 10.0, 0.3, 0.2731, 0.0, 3) [0.14956767155471556 0.003230048849735482 0.0031020467820300477] 10 8588.647330284119s
2022-07-23 17:13:19.906212 (1.0, 100000.0, 27, 10.0, 0.3, 0.2605, 0.0, 3) [0.1491811624324811 0.004640586333864132 0.0012832508697903358] 10 16723.706194639206s
2022-07-23 18:40:15.744433 (1.0, 100000.0, 29, 10.0, 0.3, 0.304, 0.0, 3) [0.08333027250779446 0.0026963282280369648 0.03185648007095484] 10 41711.213322639465s
2022-07-23 18:41:45.179237 (1.0, 100000.0, 26, 10.0, 0.3, 0.292, 0.0, 3) [0.11279675718142337 0.0029454836061323523 0.011460269420301358] 10 26062.612520217896s
2022-07-23 19:07:50.046325 (1.0, 100000.0, 27, 10.0, 0.3, 0.312, 0.0, 3) [0.08350444668497059 0.0032008779702027267 0.043976014540784564] 10 15120.271776914597s
2022-07-23 19:14:52.459239 (1.0, 100000.0, 30, 10.0, 0.3, 0.25, 0.0, 3) [0.15240334720181722 0.004026484837973174 0.00043215924419212094] 10 34481.183801174164s
2022-07-23 19:22:51.823304 (1.0, 100000.0, 25, 10.0, 0.3, 0.25, 0.0, 3) [0.18163815406650488 0.003235867325317337 0.000462195869499363] 10 11120.086855173111s
2022-07-23 19:30:58.237749 (1.0, 100000.0, 24, 10.0, 0.3, 0.2731, 0.0, 3) [0.14415765815911238 0.0030173516325354426 0.004000038426090601] 10 8444.142471551895s
2022-07-23 19:48:26.586513 (1.0, 100000.0, 24, 10.0, 0.3, 0.2605, 0.0, 3) [0.16566956382455691 0.0038004227951475024 0.0014256470354717997] 10 16591.444197893143s
2022-07-23 19:55:30.266384 (1.0, 100000.0, 26, 10.0, 0.3, 0.2621, 0.0, 3) [0.15277172602599934 0.004862776221142577 0.0014342848840246322] 10 14728.75398182869s
2022-07-23 20:22:56.822238 (1.0, 100000.0, 29, 10.0, 0.3, 0.2621, 0.0, 3) [0.14096671266162294 0.004424726205935589 0.0011399413938942653] 10 47971.25273656845s
2022-07-23 21:27:02.644163 (1.0, 100000.0, 28, 10.0, 0.3, 0.292, 0.0, 3) [0.09932326825629995 0.004635733156122939 0.015454013786964524] 10 19902.619800806046s
2022-07-23 21:45:01.071479 (1.0, 100000.0, 30, 10.0, 0.3, 0.2731, 0.0, 3) [0.1199237999935293 0.005821305140585611 0.003037435261689987] 10 50732.05166101456s
2022-07-23 21:46:54.129416 (1.0, 100000.0, 28, 10.0, 0.3, 0.2605, 0.0, 3) [0.14823113590103393 0.0025000419585625468 0.001003840506693943] 10 22791.49163365364s
2022-07-23 21:53:37.691102 (1.0, 100000.0, 27, 10.0, 0.3, 0.2605, 0.0, 3) [0.1511637424994489 0.0033642491649219556 0.001154527213222278] 10 16817.782179117203s
2022-07-23 21:54:27.433211 (1.0, 100000.0, 24, 10.0, 0.3, 0.2731, 0.0, 3) [0.1494882333503754 0.0036752585224129105 0.003105484916971278] 10 8609.18827342987s
2022-07-23 22:28:07.703444 (1.0, 100000.0, 25, 10.0, 0.3, 0.25, 0.0, 3) [0.17598098216778843 0.002278495206774717 0.0006104205596509557] 10 11115.877048015594s
2022-07-23 22:52:01.220461 (1.0, 100000.0, 26, 10.0, 0.3, 0.292, 0.0, 3) [0.11174841884312005 0.002651702558028003 0.012100377370666934] 10 15016.038348913193s
2022-07-23 23:19:39.355457 (1.0, 100000.0, 27, 10.0, 0.3, 0.312, 0.0, 3) [0.08193762251788389 0.003133668256341552 0.04755874356812698] 10 15109.302365541458s
2022-07-24 00:01:21.014304 (1.0, 100000.0, 26, 10.0, 0.3, 0.2621, 0.0, 3) [0.15114115000108677 0.004611623094421064 0.0015605553476786887] 10 14750.743797779083s
2022-07-24 00:16:35.126110 (1.0, 100000.0, 24, 10.0, 0.3, 0.2731, 0.0, 3) [0.14715969613270327 0.0037477624699369812 0.003466111666804623] 10 8527.6894800663s
2022-07-24 00:24:06.082450 (1.0, 100000.0, 24, 10.0, 0.3, 0.2605, 0.0, 3) [0.16745621706760921 0.004335423845917671 0.0013094518213078502] 10 16539.493443489075s
2022-07-24 01:33:38.062855 (1.0, 100000.0, 25, 10.0, 0.3, 0.25, 0.0, 3) [0.18020073376184914 0.003938773043365702 0.0004947137140453212] 10 11130.351412296295s
2022-07-24 02:32:15.453317 (1.0, 100000.0, 27, 10.0, 0.3, 0.2605, 0.0, 3) [0.151276007580592 0.0025300018011241744 0.0011483496716026297] 10 16717.759674072266s
2022-07-24 02:39:03.924499 (1.0, 100000.0, 24, 10.0, 0.3, 0.2731, 0.0, 3) [0.1467920642219081 0.003939557528349596 0.0035407115517015384] 10 8548.795144319534s
2022-07-24 02:56:48.978209 (1.0, 100000.0, 28, 10.0, 0.3, 0.292, 0.0, 3) [0.09836230672739125 0.0026626446358038428 0.016277294856457923] 10 19786.33128428459s
2022-07-24 03:29:36.378195 (1.0, 100000.0, 27, 10.0, 0.3, 0.2731, 0.0, 3) [0.12829858521087706 0.0029640224850932214 0.003960570016850057] 10 14992.900523424149s
2022-07-24 04:05:47.859289 (1.0, 100000.0, 28, 10.0, 0.3, 0.2605, 0.0, 3) [0.14238087123943619 0.0025395115942049027 0.0013918631830929797] 10 22733.72763466835s
2022-07-24 04:08:43.575474 (1.0, 100000.0, 26, 10.0, 0.3, 0.2621, 0.0, 3) [0.1553600512284535 0.004619842178957534 0.0012576207202223588] 10 14842.554123878479s
2022-07-24 04:39:03.338339 (1.0, 100000.0, 25, 10.0, 0.3, 0.25, 0.0, 3) [0.18206917903325098 0.004043616324190338 0.00045096865696437873] 10 11125.26311969757s
2022-07-24 04:45:39.418919 (1.0, 100000.0, 26, 10.0, 0.3, 0.292, 0.0, 3) [0.10981377326282052 0.0033258570543343085 0.013362197084012388] 10 21218.19567513466s
2022-07-24 04:51:45.015974 (1.0, 100000.0, 30, 10.0, 0.3, 0.25, 0.0, 3) [0.15760263507054814 0.0033954850409162306 0.00031688051770949237] 10 34612.55373454094s
2022-07-24 04:59:08.421923 (1.0, 100000.0, 24, 10.0, 0.3, 0.2605, 0.0, 3) [0.16808588032550284 0.003984734848426098 0.0012710387798306416] 10 16502.3370347023s
2022-07-24 05:15:55.875238 (1.0, 100000.0, 24, 10.0, 0.3, 0.28, 0.0, 3) [0.1362814966705511 0.0024740507343828026 0.005830676691908703] 10 9407.553779363632s
2022-07-24 06:13:28.224996 (1.0, 100000.0, 29, 10.0, 0.3, 0.304, 0.0, 3) [0.08384939228005862 0.002783166461320436 0.03093156132507332] 10 41592.47611141205s
2022-07-24 07:13:56.473598 (1.0, 100000.0, 27, 10.0, 0.3, 0.2605, 0.0, 3) [0.15252478885980794 0.001952483744370546 0.0010728947267539407] 10 16901.01732802391s
2022-07-24 07:40:59.681344 (1.0, 100000.0, 27, 10.0, 0.3, 0.2731, 0.0, 3) [0.1312249102534148 0.0028742002192391277 0.003386614584084112] 10 15083.300826072693s
2022-07-24 07:44:27.760152 (1.0, 100000.0, 25, 10.0, 0.3, 0.25, 0.0, 3) [0.18025156690628713 0.003436345631328147 0.0004951323660582612] 10 11124.41923379898s
2022-07-24 07:46:47.412833 (1.0, 100000.0, 24, 10.0, 0.3, 0.28, 0.0, 3) [0.13356532269725604 0.0031842676669413175 0.006642523917082] 10 9051.534704446793s
2022-07-24 08:13:59.503891 (1.0, 100000.0, 26, 10.0, 0.3, 0.2621, 0.0, 3) [0.15611597079657086 0.002997935293349571 0.0012125820238355575] 10 14715.925171375275s
2022-07-24 08:26:31.024142 (1.0, 100000.0, 28, 10.0, 0.3, 0.292, 0.0, 3) [0.10346753221332747 0.003238972972796939 0.012302144569019013] 10 19782.04345202446s
2022-07-24 09:34:05.482388 (1.0, 100000.0, 26, 10.0, 0.3, 0.292, 0.0, 3) [0.10846007386931793 0.0031257116913119506 0.014306053430377115] 10 17306.060504436493s
2022-07-24 09:34:52.932411 (1.0, 100000.0, 24, 10.0, 0.3, 0.2605, 0.0, 3) [0.16737264795455156 0.003550587950470323 0.0013131666333402376] 10 16544.508082151413s
2022-07-24 09:44:26.538116 (1.0, 100000.0, 29, 10.0, 0.3, 0.2621, 0.0, 3) [0.14093410612120427 0.003366829850793248 0.0011404406461631047] 10 48089.7130613327s
2022-07-24 10:19:46.990720 (1.0, 100000.0, 24, 10.0, 0.3, 0.28, 0.0, 3) [0.13358656639435487 0.0034498358304881098 0.006632408998010712] 10 9179.57417178154s
2022-07-24 10:24:29.992510 (1.0, 100000.0, 30, 10.0, 0.3, 0.2731, 0.0, 3) [0.11912363437119101 0.0027785993072993597 0.0031797942170011364] 10 45568.918603897095s
2022-07-24 10:25:01.763304 (1.0, 100000.0, 28, 10.0, 0.3, 0.2605, 0.0, 3) [0.14632999330499263 0.004259955232038793 0.0011175794861310547] 10 22753.899315834045s
2022-07-24 10:49:13.908040 (1.0, 100000.0, 25, 10.0, 0.3, 0.25, 0.0, 3) [0.17751522540533346 0.0024602260305113598 0.0005662989335745692] 10 11086.142122983932s
2022-07-24 11:52:43.226276 (1.0, 100000.0, 27, 10.0, 0.3, 0.2731, 0.0, 3) [0.1303695294168784 0.003979568499739911 0.003544707464818646] 10 15103.542053461075s
2022-07-24 11:55:25.536704 (1.0, 100000.0, 27, 10.0, 0.3, 0.2605, 0.0, 3) [0.15584224986092196 0.002684655013883766 0.000898810615090936] 10 16889.060260295868s
2022-07-24 12:19:38.267540 (1.0, 100000.0, 26, 10.0, 0.3, 0.2605, 0.0, 3) [0.15611473536404713 0.004173502162865504 0.001206424323813962] 10 14732.282483816147s
2022-07-24 12:49:59.250220 (1.0, 100000.0, 24, 10.0, 0.3, 0.28, 0.0, 3) [0.1358525407381902 0.0024698768871769835 0.00594918019424046] 10 9012.255317687988s
2022-07-24 13:52:37.701864 (1.0, 100000.0, 25, 10.0, 0.3, 0.25, 0.0, 3) [0.17695997109846695 0.005662199162816825 0.0005815891456908322] 10 11003.790613174438s
