2022-06-24 12:55:34.356130 (1.0, 100000.0, 21, 10.0, 0.3, 0.312, 0.0, 3) [0.11563257725458256 0.004510777719072848 0.03127630218375366] 10 3792.156514644623s
2022-06-24 13:57:48.232899 (1.0, 100000.0, 21, 10.0, 0.3, 0.312, 0.0, 3) [0.11514410114640118 0.0016831319420865898 0.03193193547806781] 10 3733.873668193817s
2022-06-24 14:27:21.828834 (1.0, 100000.0, 23, 10.0, 0.3, 0.302, 0.0, 3) [0.11435619473341921 0.0046176365164921004 0.020900467454553626] 10 9299.60553574562s
2022-06-24 14:28:00.923088 (1.0, 100000.0, 22, 10.0, 0.3, 0.319, 0.0, 3) [0.10009748768510422 0.0020573564663310404 0.04875829086275039] 10 9355.424416303635s
2022-06-24 15:01:08.706462 (1.0, 100000.0, 21, 10.0, 0.3, 0.312, 0.0, 3) [0.11416797400409194 0.003614875666256782 0.03325286843722387] 10 3800.469397544861s
2022-06-24 15:49:26.801164 (1.0, 100000.0, 25, 10.0, 0.3, 0.299, 0.0, 3) [0.10383216329974543 0.002535840531442386 0.02233173519673003] 10 14224.507236242294s
2022-06-24 16:04:06.978043 (1.0, 100000.0, 21, 10.0, 0.3, 0.312, 0.0, 3) [0.11545857818324287 0.0020280451076389624 0.031464329531295805] 10 3778.268745660782s
2022-06-24 16:59:43.364766 (1.0, 100000.0, 26, 10.0, 0.3, 0.304, 0.0, 3) [0.09732007489261704 0.0033148703132353957 0.025524086735192388] 10 18441.147075891495s
2022-06-24 16:59:56.608788 (1.0, 100000.0, 22, 10.0, 0.3, 0.319, 0.0, 3) [0.09978788881568716 0.003202632289797928 0.04932054554360978] 10 9115.683990955353s
2022-06-24 17:00:29.964537 (1.0, 100000.0, 23, 10.0, 0.3, 0.302, 0.0, 3) [0.1148900595671173 0.004999600018771123 0.02042293366406349] 10 9188.13375210762s
2022-06-24 17:07:20.542325 (1.0, 100000.0, 21, 10.0, 0.3, 0.312, 0.0, 3) [0.11092653517677045 0.003492544885430634 0.03780006902634284] 10 3793.56170296669s
2022-06-24 18:08:52.289851 (1.0, 100000.0, 21, 10.0, 0.3, 0.312, 0.0, 3) [0.11526224134194907 0.0029639230589007743 0.03175512315028699] 10 3691.7439062595367s
2022-06-24 18:34:33.080899 (1.0, 100000.0, 24, 10.0, 0.3, 0.315, 0.0, 3) [0.0955860381578095 0.0024353416710359843 0.04083502072220141] 10 24130.85023212433s
2022-06-24 19:10:31.163671 (1.0, 100000.0, 21, 10.0, 0.3, 0.312, 0.0, 3) [0.1161887478370237 0.003452352875232547 0.030625869684840743] 10 3698.8648805618286s
2022-06-24 19:34:29.048248 (1.0, 100000.0, 23, 10.0, 0.3, 0.302, 0.0, 3) [0.11323420722167325 0.005139359398863328 0.022014782432858624] 10 9239.081628799438s
2022-06-24 19:37:53.031393 (1.0, 100000.0, 25, 10.0, 0.3, 0.299, 0.0, 3) [0.10385417328471713 0.004980034524854843 0.022317366396523364] 10 13706.228325366974s
2022-06-24 20:20:26.173391 (1.0, 100000.0, 21, 10.0, 0.3, 0.312, 0.0, 3) [0.11545816922774639 0.003600046088779292 0.03150700011969747] 10 4195.007168769836s
2022-06-24 21:35:32.227840 (1.0, 100000.0, 26, 10.0, 0.3, 0.304, 0.0, 3) [0.0948655022426421 0.0027355023397838654 0.028880306154800695] 10 16548.850105524063s
2022-06-24 21:37:43.772336 (1.0, 100000.0, 21, 10.0, 0.3, 0.312, 0.0, 3) [0.11598149681695841 0.0023776063822795843 0.030858625053209115] 10 4637.59583234787s
2022-06-24 22:12:08.184334 (1.0, 100000.0, 23, 10.0, 0.3, 0.302, 0.0, 3) [0.1147576253270231 0.0038262411013054347 0.020556295904957035] 10 9459.13390827179s
2022-06-24 22:54:52.964776 (1.0, 100000.0, 21, 10.0, 0.3, 0.312, 0.0, 3) [0.11431093606385512 0.0041120595778951635 0.03294180477794756] 10 4629.189445734024s
2022-06-24 23:31:20.873896 (1.0, 100000.0, 25, 10.0, 0.3, 0.299, 0.0, 3) [0.10884309897471173 0.003998800188365822 0.01750898931704835] 10 14007.840438365936s
2022-06-25 00:46:20.096348 (1.0, 100000.0, 23, 10.0, 0.3, 0.302, 0.0, 3) [0.11305485891696808 0.0030038906810997508 0.02221691292118135] 10 9251.909920692444s
2022-06-25 01:11:49.293205 (1.0, 100000.0, 21, 10.0, 0.3, 0.302, 0.0, 3) [0.12583115540353543 0.004395908474285802 0.0204548379318294] 10 8178.762662887573s
2022-06-25 02:02:07.568915 (1.0, 100000.0, 26, 10.0, 0.3, 0.304, 0.0, 3) [0.09705223982452803 0.004217888573300743 0.025858444397545283] 10 15995.318420171738s
2022-06-25 03:20:04.114633 (1.0, 100000.0, 23, 10.0, 0.3, 0.302, 0.0, 3) [0.11336118483609649 0.0021974850258530197 0.021915484744581538] 10 9223.999769687653s
2022-06-25 03:25:51.833585 (1.0, 100000.0, 25, 10.0, 0.3, 0.299, 0.0, 3) [0.10698576646944048 0.0023232713245022038 0.01915369256580063] 10 14070.957368850708s
2022-06-25 03:29:07.216939 (1.0, 100000.0, 21, 10.0, 0.3, 0.302, 0.0, 3) [0.1249885369061403 0.004627600865834468 0.021131880300905168] 10 8237.915414571762s
2022-06-25 05:53:03.668537 (1.0, 100000.0, 23, 10.0, 0.3, 0.302, 0.0, 3) [0.11420547756991523 0.0020162782099590057 0.02104628871589049] 10 9179.534637212753s
2022-06-25 06:05:11.927960 (1.0, 100000.0, 21, 10.0, 0.3, 0.302, 0.0, 3) [0.12426354480381128 0.0023253726672538273 0.021823138541152344] 10 9364.705356836319s
2022-06-25 07:20:34.030407 (1.0, 100000.0, 25, 10.0, 0.3, 0.299, 0.0, 3) [0.10762235987414237 0.0018942831958573738 0.018601091101265777] 10 14082.194822788239s
2022-06-25 08:15:16.739342 (1.0, 100000.0, 22, 10.0, 0.3, 0.319, 0.0, 3) [0.1009119796137696 0.002530094321372453 0.047044378611280885] 10 54920.12768650055s
2022-06-25 08:27:40.213787 (1.0, 100000.0, 23, 10.0, 0.3, 0.302, 0.0, 3) [0.11329203570398258 0.0042093636457834 0.022027745810526154] 10 9276.52192401886s
2022-06-25 08:35:04.717615 (1.0, 100000.0, 21, 10.0, 0.3, 0.302, 0.0, 3) [0.12619363466942224 0.0027728446324186864 0.020102936870621382] 10 8992.785831451416s
2022-06-25 08:52:45.575096 (1.0, 100000.0, 24, 10.0, 0.3, 0.315, 0.0, 3) [0.09387884580992883 0.00300273198107458 0.04410954811989678] 10 51492.492128133774s
2022-06-25 09:18:11.135915 (1.0, 100000.0, 26, 10.0, 0.3, 0.304, 0.0, 3) [0.09548880996056834 0.0023133732592059324 0.027980511248764044] 10 26163.56482386589s
2022-06-25 10:14:00.084437 (1.0, 100000.0, 21, 10.0, 0.3, 0.302, 0.0, 3) [0.1251425861544467 0.003138857969666553 0.020994474131406874] 10 5935.363628387451s
2022-06-25 11:03:56.524443 (1.0, 100000.0, 23, 10.0, 0.3, 0.302, 0.0, 3) [0.1165464826635838 0.004850711200380469 0.018972189352283935] 10 9376.308326482773s
2022-06-25 11:12:59.343445 (1.0, 100000.0, 25, 10.0, 0.3, 0.299, 0.0, 3) [0.10493446492569937 0.0023167756436443727 0.021180667582945546] 10 13945.310906648636s
2022-06-25 11:34:19.438463 (1.0, 100000.0, 21, 10.0, 0.3, 0.302, 0.0, 3) [0.12775205661048375 0.0030924162722473707 0.018893683196593607] 10 4819.335408210754s
2022-06-25 12:50:41.060959 (1.0, 100000.0, 21, 10.0, 0.3, 0.302, 0.0, 3) [0.12341777210848395 0.004906538968168284 0.022518568898337973] 10 4581.614000320435s
2022-06-25 13:23:48.813905 (1.0, 100000.0, 24, 10.0, 0.3, 0.315, 0.0, 3) [0.09309861153382498 0.00256519079487472 0.04569596944434006] 10 16263.236850976944s
2022-06-25 13:40:16.467764 (1.0, 100000.0, 23, 10.0, 0.3, 0.302, 0.0, 3) [0.11517455422800758 0.002687992795044733 0.020197680975638337] 10 9379.941174983978s
2022-06-25 14:17:17.481819 (1.0, 100000.0, 21, 10.0, 0.3, 0.302, 0.0, 3) [0.1273539299068194 0.002970586240977772 0.019199353953184804] 10 5196.41784620285s
2022-06-25 15:09:04.611745 (1.0, 100000.0, 25, 10.0, 0.3, 0.299, 0.0, 3) [0.10561087782234146 0.002066684702359303 0.020489836532389852] 10 14165.266172885895s
2022-06-25 15:35:55.707418 (1.0, 100000.0, 21, 10.0, 0.3, 0.302, 0.0, 3) [0.1254293938334865 0.0071813876650120515 0.020765587021750572] 10 4718.223145484924s
2022-06-25 16:15:43.117664 (1.0, 100000.0, 23, 10.0, 0.3, 0.307, 0.0, 3) [0.10771677135622106 0.002478359399067859 0.02828509102189826] 10 9308.017233610153s
2022-06-25 17:53:13.415887 (1.0, 100000.0, 21, 10.0, 0.3, 0.302, 0.0, 3) [0.12821909787837063 0.003077953155048933 0.01852732311509605] 10 8237.705888986588s
2022-06-25 18:37:23.525537 (1.0, 100000.0, 23, 10.0, 0.3, 0.307, 0.0, 3) [0.1102333114887291 0.004426032838544234 0.025278290376914828] 10 8500.405532360077s
2022-06-25 19:03:09.563492 (1.0, 100000.0, 25, 10.0, 0.3, 0.299, 0.0, 3) [0.11219926123470478 0.005484164170429364 0.014839149381677201] 10 14044.949712991714s
2022-06-25 19:25:41.075462 (1.0, 100000.0, 21, 10.0, 0.3, 0.295, 0.0, 3) [0.13295230574411715 0.004282830440183568 0.015133174124322727] 10 5525.278286218643s
2022-06-25 19:37:28.845476 (1.0, 100000.0, 26, 10.0, 0.3, 0.304, 0.0, 3) [0.09433833041584669 0.002721485972580855 0.029680623659426142] 10 37157.70710492134s
2022-06-25 20:47:26.152674 (1.0, 100000.0, 21, 10.0, 0.3, 0.295, 0.0, 3) [0.13693345390269704 0.003629771883919214 0.012898948779857826] 10 4905.067810058594s
2022-06-25 20:59:54.535809 (1.0, 100000.0, 23, 10.0, 0.3, 0.307, 0.0, 3) [0.10802875281342174 0.00321030239688676 0.027986648003334284] 10 8551.007804632187s
2022-06-25 22:01:31.892227 (1.0, 100000.0, 21, 10.0, 0.3, 0.295, 0.0, 3) [0.1343943138875815 0.004262923530340252 0.01428069354339424] 10 4445.708311319351s
2022-06-25 22:55:07.538234 (1.0, 100000.0, 25, 10.0, 0.3, 0.299, 0.0, 3) [0.10550951577067767 0.00187510152343898 0.020629637335012063] 10 13917.972670555115s
2022-06-25 23:15:54.737258 (1.0, 100000.0, 21, 10.0, 0.3, 0.295, 0.0, 3) [0.1362129745442881 0.0017184410979708303 0.013241248676655507] 10 4462.828841686249s
2022-06-25 23:24:18.534353 (1.0, 100000.0, 23, 10.0, 0.3, 0.307, 0.0, 3) [0.10709430832569164 0.0025872031504342694 0.029106279274586058] 10 8663.996134281158s
2022-06-25 23:59:08.670308 (1.0, 100000.0, 26, 10.0, 0.3, 0.304, 0.0, 3) [0.0941038072829302 0.0035697320128681253 0.029999030732244174] 10 15699.822305679321s
2022-06-26 00:32:50.045379 (1.0, 100000.0, 21, 10.0, 0.3, 0.295, 0.0, 3) [0.13627147802506134 0.004603017790408582 0.013243764749372654] 10 4615.296510696411s
2022-06-26 01:40:55.030000 (1.0, 100000.0, 21, 10.0, 0.3, 0.295, 0.0, 3) [0.13366022663179844 0.0025040874635159182 0.014738118707951149] 10 4084.9821360111237s
2022-06-26 01:47:12.717883 (1.0, 100000.0, 23, 10.0, 0.3, 0.307, 0.0, 3) [0.10992165359358505 0.004544842269485325 0.025685796385037186] 10 8574.181669473648s
2022-06-26 02:45:57.013955 (1.0, 100000.0, 21, 10.0, 0.3, 0.295, 0.0, 3) [0.13378545916633106 0.002009966305731289 0.014679450097851082] 10 3901.9611208438873s
2022-06-26 02:48:16.504139 (1.0, 100000.0, 25, 10.0, 0.3, 0.299, 0.0, 3) [0.10597283374222102 0.0064427744011180755 0.02012213357555572] 10 13988.954218626022s
2022-06-26 04:01:08.375947 (1.0, 100000.0, 21, 10.0, 0.3, 0.295, 0.0, 3) [0.1363466990066112 0.004290653087491059 0.013171249914616356] 10 4511.3506236076355s
2022-06-26 04:14:19.844793 (1.0, 100000.0, 23, 10.0, 0.3, 0.307, 0.0, 3) [0.10535693561794958 0.004188709341825082 0.031424259042328206] 10 8827.12499165535s
2022-06-26 04:17:41.308813 (1.0, 100000.0, 22, 10.0, 0.3, 0.319, 0.0, 3) [0.10124084462841701 0.004143967790305531 0.04645710627763992] 10 72144.56386470795s
2022-06-26 05:03:43.283601 (1.0, 100000.0, 26, 10.0, 0.3, 0.304, 0.0, 3) [0.09387632149354005 0.0026380133925371072 0.03037851842696693] 10 18274.601757526398s
2022-06-26 05:07:55.722915 (1.0, 100000.0, 21, 10.0, 0.3, 0.295, 0.0, 3) [0.13586242198460804 0.004246249973220888 0.013475214093896612] 10 4007.324511528015s
2022-06-26 05:08:46.758201 (1.0, 100000.0, 28, 10.0, 0.3, 0.292, 0.0, 3) [0.10064663415382559 0.004636138498707882 0.014383699355617756] 10 148582.56865406036s
2022-06-26 06:15:02.955842 (1.0, 100000.0, 21, 10.0, 0.3, 0.295, 0.0, 3) [0.13534767275583148 0.003103392680225146 0.01372117818771899] 10 4027.229920864105s
2022-06-26 06:35:28.467905 (1.0, 100000.0, 23, 10.0, 0.3, 0.307, 0.0, 3) [0.10686722990634345 0.0026356911333451 0.029531026713855442] 10 8468.620910167694s
2022-06-26 06:49:08.595948 (1.0, 100000.0, 25, 10.0, 0.3, 0.309, 0.0, 3) [0.0950874901056433 0.0033297627885415216 0.034526487552017544] 10 14444.87548995018s
2022-06-26 07:20:35.370840 (1.0, 100000.0, 21, 10.0, 0.3, 0.304, 0.0, 3) [0.12293856204881749 0.002642942509025152 0.023109409521137318] 10 3896.8852248191833s
2022-06-26 08:28:33.036568 (1.0, 100000.0, 21, 10.0, 0.3, 0.304, 0.0, 3) [0.12193585501503328 0.0037113791879536686 0.024011684543854283] 10 4077.6482875347137s
2022-06-26 08:56:11.869233 (1.0, 100000.0, 23, 10.0, 0.3, 0.307, 0.0, 3) [0.10774610210186444 0.0033601080024723198 0.028318194523691175] 10 8443.381183624268s
2022-06-26 09:37:48.403052 (1.0, 100000.0, 21, 10.0, 0.3, 0.304, 0.0, 3) [0.12447857237661906 0.0032652178191218515 0.02166197186044353] 10 4155.336366891861s
2022-06-26 10:43:47.204779 (1.0, 100000.0, 25, 10.0, 0.3, 0.309, 0.0, 3) [0.09326465363354582 0.0026859406009845737 0.03781592682983389] 10 14078.579923152924s
2022-06-26 10:45:16.826650 (1.0, 100000.0, 21, 10.0, 0.3, 0.304, 0.0, 3) [0.12281892007041008 0.003088663773510094 0.023158166776752802] 10 4048.3925449848175s
2022-06-26 11:17:55.504977 (1.0, 100000.0, 23, 10.0, 0.3, 0.307, 0.0, 3) [0.10577692438876575 0.003191022421043537 0.030951354449834545] 10 8503.487145900726s
2022-06-26 11:54:02.153065 (1.0, 100000.0, 21, 10.0, 0.3, 0.304, 0.0, 3) [0.1230916211981799 0.005565482556868295 0.022903159241428137] 10 4125.323325872421s
2022-06-26 12:24:54.065160 (1.0, 100000.0, 29, 10.0, 0.3, 0.307, 0.0, 3) [0.0780450300039429 0.002119373917438753 0.04302634516335794] 10 174749.92683959007s
2022-06-26 13:04:15.379868 (1.0, 100000.0, 21, 10.0, 0.3, 0.304, 0.0, 3) [0.12479535946025831 0.0030404589764854942 0.021326441875222542] 10 4213.215122699738s
2022-06-26 13:11:07.204057 (1.0, 100000.0, 22, 10.0, 0.3, 0.319, 0.0, 3) [0.10223357342632154 0.0031287489739216974 0.04454904356921984] 10 32005.890573978424s
2022-06-26 13:43:52.530977 (1.0, 100000.0, 23, 10.0, 0.3, 0.307, 0.0, 3) [0.10878495996909453 0.0032608319613948934 0.027047889860049] 10 8756.682151317596s
2022-06-26 14:37:00.220429 (1.0, 100000.0, 21, 10.0, 0.3, 0.304, 0.0, 3) [0.12466253216631994 0.002713964434283911 0.021506666600758593] 10 5564.808635234833s
2022-06-26 14:41:57.169908 (1.0, 100000.0, 25, 10.0, 0.3, 0.309, 0.0, 3) [0.09631372523394795 0.002654450525593604 0.0325386263044103] 10 14289.942104816437s
2022-06-26 15:22:38.324889 (1.0, 100000.0, 22, 10.0, 0.3, 0.319, 0.0, 3) [0.10140003304337812 0.0030739818639974525 0.0461677952160404] 10 7891.106889724731s
2022-06-26 15:45:47.112072 (1.0, 100000.0, 21, 10.0, 0.3, 0.304, 0.0, 3) [0.12292268783827938 0.0035613258669165435 0.02306212159631239] 10 4126.861196517944s
2022-06-26 16:23:21.273076 (1.0, 100000.0, 23, 10.0, 0.3, 0.309, 0.0, 3) [0.10640717418999689 0.0029637687234182006 0.0300932768998959] 10 9563.98457813263s
2022-06-26 16:53:49.721728 (1.0, 100000.0, 21, 10.0, 0.3, 0.304, 0.0, 3) [0.12194881291228894 0.003222851217779552 0.02395958567709024] 10 4082.5900440216064s
2022-06-26 18:04:07.066459 (1.0, 100000.0, 21, 10.0, 0.3, 0.304, 0.0, 3) [0.12315312570966558 0.004343623335153813 0.022920179797776063] 10 4217.326989173889s
2022-06-26 18:41:20.978732 (1.0, 100000.0, 25, 10.0, 0.3, 0.309, 0.0, 3) [0.09570536036386024 0.002211360781410077 0.03360228543472659] 10 14363.7047123909s
2022-06-26 18:45:09.379749 (1.0, 100000.0, 22, 10.0, 0.3, 0.319, 0.0, 3) [0.0958064398652113 0.003685350759154333 0.05838834360657536] 10 12151.041007995605s
2022-06-26 18:57:04.342455 (1.0, 100000.0, 23, 10.0, 0.3, 0.309, 0.0, 3) [0.1041225465486008 0.002498822319927468 0.03327641510734544] 10 9223.04984331131s
2022-06-26 19:10:48.835702 (1.0, 100000.0, 21, 10.0, 0.3, 0.319, 0.0, 3) [0.10840090045961251 0.003994278459574378 0.04225239125722808] 10 3997.053574323654s
