2022-03-30 15:01:25.812747 (1.0, 100000.0, 17, 10.0, 0.3, 0.281, 2.0, 3) [0.20724625598000876 0.006420579494782247 0.003547197897995231] 3 2875.6991488933563s
2022-03-30 15:08:37.743051 (1.0, 100000.0, 18, 10.0, 0.3, 0.281, 2.0, 3) [0.20119656649993126 0.005010047187110496 0.002913873935328224] 3 3307.630883693695s
2022-03-30 15:20:09.188310 (1.0, 100000.0, 19, 10.0, 0.3, 0.281, 2.0, 3) [0.1898972040136356 0.0040929223554895785 0.0029846224715990386] 3 3999.082131385803s
2022-03-30 15:47:36.245305 (1.0, 100000.0, 17, 10.0, 0.3, 0.281, 2.0, 3) [0.20319501029414988 0.0030556355669257734 0.004060236301334037] 3 2770.4296383857727s
2022-03-30 16:00:44.840948 (1.0, 100000.0, 18, 10.0, 0.3, 0.281, 2.0, 3) [0.1994398282778161 0.003244344971282801 0.0030977947433631003] 3 3127.0957334041595s
2022-03-30 16:20:59.108294 (1.0, 100000.0, 19, 10.0, 0.3, 0.281, 2.0, 3) [0.18521950368340512 0.00347211823813422 0.0035591498752660542] 3 3649.917736530304s
2022-03-30 16:37:41.044558 (1.0, 100000.0, 17, 10.0, 0.3, 0.281, 2.0, 3) [0.21064445922287695 0.0047158948999131605 0.003155293934474442] 3 3004.796982526779s
2022-03-30 16:53:06.847739 (1.0, 100000.0, 18, 10.0, 0.3, 0.281, 2.0, 3) [0.19876243327417825 0.00204489149738298 0.0031769642042298748] 3 3142.004263162613s
2022-03-30 17:17:52.368974 (1.0, 100000.0, 17, 10.0, 0.3, 0.285, 2.0, 3) [0.1978391583416493 0.00515294053954186 0.004858769239914389] 3 2406.106434583664s
2022-03-30 17:22:16.722430 (1.0, 100000.0, 19, 10.0, 0.3, 0.281, 2.0, 3) [0.18650399980821789 0.006679840048768963 0.0033909004227608737] 3 3677.611982345581s
2022-03-30 17:39:05.860968 (1.0, 100000.0, 18, 10.0, 0.3, 0.285, 2.0, 3) [0.19312202401628303 0.0034108659477118416 0.0038893450535311103] 3 2753.9843900203705s
2022-03-30 17:59:21.729156 (1.0, 100000.0, 17, 10.0, 0.3, 0.285, 2.0, 3) [0.2030374236686519 0.004277894051257294 0.004087195145186197] 3 2489.348727464676s
2022-03-30 18:23:49.381705 (1.0, 100000.0, 19, 10.0, 0.3, 0.285, 2.0, 3) [0.17981030566890036 0.0047077938038258054 0.00437429559863516] 3 3688.1719098091125s
2022-03-30 18:26:54.000598 (1.0, 100000.0, 18, 10.0, 0.3, 0.285, 2.0, 3) [0.19465899382420288 0.0026224480314660254 0.003678362843673092] 3 2868.1283781528473s
2022-03-30 18:38:19.480208 (1.0, 100000.0, 17, 10.0, 0.3, 0.285, 2.0, 3) [0.20451810690388292 0.004494658245710048 0.0038938135846141374] 3 2337.7218239307404s
2022-03-30 19:14:46.390283 (1.0, 100000.0, 18, 10.0, 0.3, 0.285, 2.0, 3) [0.1909148412672166 0.006226589825241108 0.0042093282605368855] 3 2872.3822450637817s
2022-03-30 19:16:42.419992 (1.0, 100000.0, 17, 10.0, 0.3, 0.292, 2.0, 3) [0.19472925935678576 0.0026165739419798896 0.005418631766065625] 3 2291.5078909397125s
2022-03-30 19:25:11.563152 (1.0, 100000.0, 19, 10.0, 0.3, 0.285, 2.0, 3) [0.18611841925796616 0.002828420963869805 0.00344988294784903] 3 3682.1662724018097s
2022-03-30 19:54:15.354932 (1.0, 100000.0, 17, 10.0, 0.3, 0.292, 2.0, 3) [0.19134670856303443 0.004030086203698876 0.006064288232157418] 3 2252.933132171631s
2022-03-30 20:04:53.736367 (1.0, 100000.0, 18, 10.0, 0.3, 0.292, 2.0, 3) [0.18329619517500262 0.005656284282137053 0.0055316214055391765] 3 3002.555001974106s
2022-03-30 20:26:17.715198 (1.0, 100000.0, 19, 10.0, 0.3, 0.285, 2.0, 3) [0.18604527470142188 0.004579958035946887 0.003462717901736253] 3 3666.042230129242s
2022-03-30 20:30:40.632817 (1.0, 100000.0, 17, 10.0, 0.3, 0.292, 2.0, 3) [0.19085170528101647 0.00711318570508265 0.006168586219921875] 3 2185.1342170238495s
2022-03-30 20:57:39.936388 (1.0, 100000.0, 18, 10.0, 0.3, 0.292, 2.0, 3) [0.18382901662850082 0.003193534120475445 0.0054431211441699585] 3 3166.1834428310394s
2022-03-30 21:11:52.313212 (1.0, 100000.0, 17, 10.0, 0.3, 0.297, 2.0, 3) [0.18343127042319443 0.005016753770950695 0.007958623363964482] 3 2466.6332488059998s
2022-03-30 21:27:56.455437 (1.0, 100000.0, 19, 10.0, 0.3, 0.292, 2.0, 3) [0.17373791872445427 0.0028930093885053652 0.0055014702294734] 3 3694.4124479293823s
