2022-03-16 19:02:56.223877 (1.0, 100000.0, 21, 10.0, 0.3, 0.271, 2.0, 3) [0.1869747203276666 0.00413615435774805 0.0015756161863399452] 2 8190.474128484726s
2022-03-16 19:57:24.756899 (1.0, 100000.0, 23, 10.0, 0.3, 0.271, 2.0, 3) [0.17551311266600275 0.004530017833836598 0.0012636053567521685] 2 9072.910457372665s
2022-03-16 20:46:49.009546 (1.0, 100000.0, 22, 10.0, 0.3, 0.271, 2.0, 3) [0.18462607904567208 0.004154515489830879 0.0012052249018693864] 2 12124.193966627121s
2022-03-16 22:14:07.252957 (1.0, 100000.0, 21, 10.0, 0.3, 0.271, 2.0, 3) [0.18808159545687225 0.00410227462369119 0.0015058525060259377] 2 11471.025817155838s
2022-03-16 22:22:28.089076 (1.0, 100000.0, 23, 10.0, 0.3, 0.271, 2.0, 3) [0.17610633337579157 0.003129484928931867 0.0012321110809300297] 2 8703.326842784882s
2022-03-16 23:31:57.911646 (1.0, 100000.0, 22, 10.0, 0.3, 0.271, 2.0, 3) [0.18104180217683022 0.0035085239600118096 0.0014062752306456797] 2 9908.900017261505s
2022-03-17 00:18:31.947916 (1.0, 100000.0, 21, 10.0, 0.3, 0.284, 2.0, 3) [0.1670438755486569 0.004893309220429958 0.0036456971693622988] 2 7456.730755567551s
2022-03-17 00:41:00.102375 (1.0, 100000.0, 23, 10.0, 0.3, 0.284, 2.0, 3) [0.15007082574261027 0.003591178740113062 0.004060699590468415] 2 8307.927978992462s
2022-03-17 01:51:27.165759 (1.0, 100000.0, 22, 10.0, 0.3, 0.284, 2.0, 3) [0.1654562888899613 0.003453987262592912 0.0028058375945134136] 2 8364.269963979721s
2022-03-17 02:18:14.689449 (1.0, 100000.0, 21, 10.0, 0.3, 0.284, 2.0, 3) [0.17006655648250932 0.0053985445054927665 0.003209683292688949] 2 7182.738864660263s
2022-03-17 02:55:18.669002 (1.0, 100000.0, 23, 10.0, 0.3, 0.284, 2.0, 3) [0.15667631257141926 0.002592326994502833 0.0030128004885743276] 2 8058.564720153809s
2022-03-17 04:08:30.785801 (1.0, 100000.0, 22, 10.0, 0.3, 0.284, 2.0, 3) [0.1649652679233503 0.006188298081950733 0.0028592918024244645] 2 8223.617953538895s
2022-03-17 04:15:49.073166 (1.0, 100000.0, 21, 10.0, 0.3, 0.291, 2.0, 3) [0.15571729901889125 0.003567691283684382 0.00584645860636464] 2 7048.810252428055s
2022-03-17 05:14:36.730008 (1.0, 100000.0, 23, 10.0, 0.3, 0.291, 2.0, 3) [0.14227588587326545 0.004286014989181642 0.005823015534684223] 2 8353.931214809418s
2022-03-17 06:23:31.819941 (1.0, 100000.0, 21, 10.0, 0.3, 0.291, 2.0, 3) [0.15335980496017856 0.002811958787689825 0.0064489904039370756] 2 7662.7443244457245s
2022-03-17 06:27:59.718093 (1.0, 100000.0, 22, 10.0, 0.3, 0.291, 2.0, 3) [0.14936146929753458 0.004733990652123412 0.005663676144080891] 2 8363.423139333725s
2022-03-17 07:29:15.248325 (1.0, 100000.0, 23, 10.0, 0.3, 0.291, 2.0, 3) [0.14186383710766085 0.003521620154865457 0.00592788559958109] 2 8078.516297340393s
2022-03-17 08:28:23.482964 (1.0, 100000.0, 21, 10.0, 0.3, 0.296, 2.0, 3) [0.15163041465543234 0.002674216141341371 0.006958096738981155] 2 7485.946902275085s
2022-03-17 08:52:17.601731 (1.0, 100000.0, 22, 10.0, 0.3, 0.291, 2.0, 3) [0.15405027607662172 0.002261589131170338 0.0046235375457409] 2 8657.881368398666s
2022-03-17 09:58:36.530881 (1.0, 100000.0, 23, 10.0, 0.3, 0.296, 2.0, 3) [0.13643461543788762 0.0020677744847259665 0.00761060901306784] 2 8957.37987780571s
2022-03-17 11:13:49.881590 (1.0, 100000.0, 22, 10.0, 0.3, 0.296, 2.0, 3) [0.1430457661580691 0.007015251551902141 0.007475991080144916] 2 8487.253186941147s
2022-03-17 11:24:08.914694 (1.0, 100000.0, 21, 10.0, 0.3, 0.296, 2.0, 3) [0.152676261767402 0.003082522193580754 0.006666984411466164] 2 10545.429612874985s
2022-03-17 12:50:22.878296 (1.0, 100000.0, 23, 10.0, 0.3, 0.296, 2.0, 3) [0.1383008818868642 0.0017180653405680143 0.006988802715825323] 2 10306.342109918594s
2022-03-17 16:08:25.223828 (1.0, 100000.0, 22, 10.0, 0.3, 0.296, 2.0, 3) [0.141746108422654 0.007015302503408724 0.007911775677225227] 2 17675.325813770294s
2022-03-17 16:23:56.583982 (1.0, 100000.0, 23, 10.0, 0.3, 0.298, 2.0, 3) [0.13521891276620754 0.0042925789146137355 0.00805432595761383] 2 12809.349156618118s
2022-03-17 17:54:35.678374 (1.0, 100000.0, 24, 10.0, 0.3, 0.271, 2.0, 3) [0.16798692027918843 0.006363128560232098 0.0012744031568364047] 2 87803.17128157616s
2022-03-17 18:05:38.475072 (1.0, 100000.0, 22, 10.0, 0.3, 0.298, 2.0, 3) [0.1408690421203216 0.0025500890289745243 0.008230881808471698] 2 7027.6563041210175s
2022-03-17 18:37:49.859663 (1.0, 100000.0, 23, 10.0, 0.3, 0.298, 2.0, 3) [0.13528829455808947 0.002559629862643013 0.008036436327346606] 2 8033.27357006073s
2022-03-17 18:39:34.934488 (1.0, 100000.0, 21, 10.0, 0.3, 0.298, 2.0, 3) [0.14907292454054052 0.003287038025638616 0.007725814312196775] 2 26120.257530927658s
2022-03-17 20:44:43.966680 (1.0, 100000.0, 22, 10.0, 0.3, 0.298, 2.0, 3) [0.14297777228832179 0.003410069049846585 0.007532738886121225] 2 9545.489467382431s
2022-03-17 21:12:16.676401 (1.0, 100000.0, 21, 10.0, 0.3, 0.298, 2.0, 3) [0.1514535295241738 0.004975760325159363 0.0070164169363796675] 2 9161.735636234283s
2022-03-17 21:17:27.918079 (1.0, 100000.0, 23, 10.0, 0.3, 0.301, 2.0, 3) [0.13065853113954284 0.0026352355088047957 0.009919921927753837] 2 9573.83821773529s
2022-03-17 22:53:36.293107 (1.0, 100000.0, 21, 10.0, 0.3, 0.301, 2.0, 3) [0.1456320281737545 0.003079986140232622 0.008936415616107916] 2 6073.564712762833s
2022-03-17 23:16:11.318588 (1.0, 100000.0, 22, 10.0, 0.3, 0.301, 2.0, 3) [0.134837489510422 0.005043520443725561 0.010705361830651496] 2 9081.773291826248s
2022-03-17 23:58:33.473097 (1.0, 100000.0, 23, 10.0, 0.3, 0.301, 2.0, 3) [0.13226320111828446 0.0032969582618877845 0.009232707178221515] 2 9665.552692174911s
2022-03-18 01:51:05.533799 (1.0, 100000.0, 22, 10.0, 0.3, 0.301, 2.0, 3) [0.13866450669358038 0.0028774433403412412 0.009068763665645846] 2 9294.193883895874s
2022-03-18 02:23:02.508627 (1.0, 100000.0, 23, 10.0, 0.3, 0.304, 2.0, 3) [0.12651804136761008 0.00527501307237829 0.011988969603550958] 2 8664.309359550476s
2022-03-18 02:48:48.142104 (1.0, 100000.0, 21, 10.0, 0.3, 0.301, 2.0, 3) [0.13853824104030232 0.0032447211129693295 0.011971499063101788] 2 14111.832783222198s
2022-03-18 04:45:42.011707 (1.0, 100000.0, 22, 10.0, 0.3, 0.304, 2.0, 3) [0.13199570242095063 0.002431959489750872 0.01215213347000122] 2 10471.47840976715s
2022-03-18 05:05:18.702617 (1.0, 100000.0, 23, 10.0, 0.3, 0.304, 2.0, 3) [0.12825473021524808 0.002060295992270423 0.011075275403792625] 2 9736.184126615524s
2022-03-18 06:27:49.274742 (1.0, 100000.0, 21, 10.0, 0.3, 0.304, 2.0, 3) [0.14206336535041192 0.004026294539049022 0.010387401953623018] 2 13135.059485435486s
2022-03-18 06:44:16.497169 (1.0, 100000.0, 22, 10.0, 0.3, 0.304, 2.0, 3) [0.1321599278088793 0.0026859582112429216 0.012039752805831916] 2 7114.477195978165s
2022-03-18 08:26:43.702804 (1.0, 100000.0, 23, 10.0, 0.3, 0.306, 2.0, 3) [0.12288189149273794 0.003088579415609331 0.014142766379671797] 2 12080.928118467331s
2022-03-18 08:41:07.951994 (1.0, 100000.0, 22, 10.0, 0.3, 0.306, 2.0, 3) [0.13149068060052418 0.005191597463054312 0.012424801025045899] 2 7003.946420431137s
2022-03-18 09:23:29.008458 (1.0, 100000.0, 21, 10.0, 0.3, 0.304, 2.0, 3) [0.13916353170047632 0.002333541485882822 0.01170382761148662] 2 10539.716045856476s
2022-03-18 10:57:21.455262 (1.0, 100000.0, 22, 10.0, 0.3, 0.306, 2.0, 3) [0.13319350374291483 0.0027200580862818966 0.011582383396968616] 2 8173.501347541809s
2022-03-18 11:00:24.283925 (1.0, 100000.0, 23, 10.0, 0.3, 0.306, 2.0, 3) [0.12290227368621717 0.0037933072924061393 0.014144157438478489] 2 9220.571295499802s
2022-03-18 13:20:09.119996 (1.0, 100000.0, 23, 10.0, 0.3, 0.311, 2.0, 3) [0.11816931690620265 0.0037344041771643667 0.017571772544278833] 2 8381.045820236206s
2022-03-18 13:34:34.163988 (1.0, 100000.0, 22, 10.0, 0.3, 0.311, 2.0, 3) [0.12591816924391913 0.004620186487783397 0.015870380003910903] 2 9427.59656906128s
2022-03-18 15:34:46.305146 (1.0, 100000.0, 23, 10.0, 0.3, 0.311, 2.0, 3) [0.1181718688743429 0.0037926142550981008 0.017574363163782174] 2 8077.160997867584s
2022-03-18 15:36:37.248484 (1.0, 100000.0, 21, 10.0, 0.3, 0.306, 2.0, 3) [0.13787775463134522 0.0030972767302249026 0.012363701379875284] 2 22379.160531520844s
2022-03-18 16:49:54.046125 (1.0, 100000.0, 22, 10.0, 0.3, 0.311, 2.0, 3) [0.12533365431333568 0.0045622863248368575 0.01624183342677932] 2 11719.880103588104s
2022-03-18 17:54:18.746665 (1.0, 100000.0, 23, 10.0, 0.3, 0.318, 2.0, 3) [0.11060887358421247 0.00422053258342871 0.02479363315244777] 2 8368.405443906784s
2022-03-18 19:08:18.556397 (1.0, 100000.0, 21, 10.0, 0.3, 0.306, 2.0, 3) [0.1370657610307748 0.0035339413794139014 0.012791541158526017] 2 12701.301810979843s
2022-03-18 19:59:35.102914 (1.0, 100000.0, 22, 10.0, 0.3, 0.318, 2.0, 3) [0.11535277199751702 0.003157813449592963 0.02511459022570723] 2 11376.024980068207s
2022-03-18 20:12:00.612898 (1.0, 100000.0, 23, 10.0, 0.3, 0.318, 2.0, 3) [0.11002190965593943 0.004785219944340626 0.025458226225323562] 2 8261.864255666733s
2022-03-18 20:37:27.829630 (1.0, 100000.0, 24, 10.0, 0.3, 0.271, 2.0, 3) [0.16878790703417076 0.002334333795794154 0.0012283793292248656] 2 96172.12248659134s
2022-03-18 21:14:16.716648 (1.0, 100000.0, 21, 10.0, 0.3, 0.311, 2.0, 3) [0.13263799197013618 0.0028475454861735454 0.015403408390625744] 2 7552.995336532593s
2022-03-18 21:50:42.689552 (1.0, 100000.0, 22, 10.0, 0.3, 0.318, 2.0, 3) [0.11982105204317979 0.004634273483190846 0.020698644617986706] 2 6667.5845720767975s
2022-03-18 22:38:33.967675 (1.0, 100000.0, 23, 10.0, 0.3, 0.331, 2.0, 3) [0.09681254468116315 0.003532795549123607 0.046443672099155474] 2 8789.293622493744s
2022-03-18 23:38:21.499862 (1.0, 100000.0, 21, 10.0, 0.3, 0.311, 2.0, 3) [0.13168268803790467 0.0032030901594294245 0.016032959662665037] 2 8644.77744936943s
2022-03-19 00:02:09.666557 (1.0, 100000.0, 22, 10.0, 0.3, 0.331, 2.0, 3) [0.10484804501453816 0.002791051243540337 0.0397211121325669] 2 7881.963323831558s
2022-03-19 01:11:56.559025 (1.0, 100000.0, 23, 10.0, 0.3, 0.331, 2.0, 3) [0.09729813485703291 0.003884261267781371 0.04551809435184389] 2 9202.56632900238s
2022-03-19 01:42:43.029784 (1.0, 100000.0, 21, 10.0, 0.3, 0.318, 2.0, 3) [0.12500395350719481 0.002505258236850055 0.021195122751108016] 2 7455.067694187164s
2022-03-19 01:55:07.207128 (1.0, 100000.0, 22, 10.0, 0.3, 0.331, 2.0, 3) [0.1014188149707348 0.003092197573940466 0.04605636083228553] 2 6777.538466691971s
2022-03-19 03:28:36.967519 (1.0, 100000.0, 24, 10.0, 0.3, 0.284, 2.0, 3) [0.14755936367409508 0.004493112704015506 0.0033995418667303115] 2 24664.77934908867s
2022-03-19 03:37:21.140296 (1.0, 100000.0, 21, 10.0, 0.3, 0.318, 2.0, 3) [0.1261226332808916 0.005662901255246847 0.020273271549898858] 2 6878.108282804489s
2022-03-19 05:35:36.362560 (1.0, 100000.0, 21, 10.0, 0.3, 0.331, 2.0, 3) [0.1097102761679598 0.003167800178269983 0.03998292849348219] 2 7090.264290571213s
2022-03-19 07:43:20.493695 (1.0, 100000.0, 21, 10.0, 0.3, 0.331, 2.0, 3) [0.11015933093580846 0.0029867462157610264 0.039310052115049156] 2 7664.128690242767s
2022-03-19 07:46:17.094526 (1.0, 100000.0, 24, 10.0, 0.3, 0.284, 2.0, 3) [0.14850707375852262 0.004647154683566956 0.0032490597939912897] 2 15460.11088514328s
2022-03-19 11:30:16.984676 (1.0, 100000.0, 24, 10.0, 0.3, 0.291, 2.0, 3) [0.13803238220628836 0.0028151553296121125 0.005372062156104168] 2 13434.728507757187s
2022-03-19 15:19:34.495064 (1.0, 100000.0, 24, 10.0, 0.3, 0.291, 2.0, 3) [0.1377889100377193 0.002650305930964267 0.005423137390769752] 2 13757.489280700684s
2022-03-19 20:26:32.091909 (1.0, 100000.0, 24, 10.0, 0.3, 0.296, 2.0, 3) [0.13080308433702073 0.0024369775484574642 0.007583969040303807] 2 18412.928889274597s
2022-03-20 03:25:49.441345 (1.0, 100000.0, 24, 10.0, 0.3, 0.296, 2.0, 3) [0.13267848845021946 0.0027145766401206373 0.006948310801702737] 2 25157.3249835968s
2022-03-20 08:54:00.326949 (1.0, 100000.0, 24, 10.0, 0.3, 0.298, 2.0, 3) [0.1327064467001787 0.0030355411983047547 0.0069377790172096285] 2 19685.692229509354s
2022-03-20 12:43:29.949957 (1.0, 100000.0, 24, 10.0, 0.3, 0.298, 2.0, 3) [0.12874826449197208 0.003475311423718321 0.008374923151184866] 2 13769.599884748459s
2022-03-21 07:25:23.857106 (1.0, 100000.0, 24, 10.0, 0.3, 0.301, 2.0, 3) [0.12760880149056783 0.0028333858714525645 0.008851852341645339] 2 67307.77873373032s
2022-03-21 13:32:26.526309 (1.0, 100000.0, 24, 10.0, 0.3, 0.301, 2.0, 3) [0.12711144671727834 0.0026101442442681548 0.009065480564498199] 2 22022.642438173294s
2022-03-22 02:03:51.131492 (1.0, 100000.0, 24, 10.0, 0.3, 0.304, 2.0, 3) [0.12191441284409989 0.002701926039197699 0.011591056452367968] 2 45079.42956852913s
2022-03-22 20:05:34.375457 (1.0, 100000.0, 24, 10.0, 0.3, 0.304, 2.0, 3) [0.11967563736654677 0.005041036914033626 0.012917211659801689] 2 64903.216577768326s
2022-03-23 16:40:42.724791 (1.0, 100000.0, 24, 10.0, 0.3, 0.306, 2.0, 3) [0.11814514232715971 0.0020635052920905013 0.013909258283798884] 2 74102.94701695442s
2022-03-23 20:27:35.104758 (1.0, 100000.0, 24, 10.0, 0.3, 0.306, 2.0, 3) [0.12264185909013675 0.0031321519180751195 0.011272922476640143] 2 13612.363401651382s
2022-03-25 13:32:20.170718 (1.0, 100000.0, 24, 10.0, 0.3, 0.311, 2.0, 3) [0.11127861779329862 0.004271853047028226 0.019274359864996784] 2 147880.32922053337s
