2022-03-22 11:58:57.252349 (1.0, 100000.0, 18, 10.0, 0.3, 0.271, 2.0, 3) [0.21366856344955146 0.0036306457616351643 0.0018577729701827596] 3 3203.4735271930695s
2022-03-22 12:29:23.667007 (1.0, 100000.0, 16, 10.0, 0.3, 0.271, 2.0, 3) [0.23829897211318748 0.003948575269916818 0.001986293809930762] 3 5032.706965208054s
2022-03-22 12:52:16.657034 (1.0, 100000.0, 18, 10.0, 0.3, 0.271, 2.0, 3) [0.2137038185945456 0.004419242603655939 0.0018527669497567234] 3 3199.4013979434967s
2022-03-22 13:45:31.062646 (1.0, 100000.0, 18, 10.0, 0.3, 0.271, 2.0, 3) [0.21530672559061878 0.004757305910940758 0.0017515708821965812] 3 3194.4031462669373s
2022-03-22 13:52:50.712328 (1.0, 100000.0, 17, 10.0, 0.3, 0.271, 2.0, 3) [0.22297117498899957 0.003973307094253888 0.0020734597519684074] 3 10037.716417074203s
2022-03-22 13:54:20.443290 (1.0, 100000.0, 16, 10.0, 0.3, 0.271, 2.0, 3) [0.24021483255988715 0.003681623454379206 0.0018732747719915] 3 5096.761978149414s
2022-03-22 14:37:01.321534 (1.0, 100000.0, 17, 10.0, 0.3, 0.271, 2.0, 3) [0.23054257897174224 0.004529350644732565 0.0016118816914157156] 3 2650.6070013046265s
2022-03-22 14:39:59.443713 (1.0, 100000.0, 18, 10.0, 0.3, 0.284, 2.0, 3) [0.1940826577956934 0.0034966873839706735 0.003757070054501825] 3 3263.525950908661s
2022-03-22 15:19:26.054546 (1.0, 100000.0, 16, 10.0, 0.3, 0.271, 2.0, 3) [0.23964390504589456 0.008463871075993182 0.00191295688136527] 3 5105.597346305847s
2022-03-22 15:26:03.235836 (1.0, 100000.0, 18, 10.0, 0.3, 0.284, 2.0, 3) [0.19324777549186017 0.0034570636218099445 0.003874146364021204] 3 2763.7890632152557s
2022-03-22 16:04:11.401013 (1.0, 100000.0, 16, 10.0, 0.3, 0.284, 2.0, 3) [0.21710808442265847 0.0033488332797095353 0.003915369108465372] 3 2680.592212677002s
2022-03-22 16:11:37.584336 (1.0, 100000.0, 18, 10.0, 0.3, 0.284, 2.0, 3) [0.19302302555419137 0.003687491317239099 0.003897891449911608] 3 2734.342118740082s
2022-03-22 16:53:12.563389 (1.0, 100000.0, 17, 10.0, 0.3, 0.271, 2.0, 3) [0.2250502239636295 0.004597438626714021 0.0019343505857592096] 3 8171.233947515488s
2022-03-22 16:54:18.351173 (1.0, 100000.0, 16, 10.0, 0.3, 0.284, 2.0, 3) [0.21535367262521796 0.00463098843596583 0.004141443424335835] 3 3006.944834470749s
2022-03-22 17:12:42.164185 (1.0, 100000.0, 18, 10.0, 0.3, 0.291, 2.0, 3) [0.18072153607996103 0.004739955041872768 0.006067719956545951] 3 3660.402731895447s
2022-03-22 17:41:32.413551 (1.0, 100000.0, 16, 10.0, 0.3, 0.284, 2.0, 3) [0.21378088356878153 0.0034797546050394992 0.004351631083722619] 3 2834.0544214248657s
2022-03-22 18:12:27.157815 (1.0, 100000.0, 18, 10.0, 0.3, 0.291, 2.0, 3) [0.18645024300998017 0.004291824122057954 0.004947924507126164] 3 3584.9899230003357s
2022-03-22 18:55:57.544278 (1.0, 100000.0, 17, 10.0, 0.3, 0.284, 2.0, 3) [0.20394058419747269 0.005166599276452199 0.003960850655719036] 3 7360.161349773407s
2022-03-22 19:12:24.926899 (1.0, 100000.0, 18, 10.0, 0.3, 0.291, 2.0, 3) [0.18075290573893393 0.005206468656849539 0.006054136825572396] 3 3597.7613060474396s
2022-03-22 19:48:57.072440 (1.0, 100000.0, 16, 10.0, 0.3, 0.291, 2.0, 3) [0.20417139748033886 0.0033088627200092433 0.00591422331493765] 3 7640.309015274048s
2022-03-22 19:55:19.467217 (1.0, 100000.0, 18, 10.0, 0.3, 0.296, 2.0, 3) [0.1768714886504962 0.004354302157788025 0.006973464854687139] 3 2568.1580753326416s
2022-03-22 20:41:26.801671 (1.0, 100000.0, 17, 10.0, 0.3, 0.284, 2.0, 3) [0.19993424547387992 0.0029088790723343625 0.004526640344099352] 3 6329.252302408218s
2022-03-22 20:47:49.012183 (1.0, 100000.0, 18, 10.0, 0.3, 0.296, 2.0, 3) [0.17750778808231063 0.003197449972794339 0.0068247610886053335] 3 3149.5420718193054s
2022-03-22 21:40:31.355051 (1.0, 100000.0, 18, 10.0, 0.3, 0.296, 2.0, 3) [0.17785136356601286 0.004934382529337948 0.006741190224753734] 3 3162.3403277397156s
2022-03-22 21:57:07.087843 (1.0, 100000.0, 16, 10.0, 0.3, 0.291, 2.0, 3) [0.2076735722206639 0.003404809789477542 0.0052995901506318575] 3 7690.010644197464s
2022-03-22 22:16:09.217303 (1.0, 100000.0, 18, 10.0, 0.3, 0.298, 2.0, 3) [0.17371097959179232 0.004463063266496396 0.007801891277325265] 3 2133.7731277942657s
2022-03-22 22:27:58.186064 (1.0, 100000.0, 17, 10.0, 0.3, 0.284, 2.0, 3) [0.2035239447249368 0.002640493009036671 0.004018097192879148] 3 6391.3728992938995s
2022-03-22 22:51:34.654722 (1.0, 100000.0, 18, 10.0, 0.3, 0.298, 2.0, 3) [0.17453645758463418 0.004772547884875863 0.007589884115092311] 3 2125.4353466033936s
2022-03-22 23:02:54.839010 (1.0, 100000.0, 16, 10.0, 0.3, 0.291, 2.0, 3) [0.2040382220333303 0.004101349591107577 0.005931537005672862] 3 3947.7486357688904s
2022-03-22 23:26:52.225867 (1.0, 100000.0, 18, 10.0, 0.3, 0.298, 2.0, 3) [0.17600195332935073 0.004917248324054767 0.0071956643435990295] 3 2117.56920003891s
2022-03-22 23:55:03.884332 (1.0, 100000.0, 16, 10.0, 0.3, 0.296, 2.0, 3) [0.20005640907312833 0.006305083489775456 0.006757135312029108] 3 3124.7266290187836s
2022-03-23 00:19:21.300905 (1.0, 100000.0, 17, 10.0, 0.3, 0.291, 2.0, 3) [0.19535963680842602 0.004083860864594926 0.005301162027515919] 3 6678.7507293224335s
2022-03-23 00:28:29.954634 (1.0, 100000.0, 18, 10.0, 0.3, 0.301, 2.0, 3) [0.16738284633375725 0.008667283387350283 0.009804084123440832] 3 3693.706606864929s
2022-03-23 00:38:54.407719 (1.0, 100000.0, 16, 10.0, 0.3, 0.296, 2.0, 3) [0.20080810757181616 0.004265623625828747 0.006591917285050521] 3 2630.521126270294s
2022-03-23 01:28:23.890731 (1.0, 100000.0, 16, 10.0, 0.3, 0.296, 2.0, 3) [0.20093258372673514 0.0036564056794224187 0.0065623580153486875] 3 2969.48086977005s
2022-03-23 01:30:00.419695 (1.0, 100000.0, 18, 10.0, 0.3, 0.301, 2.0, 3) [0.16867916223687474 0.0038196833572696496 0.009355574046082038] 3 3690.4630241394043s
2022-03-23 02:18:23.344786 (1.0, 100000.0, 16, 10.0, 0.3, 0.298, 2.0, 3) [0.19480696684083673 0.0036463771341360414 0.007974770665584132] 3 2994.780100107193s
2022-03-23 02:31:07.295861 (1.0, 100000.0, 18, 10.0, 0.3, 0.301, 2.0, 3) [0.16561210958515943 0.003203889061180415 0.010438108999485593] 3 3666.8739659786224s
2022-03-23 02:42:11.617175 (1.0, 100000.0, 17, 10.0, 0.3, 0.291, 2.0, 3) [0.19023727587610884 0.0028648038441697592 0.006299705613445435] 3 8570.314051151276s
2022-03-23 02:54:47.895339 (1.0, 100000.0, 16, 10.0, 0.3, 0.298, 2.0, 3) [0.19787183382430584 0.004470556496736418 0.007240497411973243] 3 2184.5481791496277s
2022-03-23 03:11:23.938883 (1.0, 100000.0, 18, 10.0, 0.3, 0.304, 2.0, 3) [0.16605578950788644 0.005896336211283371 0.01027857517788095] 3 2411.7758457660675s
2022-03-23 03:25:46.866609 (1.0, 100000.0, 16, 10.0, 0.3, 0.298, 2.0, 3) [0.19648641666251973 0.004357169819803544 0.007564103385758782] 3 1858.9687070846558s
2022-03-23 03:39:25.294494 (1.0, 100000.0, 17, 10.0, 0.3, 0.291, 2.0, 3) [0.1943998641709491 0.0048753002977478 0.005483017036580583] 3 3433.6750128269196s
2022-03-23 03:55:06.820220 (1.0, 100000.0, 18, 10.0, 0.3, 0.304, 2.0, 3) [0.16389806715469363 0.002295014806254555 0.011093614548138304] 3 2622.8791851997375s
2022-03-23 04:06:25.842658 (1.0, 100000.0, 16, 10.0, 0.3, 0.301, 2.0, 3) [0.190635597737151 0.0032269921068526068 0.009130107109551243] 3 2434.6670660972595s
2022-03-23 04:38:31.865566 (1.0, 100000.0, 18, 10.0, 0.3, 0.304, 2.0, 3) [0.16751610019958763 0.004758963900145382 0.009781282448614115] 3 2605.0430393218994s
2022-03-23 04:40:29.193239 (1.0, 100000.0, 16, 10.0, 0.3, 0.301, 2.0, 3) [0.1959112113948893 0.004182372992815854 0.007729086370165851] 3 2043.3482422828674s
2022-03-23 04:58:27.079820 (1.0, 100000.0, 17, 10.0, 0.3, 0.296, 2.0, 3) [0.18771469097284207 0.005393293514624177 0.00687939189594467] 3 4737.905678510666s
2022-03-23 05:31:24.323040 (1.0, 100000.0, 18, 10.0, 0.3, 0.306, 2.0, 3) [0.16462456098342032 0.004918761854724766 0.010805372161493909] 3 3168.5872282981873s
2022-03-23 05:32:34.475685 (1.0, 100000.0, 17, 10.0, 0.3, 0.296, 2.0, 3) [0.18695807654162766 0.0031839735098807206 0.007051695914041101] 3 2047.3934819698334s
2022-03-23 06:22:11.829476 (1.0, 100000.0, 16, 10.0, 0.3, 0.301, 2.0, 3) [0.1928290229989857 0.003455709164121771 0.008531572078750651] 3 6102.633840560913s
2022-03-23 06:30:22.659797 (1.0, 100000.0, 18, 10.0, 0.3, 0.306, 2.0, 3) [0.16280646029289308 0.0047918808901769114 0.01154030989921279] 3 3538.334686756134s
2022-03-23 07:10:13.802905 (1.0, 100000.0, 17, 10.0, 0.3, 0.296, 2.0, 3) [0.1856329591536778 0.004757438591504176 0.007376303135881281] 3 5859.324961185455s
2022-03-23 07:29:34.454173 (1.0, 100000.0, 18, 10.0, 0.3, 0.306, 2.0, 3) [0.16410784437811463 0.004295198833061641 0.011022740937611972] 3 3551.7921113967896s
2022-03-23 07:59:11.106379 (1.0, 100000.0, 16, 10.0, 0.3, 0.304, 2.0, 3) [0.18808059680581268 0.0037919848633717226 0.009879240718831502] 3 5815.27391242981s
2022-03-23 08:13:10.455851 (1.0, 100000.0, 18, 10.0, 0.3, 0.311, 2.0, 3) [0.16018194606065952 0.004125471876211465 0.01270246475700411] 3 2611.718443632126s
2022-03-23 08:56:40.995207 (1.0, 100000.0, 18, 10.0, 0.3, 0.311, 2.0, 3) [0.15796823814114666 0.002892983248847627 0.013757655011585386] 3 2610.537202835083s
2022-03-23 09:04:57.237869 (1.0, 100000.0, 17, 10.0, 0.3, 0.298, 2.0, 3) [0.18303767759193243 0.003853899761481342 0.008059856742655408] 3 6878.920748472214s
2022-03-23 09:40:00.806251 (1.0, 100000.0, 18, 10.0, 0.3, 0.311, 2.0, 3) [0.15941321153658178 0.004552411431474271 0.01307801289019648] 3 2599.8087520599365s
2022-03-23 09:43:47.693753 (1.0, 100000.0, 16, 10.0, 0.3, 0.304, 2.0, 3) [0.18860254596671333 0.006581717387093312 0.009733344147004303] 3 6276.5643491744995s
2022-03-23 10:41:49.982431 (1.0, 100000.0, 18, 10.0, 0.3, 0.318, 2.0, 3) [0.14728832981353693 0.0036943831706623856 0.020089681988006668] 3 3704.786891937256s
2022-03-23 11:25:44.802088 (1.0, 100000.0, 16, 10.0, 0.3, 0.304, 2.0, 3) [0.18621326633815716 0.0033184218355541187 0.010497896961914261] 3 6117.10613489151s
2022-03-23 11:36:54.603916 (1.0, 100000.0, 18, 10.0, 0.3, 0.318, 2.0, 3) [0.15063188539339414 0.003978043121281415 0.01788330454216088] 3 3304.619295358658s
2022-03-23 11:39:46.012742 (1.0, 100000.0, 17, 10.0, 0.3, 0.298, 2.0, 3) [0.18328477067916113 0.003185297125127709 0.007990365043590053] 3 9288.772721529007s
2022-03-23 12:13:07.470687 (1.0, 100000.0, 16, 10.0, 0.3, 0.306, 2.0, 3) [0.1854633969884119 0.0030227318720586326 0.0107507180112639] 3 2838.068355321884s
2022-03-23 12:20:53.278792 (1.0, 100000.0, 17, 10.0, 0.3, 0.298, 2.0, 3) [0.18799355827344313 0.004169492120866205 0.006830554752714711] 3 2467.2637102603912s
2022-03-23 12:23:01.732517 (1.0, 100000.0, 18, 10.0, 0.3, 0.318, 2.0, 3) [0.14876268687245892 0.004324391758657504 0.019108140952310806] 3 2767.1261897087097s
2022-03-23 12:47:01.861095 (1.0, 100000.0, 19, 10.0, 0.3, 0.271, 2.0, 3) [0.2033775571602169 0.004030357543818861 0.001789741302602644] 3 92488.0681540966s
2022-03-23 12:50:05.084311 (1.0, 100000.0, 16, 10.0, 0.3, 0.306, 2.0, 3) [0.1815285209556853 0.004899449055284257 0.012180245396306898] 3 2217.611530303955s
2022-03-23 13:06:13.485464 (1.0, 100000.0, 18, 10.0, 0.3, 0.331, 2.0, 3) [0.13285193033811346 0.004712753066849506 0.03363920502734324] 3 2587.72079205513s
2022-03-23 13:22:11.441690 (1.0, 100000.0, 16, 10.0, 0.3, 0.306, 2.0, 3) [0.18449393248488377 0.0043584376969370365 0.011100227687401841] 3 1926.354543685913s
2022-03-23 13:50:06.487454 (1.0, 100000.0, 18, 10.0, 0.3, 0.331, 2.0, 3) [0.13511040866262333 0.0025158513359261996 0.031183075192476813] 3 2633.0002043247223s
2022-03-23 14:12:13.977428 (1.0, 100000.0, 16, 10.0, 0.3, 0.311, 2.0, 3) [0.179406804839885 0.0054512838216836884 0.01309288209378661] 3 2949.972175836563s
2022-03-23 14:34:39.321638 (1.0, 100000.0, 18, 10.0, 0.3, 0.331, 2.0, 3) [0.13164922710520446 0.0034826941971845284 0.0351766470705181] 3 2672.810009241104s
2022-03-23 14:57:08.193383 (1.0, 100000.0, 16, 10.0, 0.3, 0.311, 2.0, 3) [0.1770429606677886 0.0028203425537834457 0.014021419409914563] 3 2694.214003801346s
2022-03-23 15:04:27.681758 (1.0, 100000.0, 17, 10.0, 0.3, 0.301, 2.0, 3) [0.1812812067853193 0.003472469911376946 0.008563364320934705] 3 9809.84249997139s
2022-03-23 15:40:10.950006 (1.0, 100000.0, 16, 10.0, 0.3, 0.311, 2.0, 3) [0.1766826056788478 0.0036814573362498057 0.01417533381586925] 3 2582.7546195983887s
2022-03-23 16:29:14.093429 (1.0, 100000.0, 16, 10.0, 0.3, 0.318, 2.0, 3) [0.16920767225041897 0.0031841033418097972 0.018055035817418644] 3 2877.4504783153534s
2022-03-23 16:37:51.569328 (1.0, 100000.0, 17, 10.0, 0.3, 0.301, 2.0, 3) [0.18231279349997534 0.005100198831702789 0.008272505993002782] 3 5603.8857634067535s
2022-03-23 17:07:00.722984 (1.0, 100000.0, 16, 10.0, 0.3, 0.318, 2.0, 3) [0.17004739668772853 0.0036244777880425796 0.017570005664439274] 3 2266.627351284027s
2022-03-23 17:43:17.037140 (1.0, 100000.0, 16, 10.0, 0.3, 0.318, 2.0, 3) [0.1702288860922777 0.0034755112879472296 0.017489522095963203] 3 2176.311888694763s
2022-03-23 17:55:58.496253 (1.0, 100000.0, 19, 10.0, 0.3, 0.271, 2.0, 3) [0.2078927703213455 0.003138573094909104 0.0015076378917174376] 3 18536.63278412819s
2022-03-23 18:00:18.329848 (1.0, 100000.0, 17, 10.0, 0.3, 0.301, 2.0, 3) [0.17679657941921906 0.003414484315357577 0.009930657985272562] 3 4946.758467435837s
2022-03-23 18:18:40.783235 (1.0, 100000.0, 16, 10.0, 0.3, 0.331, 2.0, 3) [0.15476937694323684 0.0030900976700818142 0.028544882070595672] 3 2108.096207380295s
2022-03-23 20:22:59.964237 (1.0, 100000.0, 19, 10.0, 0.3, 0.271, 2.0, 3) [0.2046284333848199 0.004230737792192644 0.0017049583152388948] 3 8821.465317487717s
2022-03-24 00:20:08.607995 (1.0, 100000.0, 17, 10.0, 0.3, 0.304, 2.0, 3) [0.17690194639260687 0.0029897746259496152 0.009927733157593368] 3 22786.34578227997s
2022-03-24 02:42:28.561564 (1.0, 100000.0, 19, 10.0, 0.3, 0.284, 2.0, 3) [0.1846131882666236 0.003719677432388263 0.0036472599138440446] 3 22762.099222183228s
2022-03-24 02:57:39.896126 (1.0, 100000.0, 17, 10.0, 0.3, 0.304, 2.0, 3) [0.1792591142113776 0.004035365797972668 0.009174264028865857] 3 9451.264966011047s
2022-03-24 03:59:42.267508 (1.0, 100000.0, 16, 10.0, 0.3, 0.331, 2.0, 3) [0.15587542895509024 0.0047876310158523755 0.027578801445778674] 3 34861.4824051857s
2022-03-24 04:09:44.961486 (1.0, 100000.0, 17, 10.0, 0.3, 0.304, 2.0, 3) [0.17606254618595554 0.0038819209151304923 0.01022702162419591] 3 4325.062913179398s
2022-03-24 04:27:59.157941 (1.0, 100000.0, 19, 10.0, 0.3, 0.284, 2.0, 3) [0.18171460207860451 0.0038121440798563745 0.004072352690226004] 3 6330.591567516327s
2022-03-24 06:43:44.873598 (1.0, 100000.0, 19, 10.0, 0.3, 0.284, 2.0, 3) [0.18421363978313665 0.004486698777560163 0.0037019507760468083] 3 8145.712493419647s
2022-03-24 08:29:19.036652 (1.0, 100000.0, 16, 10.0, 0.3, 0.331, 2.0, 3) [0.1503554491524783 0.004346674869822386 0.032729427182019946] 3 16176.767134189606s
2022-03-24 17:47:08.405463 (1.0, 100000.0, 19, 10.0, 0.3, 0.291, 2.0, 3) [0.17793935524734886 0.0035606385234121817 0.004712270512094724] 3 39796.01105284691s
2022-03-24 19:17:36.859924 (1.0, 100000.0, 19, 10.0, 0.3, 0.291, 2.0, 3) [0.17522493095301842 0.004818677063956209 0.005228309710060616] 3 5428.414767503738s
2022-03-24 20:58:15.143342 (1.0, 100000.0, 19, 10.0, 0.3, 0.291, 2.0, 3) [0.1734801943812705 0.003918979726797882 0.005564437680718867] 3 6038.101428031921s
2022-03-24 21:48:57.580098 (1.0, 100000.0, 17, 10.0, 0.3, 0.306, 2.0, 3) [0.17561049545382482 0.004773256651951016 0.010391958326751629] 3 63547.749047756195s
2022-03-25 00:05:27.784096 (1.0, 100000.0, 19, 10.0, 0.3, 0.296, 2.0, 3) [0.17095607899450885 0.0038400381959920312 0.006132038195625677] 3 11202.318416118622s
2022-03-25 15:02:01.491920 (1.0, 100000.0, 19, 10.0, 0.3, 0.296, 2.0, 3) [0.16720511184024833 0.005656380941583305 0.0070600575349115255] 3 53793.68129038811s
2022-03-25 16:53:28.477030 (1.0, 100000.0, 17, 10.0, 0.3, 0.306, 2.0, 3) [0.17643288074264998 0.004575120046031668 0.010097385204528185] 3 68670.88214278221s
2022-03-25 17:48:13.346345 (1.0, 100000.0, 17, 10.0, 0.3, 0.306, 2.0, 3) [0.1755604933514611 0.004656710886487721 0.010411422681282943] 3 3284.8660836219788s
2022-03-25 19:17:40.256809 (1.0, 100000.0, 17, 10.0, 0.3, 0.311, 2.0, 3) [0.1688980356176051 0.003750872954034709 0.013044171228420274] 3 5358.460187196732s
2022-03-25 20:26:14.891506 (1.0, 100000.0, 17, 10.0, 0.3, 0.311, 2.0, 3) [0.16489209310132424 0.004081276855931686 0.014894755255106968] 3 4114.632647514343s
2022-03-25 21:35:51.347996 (1.0, 100000.0, 17, 10.0, 0.3, 0.311, 2.0, 3) [0.16798655211108163 0.004895183122387015 0.013400109062735433] 3 4176.4526443481445s
2022-03-25 22:35:54.663973 (1.0, 100000.0, 17, 10.0, 0.3, 0.318, 2.0, 3) [0.1566082714105419 0.003271711013002654 0.019715523698928653] 3 3599.1384603977203s
2022-03-25 23:23:17.842206 (1.0, 100000.0, 17, 10.0, 0.3, 0.318, 2.0, 3) [0.1529059161279817 0.0070233864833720685 0.022259390826315856] 3 2843.1761162281036s
2022-03-26 00:07:03.531542 (1.0, 100000.0, 17, 10.0, 0.3, 0.318, 2.0, 3) [0.15952580368335917 0.006211957970030042 0.017927416448256715] 3 2625.6869633197784s
2022-03-26 15:24:51.034698 (1.0, 100000.0, 19, 10.0, 0.3, 0.296, 2.0, 3) [0.1663768599156288 0.004549148264257954 0.007287222499928218] 3 87769.51014566422s
2022-03-27 12:37:53.459219 (1.0, 100000.0, 17, 10.0, 0.3, 0.331, 2.0, 3) [0.1473659311294967 0.003205876822116615 0.027033791997437683] 3 131445.55119609833s
2022-03-27 16:07:49.847343 (1.0, 100000.0, 17, 10.0, 0.3, 0.331, 2.0, 3) [0.1413735920475508 0.0028361241925374567 0.03290247991519314] 3 12596.385949373245s
2022-03-27 19:41:18.931925 (1.0, 100000.0, 17, 10.0, 0.3, 0.331, 2.0, 3) [0.14682467259387794 0.004501670628928701 0.027451223732830477] 3 12809.0810546875s
2022-03-27 21:16:58.801390 (1.0, 100000.0, 19, 10.0, 0.3, 0.298, 2.0, 3) [0.16858242635719195 0.003135418593981058 0.006725297696048759] 3 107521.28737950325s
2022-03-29 07:50:26.452129 (1.0, 100000.0, 19, 10.0, 0.3, 0.298, 2.0, 3) [0.16532743181784684 0.004654315465228705 0.007587441426627582] 3 124407.64554357529s
2022-03-29 18:13:17.330826 (1.0, 100000.0, 19, 10.0, 0.3, 0.298, 2.0, 3) [0.1627040527101012 0.00431648666587282 0.008377506677974583] 3 37370.819150686264s
2022-03-29 19:18:53.775347 (1.0, 100000.0, 19, 10.0, 0.3, 0.301, 2.0, 3) [0.15828817385057248 0.0056362853463570155 0.00991360863702573] 3 3931.736478328705s
2022-03-29 20:26:52.433974 (1.0, 100000.0, 19, 10.0, 0.3, 0.301, 2.0, 3) [0.1605757309221023 0.003859036899264349 0.009085926341388407] 3 4078.656375646591s
2022-03-29 21:35:26.912245 (1.0, 100000.0, 19, 10.0, 0.3, 0.301, 2.0, 3) [0.1632918093194787 0.006896989144413025 0.008221294006319829] 3 4114.476113796234s
2022-03-29 22:44:49.873508 (1.0, 100000.0, 19, 10.0, 0.3, 0.304, 2.0, 3) [0.156139768568069 0.0034656619555180185 0.010740841960573125] 3 4157.473795890808s
2022-03-29 23:52:30.690069 (1.0, 100000.0, 19, 10.0, 0.3, 0.304, 2.0, 3) [0.15543973395632396 0.0044579936963491966 0.011021182168628069] 3 4060.8140110969543s
2022-03-30 01:00:11.047028 (1.0, 100000.0, 19, 10.0, 0.3, 0.304, 2.0, 3) [0.1599390745211911 0.005385961954805888 0.009314239461376704] 3 4060.352472305298s
2022-03-30 02:07:15.959495 (1.0, 100000.0, 19, 10.0, 0.3, 0.306, 2.0, 3) [0.15583393285667352 0.002988560870954615 0.010919051823272352] 3 4020.1181015968323s
2022-03-30 03:14:46.180614 (1.0, 100000.0, 19, 10.0, 0.3, 0.306, 2.0, 3) [0.15094897283656897 0.0033226168673212188 0.013050007907989802] 3 4050.219185113907s
2022-03-30 04:29:56.616433 (1.0, 100000.0, 19, 10.0, 0.3, 0.306, 2.0, 3) [0.15503911755246197 0.004203269694618406 0.01123282537154928] 3 4510.433485746384s
2022-03-30 06:55:44.648228 (1.0, 100000.0, 19, 10.0, 0.3, 0.311, 2.0, 3) [0.14828800899470299 0.005556314578573738 0.014452677405164545] 3 8744.1444272995s
2022-03-30 08:00:06.156184 (1.0, 100000.0, 19, 10.0, 0.3, 0.311, 2.0, 3) [0.14659829351244336 0.0030040794332059223 0.015418185130834424] 3 3861.5033802986145s
2022-03-30 09:04:05.988084 (1.0, 100000.0, 19, 10.0, 0.3, 0.311, 2.0, 3) [0.148814796376292 0.0025590456469886174 0.014198548947375012] 3 3839.829025030136s
2022-03-30 10:10:38.305394 (1.0, 100000.0, 19, 10.0, 0.3, 0.318, 2.0, 3) [0.13795754942737015 0.002281211199580999 0.021377058901492486] 3 3988.373856306076s
2022-03-30 11:16:47.016154 (1.0, 100000.0, 19, 10.0, 0.3, 0.318, 2.0, 3) [0.13670516488582893 0.001425622203336223 0.02236828351882828] 3 3968.708344936371s
2022-03-30 12:19:55.788493 (1.0, 100000.0, 19, 10.0, 0.3, 0.318, 2.0, 3) [0.13849534847123643 0.003130029899033163 0.020903952871633342] 3 3788.769273996353s
2022-03-30 13:26:04.221452 (1.0, 100000.0, 19, 10.0, 0.3, 0.331, 2.0, 3) [0.12366267129901116 0.0031549565227171825 0.03655933113354967] 3 3964.02961063385s
2022-03-30 14:22:58.451960 (1.0, 100000.0, 19, 10.0, 0.3, 0.331, 2.0, 3) [0.12707366212713056 0.004402794245533497 0.032269917048688784] 3 3414.226305961609s
2022-03-30 15:19:26.548533 (1.0, 100000.0, 19, 10.0, 0.3, 0.331, 2.0, 3) [0.12483745147626744 0.0037599869992846766 0.03504609146689926] 3 3388.092749595642s
