2022-03-23 21:11:51.496632 (1.0, 100000.0, 14, 10.0, 0.3, 0.281, 2.0, 3) [0.24791382814856383 0.005863912432066105 0.003943292875513767] 6 527.7898919582367s
2022-03-23 21:20:45.656323 (1.0, 100000.0, 14, 10.0, 0.3, 0.281, 2.0, 3) [0.24842500049211957 0.0035660991354922456 0.00389258694682041] 6 534.1572976112366s
2022-03-23 21:26:09.524106 (1.0, 100000.0, 16, 10.0, 0.3, 0.281, 2.0, 3) [0.21961142134319708 0.005706413067027659 0.0036073752079479023] 6 1380.0817501544952s
2022-03-23 21:30:06.539366 (1.0, 100000.0, 14, 10.0, 0.3, 0.281, 2.0, 3) [0.2440033661606451 0.0034933100627205197 0.004391285921954812] 6 560.8805890083313s
2022-03-23 21:39:22.703362 (1.0, 100000.0, 14, 10.0, 0.3, 0.281, 2.0, 3) [0.2484767333279417 0.004321676109018291 0.0038891902710655405] 6 556.1616191864014s
2022-03-23 21:48:02.839888 (1.0, 100000.0, 14, 10.0, 0.3, 0.281, 2.0, 3) [0.24947070153874848 0.003676990572773319 0.0037785982852295047] 6 520.1341187953949s
2022-03-23 21:52:09.426281 (1.0, 100000.0, 16, 10.0, 0.3, 0.281, 2.0, 3) [0.21970003285857392 0.0038903007637407405 0.003601174331235252] 6 1559.8979804515839s
2022-03-23 21:56:41.481121 (1.0, 100000.0, 14, 10.0, 0.3, 0.281, 2.0, 3) [0.24707817357515424 0.0034240867495634497 0.004032246553509853] 6 518.6389110088348s
2022-03-23 22:05:18.356334 (1.0, 100000.0, 14, 10.0, 0.3, 0.285, 2.0, 3) [0.23928195303310912 0.0034924861215141043 0.005015311211975636] 6 511.98957419395447s
2022-03-23 22:14:16.300879 (1.0, 100000.0, 14, 10.0, 0.3, 0.285, 2.0, 3) [0.23983444677206908 0.003952934600365692 0.004930362492190194] 6 537.9425497055054s
2022-03-23 22:16:01.820331 (1.0, 100000.0, 16, 10.0, 0.3, 0.281, 2.0, 3) [0.22585437819693124 0.006160025609091618 0.0029685593690125063] 6 1432.3896527290344s
2022-03-23 22:23:12.927236 (1.0, 100000.0, 14, 10.0, 0.3, 0.285, 2.0, 3) [0.24196183711828703 0.0034271454751274213 0.004665434231280172] 6 536.6242446899414s
2022-03-23 22:32:06.750873 (1.0, 100000.0, 14, 10.0, 0.3, 0.285, 2.0, 3) [0.2467039714584284 0.00760555964544956 0.0040849907359681034] 6 533.8214337825775s
2022-03-23 22:36:22.024784 (1.0, 100000.0, 16, 10.0, 0.3, 0.281, 2.0, 3) [0.22426687941457316 0.004636987117466305 0.003115344562885769] 6 1220.2002396583557s
2022-03-23 22:41:00.375851 (1.0, 100000.0, 14, 10.0, 0.3, 0.285, 2.0, 3) [0.2435118513568898 0.0038977139461385322 0.00446213869873434] 6 533.62291431427s
2022-03-23 22:49:59.027701 (1.0, 100000.0, 14, 10.0, 0.3, 0.285, 2.0, 3) [0.24161889888889126 0.0059655129837573725 0.004706627843868652] 6 538.6496379375458s
2022-03-23 22:56:37.265675 (1.0, 100000.0, 16, 10.0, 0.3, 0.281, 2.0, 3) [0.22106859432910386 0.00645689228631875 0.0034553292086445474] 6 1215.2369666099548s
2022-03-23 22:58:19.220280 (1.0, 100000.0, 14, 10.0, 0.3, 0.292, 2.0, 3) [0.23308996089405137 0.003938751301960685 0.005981185700280636] 6 496.69657731056213s
2022-03-23 23:06:18.770357 (1.0, 100000.0, 14, 10.0, 0.3, 0.292, 2.0, 3) [0.2294085230823207 0.004022484021696808 0.0066279049601287495] 6 479.54807567596436s
2022-03-23 23:14:37.591374 (1.0, 100000.0, 14, 10.0, 0.3, 0.292, 2.0, 3) [0.234700314580953 0.005638575793008309 0.005711238433271913] 6 498.818772315979s
2022-03-23 23:16:57.776417 (1.0, 100000.0, 16, 10.0, 0.3, 0.281, 2.0, 3) [0.22108983513815955 0.00432175863907695 0.0034478465138558056] 6 1220.5056319236755s
2022-03-23 23:22:39.876914 (1.0, 100000.0, 14, 10.0, 0.3, 0.292, 2.0, 3) [0.22936722739110454 0.0038912586021816508 0.0066150099917657015] 6 482.2832818031311s
2022-03-23 23:31:01.748301 (1.0, 100000.0, 14, 10.0, 0.3, 0.292, 2.0, 3) [0.23106848621567164 0.004004231543109719 0.00630390509286268] 6 501.86915278434753s
2022-03-23 23:39:08.967466 (1.0, 100000.0, 14, 10.0, 0.3, 0.292, 2.0, 3) [0.2321433899395709 0.005191645942743463 0.006129092474283678] 6 487.21687030792236s
2022-03-23 23:48:13.203367 (1.0, 100000.0, 14, 10.0, 0.3, 0.297, 2.0, 3) [0.2248334623608973 0.004481308418309886 0.007496299417756323] 6 540.5462749004364s
2022-03-23 23:56:51.774981 (1.0, 100000.0, 14, 10.0, 0.3, 0.297, 2.0, 3) [0.22430307272399397 0.005413543642374019 0.007631059313054984] 6 518.5694944858551s
2022-03-24 00:05:30.210961 (1.0, 100000.0, 14, 10.0, 0.3, 0.297, 2.0, 3) [0.22400894836186935 0.0026998289396871263 0.00770455958588205] 6 518.4335372447968s
2022-03-24 00:14:08.245741 (1.0, 100000.0, 14, 10.0, 0.3, 0.297, 2.0, 3) [0.22774214634274148 0.005683171318089182 0.0069436867847030015] 6 518.0323445796967s
2022-03-24 00:22:46.631009 (1.0, 100000.0, 14, 10.0, 0.3, 0.297, 2.0, 3) [0.22257907378925498 0.004666247116159257 0.008013015229074608] 6 518.3829717636108s
2022-03-24 00:31:23.966109 (1.0, 100000.0, 14, 10.0, 0.3, 0.297, 2.0, 3) [0.2233684091428599 0.004997353377422474 0.007818009874387558] 6 517.3328104019165s
2022-03-24 00:40:20.490617 (1.0, 100000.0, 14, 10.0, 0.3, 0.299, 2.0, 3) [0.22024398770294948 0.0034272649026383306 0.008545983832634274] 6 532.8722712993622s
2022-03-24 00:49:14.267080 (1.0, 100000.0, 14, 10.0, 0.3, 0.299, 2.0, 3) [0.22145215735788523 0.004143356227336895 0.008279502465919438] 6 533.7744908332825s
2022-03-24 00:58:22.548753 (1.0, 100000.0, 14, 10.0, 0.3, 0.299, 2.0, 3) [0.2236877224877633 0.003642746285517259 0.007774334663054254] 6 548.2794389724731s
2022-03-24 01:04:44.170870 (1.0, 100000.0, 16, 10.0, 0.3, 0.285, 2.0, 3) [0.21232484858319708 0.004152932989234089 0.004558100977438844] 6 6458.238978862762s
2022-03-24 01:08:04.912781 (1.0, 100000.0, 14, 10.0, 0.3, 0.299, 2.0, 3) [0.21913114743448187 0.004008583472820297 0.008802596536893446] 6 582.3619515895844s
2022-03-24 01:17:27.676698 (1.0, 100000.0, 14, 10.0, 0.3, 0.299, 2.0, 3) [0.21989139145487765 0.002840080024709739 0.008617112037260243] 6 562.7616767883301s
2022-03-24 01:26:04.978703 (1.0, 100000.0, 14, 10.0, 0.3, 0.299, 2.0, 3) [0.22186515746762717 0.0031304632405818903 0.008162208580672509] 6 517.2997398376465s
2022-03-24 01:30:24.350245 (1.0, 100000.0, 16, 10.0, 0.3, 0.285, 2.0, 3) [0.21348455433572708 0.006996893211549419 0.004393772896701328] 6 1540.1759645938873s
2022-03-24 01:34:52.832246 (1.0, 100000.0, 14, 10.0, 0.3, 0.302, 2.0, 3) [0.21619921270761802 0.0027179898962262582 0.00956142328696789] 6 524.180454492569s
2022-03-24 01:43:44.222783 (1.0, 100000.0, 14, 10.0, 0.3, 0.302, 2.0, 3) [0.21676884038463168 0.005246408015223817 0.009442754619188651] 6 531.3884317874908s
2022-03-24 01:52:11.267075 (1.0, 100000.0, 16, 10.0, 0.3, 0.285, 2.0, 3) [0.2128484120791792 0.004643340552386435 0.004486330897881677] 6 1306.9117395877838s
2022-03-24 01:52:48.875919 (1.0, 100000.0, 14, 10.0, 0.3, 0.302, 2.0, 3) [0.21736321840311212 0.0028481390711152608 0.00925448685349791] 6 544.6506290435791s
2022-03-24 02:01:33.873786 (1.0, 100000.0, 14, 10.0, 0.3, 0.302, 2.0, 3) [0.21376167100506327 0.004148391304585039 0.0102170056841484] 6 524.9955875873566s
2022-03-24 02:10:24.953882 (1.0, 100000.0, 14, 10.0, 0.3, 0.302, 2.0, 3) [0.2143601452782264 0.005363602748051682 0.010067665076759982] 6 531.0778744220734s
2022-03-24 02:14:54.307146 (1.0, 100000.0, 16, 10.0, 0.3, 0.285, 2.0, 3) [0.2147472847775202 0.005663131784523316 0.00422558737208405] 6 1363.03502202034s
2022-03-24 02:19:15.736856 (1.0, 100000.0, 14, 10.0, 0.3, 0.302, 2.0, 3) [0.21566287891323135 0.0037170191492173006 0.009698857210428218] 6 530.7806882858276s
2022-03-24 02:28:51.864306 (1.0, 100000.0, 14, 10.0, 0.3, 0.305, 2.0, 3) [0.21211384699483296 0.003421783068818736 0.010728931375752279] 6 572.1125137805939s
2022-03-24 02:37:04.638160 (1.0, 100000.0, 16, 10.0, 0.3, 0.285, 2.0, 3) [0.21462340467915236 0.004009169576386014 0.004237059669615167] 6 1330.326779127121s
2022-03-24 02:37:52.487381 (1.0, 100000.0, 14, 10.0, 0.3, 0.305, 2.0, 3) [0.21119572551624038 0.0032448532847229187 0.010990964716123874] 6 540.6214482784271s
2022-03-24 02:46:40.157415 (1.0, 100000.0, 14, 10.0, 0.3, 0.305, 2.0, 3) [0.21442496957623872 0.005139746201958031 0.010077578918104416] 6 527.6677496433258s
2022-03-24 02:55:24.754501 (1.0, 100000.0, 14, 10.0, 0.3, 0.305, 2.0, 3) [0.21066000338170449 0.0035604904747078966 0.011174103925060365] 6 524.5947992801666s
2022-03-24 02:59:00.714064 (1.0, 100000.0, 16, 10.0, 0.3, 0.285, 2.0, 3) [0.2181692338123995 0.004328146747809351 0.003790640683594034] 6 1316.0360124111176s
2022-03-24 03:04:08.138847 (1.0, 100000.0, 14, 10.0, 0.3, 0.305, 2.0, 3) [0.21355679924162532 0.005773730933627615 0.0103008811139549] 6 523.3820316791534s
2022-03-24 03:12:51.011119 (1.0, 100000.0, 14, 10.0, 0.3, 0.305, 2.0, 3) [0.21263881133784335 0.00553687831025745 0.010566452964947966] 6 522.8699095249176s
2022-03-24 03:22:12.905201 (1.0, 100000.0, 14, 10.0, 0.3, 0.307, 2.0, 3) [0.20916675486903613 0.004084778732853433 0.011628578398453266] 6 558.3196539878845s
2022-03-24 03:30:46.016149 (1.0, 100000.0, 14, 10.0, 0.3, 0.307, 2.0, 3) [0.2105383260286973 0.0042404008856382494 0.011212201797654869] 6 513.1088218688965s
2022-03-24 03:39:20.266348 (1.0, 100000.0, 14, 10.0, 0.3, 0.307, 2.0, 3) [0.20880001943048895 0.005276910878436818 0.011768301679715085] 6 514.2477264404297s
2022-03-24 03:47:44.377699 (1.0, 100000.0, 14, 10.0, 0.3, 0.307, 2.0, 3) [0.20712233992119294 0.005522721291062243 0.012341735763454766] 6 504.1090223789215s
2022-03-24 03:51:55.096400 (1.0, 100000.0, 16, 10.0, 0.3, 0.292, 2.0, 3) [0.20345804815331026 0.003219571834784 0.006046847432798774] 6 3166.8228883743286s
2022-03-24 03:56:07.585537 (1.0, 100000.0, 14, 10.0, 0.3, 0.307, 2.0, 3) [0.21025104062433347 0.0037564554831416544 0.011311743898662168] 6 503.20552611351013s
2022-03-24 04:05:04.825502 (1.0, 100000.0, 14, 10.0, 0.3, 0.307, 2.0, 3) [0.2115201503124571 0.005291438197713578 0.010908381921096343] 6 537.2377259731293s
2022-03-24 04:12:22.102566 (1.0, 100000.0, 16, 10.0, 0.3, 0.292, 2.0, 3) [0.20429148646686257 0.0030399571254403697 0.005890898365886048] 6 1227.0030217170715s
2022-03-24 04:14:44.768506 (1.0, 100000.0, 14, 10.0, 0.3, 0.312, 2.0, 3) [0.20765417250861798 0.004317615647453928 0.012162856613975497] 6 576.1228294372559s
2022-03-24 04:23:45.873357 (1.0, 100000.0, 14, 10.0, 0.3, 0.312, 2.0, 3) [0.2016214347325356 0.003205855706041026 0.014341338444809875] 6 541.1027607917786s
2022-03-24 04:32:43.818511 (1.0, 100000.0, 14, 10.0, 0.3, 0.312, 2.0, 3) [0.20756817567178376 0.005768587781805473 0.012184243396495747] 6 537.9427733421326s
2022-03-24 04:35:00.261290 (1.0, 100000.0, 16, 10.0, 0.3, 0.292, 2.0, 3) [0.20286435945085052 0.002953242295498745 0.006174136222968129] 6 1358.1541600227356s
2022-03-24 04:41:41.794588 (1.0, 100000.0, 14, 10.0, 0.3, 0.312, 2.0, 3) [0.202972767901834 0.004091627572872113 0.013860467276882414] 6 537.9736454486847s
2022-03-24 04:50:39.674005 (1.0, 100000.0, 14, 10.0, 0.3, 0.312, 2.0, 3) [0.20441109425649337 0.005451020337354991 0.013315637880896226] 6 537.8773288726807s
2022-03-24 04:54:47.882653 (1.0, 100000.0, 16, 10.0, 0.3, 0.292, 2.0, 3) [0.20350263523039736 0.004101897633613069 0.006039577638072475] 6 1187.6167397499084s
2022-03-24 04:59:37.517739 (1.0, 100000.0, 14, 10.0, 0.3, 0.312, 2.0, 3) [0.2051530431658205 0.004984878395503093 0.01301068581035721] 6 537.8414056301117s
2022-03-24 05:08:02.763365 (1.0, 100000.0, 14, 10.0, 0.3, 0.319, 2.0, 3) [0.1950076853171688 0.003030945253566912 0.01727432102947593] 6 501.3602249622345s
2022-03-24 05:14:35.217983 (1.0, 100000.0, 16, 10.0, 0.3, 0.292, 2.0, 3) [0.20571410689053846 0.004392994609275681 0.005646490353138735] 6 1187.3314054012299s
2022-03-24 05:15:58.285732 (1.0, 100000.0, 14, 10.0, 0.3, 0.319, 2.0, 3) [0.19339195399513884 0.0041020758797850046 0.01807900582809443] 6 475.52057695388794s
2022-03-24 05:23:59.446833 (1.0, 100000.0, 14, 10.0, 0.3, 0.319, 2.0, 3) [0.195541790972558 0.006022400536818209 0.01706623815216116] 6 481.159029006958s
2022-03-24 05:31:55.969622 (1.0, 100000.0, 14, 10.0, 0.3, 0.319, 2.0, 3) [0.19164887692382357 0.004385606856151474 0.018992514453901835] 6 476.52065443992615s
2022-03-24 05:34:34.482781 (1.0, 100000.0, 16, 10.0, 0.3, 0.292, 2.0, 3) [0.2023470108443858 0.0028365939098072765 0.006257249849732662] 6 1199.2265813350677s
2022-03-24 05:39:53.478758 (1.0, 100000.0, 14, 10.0, 0.3, 0.319, 2.0, 3) [0.19771437835459987 0.0031746414604271436 0.016089415075037927] 6 477.5069351196289s
2022-03-24 05:47:50.906971 (1.0, 100000.0, 14, 10.0, 0.3, 0.319, 2.0, 3) [0.19346021082399933 0.004525519736957286 0.01805356164189351] 6 477.4260857105255s
2022-03-24 05:56:15.876335 (1.0, 100000.0, 14, 10.0, 0.3, 0.322, 2.0, 3) [0.1902716703142209 0.003168822688800116 0.019748896912000918] 6 501.44494104385376s
2022-03-24 06:04:26.355236 (1.0, 100000.0, 14, 10.0, 0.3, 0.322, 2.0, 3) [0.18855898390128112 0.004918604245219648 0.020661515301430948] 6 490.47716069221497s
2022-03-24 06:12:32.973234 (1.0, 100000.0, 14, 10.0, 0.3, 0.322, 2.0, 3) [0.1938567563305037 0.009368199200243775 0.017871662167419453] 6 486.6159100532532s
2022-03-24 06:20:47.800461 (1.0, 100000.0, 14, 10.0, 0.3, 0.322, 2.0, 3) [0.1950354710426575 0.004233976934201299 0.017298127440368342] 6 494.8249306678772s
2022-03-24 06:28:58.414571 (1.0, 100000.0, 14, 10.0, 0.3, 0.322, 2.0, 3) [0.19462600200725733 0.004233106564146929 0.01747472063441018] 6 490.61204838752747s
2022-03-24 06:37:09.095176 (1.0, 100000.0, 14, 10.0, 0.3, 0.322, 2.0, 3) [0.19217992093343506 0.0030463585764440955 0.018717603591493034] 6 490.67852759361267s
2022-03-24 09:18:06.790306 (1.0, 100000.0, 16, 10.0, 0.3, 0.297, 2.0, 3) [0.19808224973520747 0.004252278534941175 0.0071768376913997674] 6 13404.045391082764s
2022-03-24 09:51:10.009812 (1.0, 100000.0, 16, 10.0, 0.3, 0.297, 2.0, 3) [0.20188236627360476 0.002960243930144757 0.006379593964106352] 6 1983.1993563175201s
2022-03-24 10:14:10.667216 (1.0, 100000.0, 16, 10.0, 0.3, 0.297, 2.0, 3) [0.19210226465236768 0.0066091766231820255 0.008684681840431254] 6 1380.6387708187103s
2022-03-24 10:45:17.194581 (1.0, 100000.0, 16, 10.0, 0.3, 0.297, 2.0, 3) [0.20017878810644674 0.003252427177748562 0.0067362264856987595] 6 1866.5227136611938s
2022-03-24 11:18:08.594029 (1.0, 100000.0, 16, 10.0, 0.3, 0.297, 2.0, 3) [0.19690726057205926 0.004349739470265743 0.00745783398720422] 6 1971.3594181537628s
2022-03-24 11:50:39.503838 (1.0, 100000.0, 16, 10.0, 0.3, 0.297, 2.0, 3) [0.1943080142051572 0.00559294796964903 0.00809472068402759] 6 1950.902904033661s
2022-03-24 12:18:02.285689 (1.0, 100000.0, 16, 10.0, 0.3, 0.299, 2.0, 3) [0.1903546776467185 0.003988343372847018 0.009179366304220993] 6 1628.4590418338776s
2022-03-24 12:44:15.062802 (1.0, 100000.0, 16, 10.0, 0.3, 0.299, 2.0, 3) [0.19557103448806948 0.001978241681834395 0.007790247860962738] 6 1572.7739567756653s
2022-03-24 13:10:03.502391 (1.0, 100000.0, 16, 10.0, 0.3, 0.299, 2.0, 3) [0.1933827446815693 0.0031689912120003998 0.008364978931358444] 6 1548.4288458824158s
2022-03-24 13:36:03.231104 (1.0, 100000.0, 16, 10.0, 0.3, 0.299, 2.0, 3) [0.19404524919722144 0.0065887843773543625 0.008170682399974474] 6 1559.7228350639343s
2022-03-24 14:00:37.671523 (1.0, 100000.0, 16, 10.0, 0.3, 0.299, 2.0, 3) [0.1977803346506505 0.0048885370223445655 0.0072656963694030935] 6 1474.4268643856049s
2022-03-24 14:22:07.716676 (1.0, 100000.0, 16, 10.0, 0.3, 0.299, 2.0, 3) [0.20089449675619056 0.002807968027058859 0.0065929854300361395] 6 1290.0376868247986s
2022-03-24 14:45:49.139580 (1.0, 100000.0, 16, 10.0, 0.3, 0.302, 2.0, 3) [0.19292105909292415 0.0035818569217148945 0.008493920830634516] 6 1410.602554321289s
2022-03-24 15:09:03.120302 (1.0, 100000.0, 16, 10.0, 0.3, 0.302, 2.0, 3) [0.1906253881776909 0.005002586585084576 0.00912249020360202] 6 1393.9728636741638s
2022-03-24 15:32:08.590307 (1.0, 100000.0, 16, 10.0, 0.3, 0.302, 2.0, 3) [0.19360501228416985 0.004254122838777862 0.00829345029308922] 6 1385.4676461219788s
2022-03-24 15:55:09.582286 (1.0, 100000.0, 16, 10.0, 0.3, 0.302, 2.0, 3) [0.19075249643913952 0.003569231068492898 0.00909557454799262] 6 1380.981330871582s
2022-03-24 16:18:14.526121 (1.0, 100000.0, 16, 10.0, 0.3, 0.302, 2.0, 3) [0.18970325973783958 0.004911772361956557 0.009391725659545751] 6 1384.9395642280579s
2022-03-24 16:41:24.793687 (1.0, 100000.0, 16, 10.0, 0.3, 0.302, 2.0, 3) [0.1887256875363192 0.003944230372230081 0.00968066656546893] 6 1390.2620477676392s
2022-03-24 17:04:34.905799 (1.0, 100000.0, 16, 10.0, 0.3, 0.305, 2.0, 3) [0.18492089359600522 0.005856675510080271 0.01093428905782714] 6 1355.3974609375s
2022-03-24 17:26:44.258643 (1.0, 100000.0, 16, 10.0, 0.3, 0.305, 2.0, 3) [0.18246171547490772 0.003333717189879971 0.01182726298049902] 6 1329.3456692695618s
2022-03-24 17:48:43.794387 (1.0, 100000.0, 16, 10.0, 0.3, 0.305, 2.0, 3) [0.1889533804031788 0.003289002397196492 0.009625675945301388] 6 1319.5324172973633s
2022-03-24 18:10:43.549686 (1.0, 100000.0, 16, 10.0, 0.3, 0.305, 2.0, 3) [0.1828555280125528 0.004455850598732822 0.011679668423310715] 6 1319.727071762085s
2022-03-24 18:43:58.584278 (1.0, 100000.0, 16, 10.0, 0.3, 0.305, 2.0, 3) [0.1868861374282782 0.0023387567187441944 0.0102603109623116] 6 1995.0234637260437s
2022-03-24 19:18:34.231398 (1.0, 100000.0, 16, 10.0, 0.3, 0.305, 2.0, 3) [0.1887887860201166 0.004114069047706529 0.009671573743342196] 6 2075.605647087097s
2022-03-24 19:48:24.837345 (1.0, 100000.0, 16, 10.0, 0.3, 0.307, 2.0, 3) [0.18492833458301516 0.006154765239473139 0.010951085034866694] 6 1735.2827625274658s
2022-03-24 20:17:44.555549 (1.0, 100000.0, 16, 10.0, 0.3, 0.307, 2.0, 3) [0.18418391282974575 0.0044174524035722725 0.011210122222763826] 6 1759.6913721561432s
2022-03-24 20:46:46.629434 (1.0, 100000.0, 16, 10.0, 0.3, 0.307, 2.0, 3) [0.18390078675644037 0.003266311110303254 0.011298051325814594] 6 1742.0550141334534s
2022-03-24 21:16:11.687582 (1.0, 100000.0, 16, 10.0, 0.3, 0.307, 2.0, 3) [0.18408558845033202 0.0035021795824420558 0.011241160669734638] 6 1765.045616388321s
2022-03-24 21:44:25.227684 (1.0, 100000.0, 16, 10.0, 0.3, 0.307, 2.0, 3) [0.18414958033829298 0.002277475651161567 0.011224254840061716] 6 1693.4829256534576s
2022-03-24 22:12:26.307586 (1.0, 100000.0, 16, 10.0, 0.3, 0.307, 2.0, 3) [0.182239077359665 0.005353319354773801 0.01189964747475927] 6 1681.0641219615936s
2022-03-24 22:39:23.082665 (1.0, 100000.0, 16, 10.0, 0.3, 0.312, 2.0, 3) [0.17549272329074603 0.005182128030173291 0.01477550778957402] 6 1582.0892069339752s
2022-03-24 23:06:38.331134 (1.0, 100000.0, 16, 10.0, 0.3, 0.312, 2.0, 3) [0.17787373967299064 0.005496284163488282 0.013701465885383561] 6 1635.2372965812683s
2022-03-24 23:33:49.700230 (1.0, 100000.0, 16, 10.0, 0.3, 0.312, 2.0, 3) [0.180471408404011 0.004455659686122456 0.012626751701508237] 6 1631.3654434680939s
2022-03-25 00:00:43.910920 (1.0, 100000.0, 16, 10.0, 0.3, 0.312, 2.0, 3) [0.1789092391962501 0.005220172685272718 0.013255261707768522] 6 1614.2004463672638s
2022-03-25 00:27:14.283455 (1.0, 100000.0, 16, 10.0, 0.3, 0.312, 2.0, 3) [0.18067583792005693 0.006610706549607368 0.012571711850584682] 6 1590.3686363697052s
2022-03-25 00:53:42.114833 (1.0, 100000.0, 16, 10.0, 0.3, 0.312, 2.0, 3) [0.17097230498340638 0.0030495481387577527 0.017032545893319893] 6 1587.8280010223389s
2022-03-25 01:27:57.396379 (1.0, 100000.0, 16, 10.0, 0.3, 0.319, 2.0, 3) [0.16676934072129243 0.004667745424872962 0.019499289517519513] 6 2010.0506641864777s
2022-03-25 02:00:03.006675 (1.0, 100000.0, 16, 10.0, 0.3, 0.319, 2.0, 3) [0.16884869873901956 0.003664393921179788 0.018261871035220673] 6 1925.5884835720062s
2022-03-25 02:31:08.560562 (1.0, 100000.0, 16, 10.0, 0.3, 0.319, 2.0, 3) [0.169571553596916 0.0048721498236173255 0.017886647443155115] 6 1865.547967672348s
2022-03-25 02:57:39.350146 (1.0, 100000.0, 16, 10.0, 0.3, 0.319, 2.0, 3) [0.16627478996074913 0.003624795599635084 0.019773093888912064] 6 1590.781593799591s
2022-03-25 03:27:43.647457 (1.0, 100000.0, 16, 10.0, 0.3, 0.319, 2.0, 3) [0.16495244680589904 0.002746337664912082 0.020606446034307748] 6 1804.2881252765656s
2022-03-25 03:59:59.120623 (1.0, 100000.0, 16, 10.0, 0.3, 0.319, 2.0, 3) [0.17256165508498306 0.005059729075234225 0.01623843970038465] 6 1935.467810869217s
2022-03-25 04:33:02.490316 (1.0, 100000.0, 16, 10.0, 0.3, 0.322, 2.0, 3) [0.16504873124328734 0.0028518729514765435 0.02057665404581712] 6 1949.3700008392334s
2022-03-25 05:04:34.625377 (1.0, 100000.0, 16, 10.0, 0.3, 0.322, 2.0, 3) [0.16699824747578781 0.006650233013842202 0.019389327682641493] 6 1892.1300094127655s
2022-03-25 05:35:58.907343 (1.0, 100000.0, 16, 10.0, 0.3, 0.322, 2.0, 3) [0.16132381644263674 0.003736023765857744 0.023148424508287493] 6 1884.2606825828552s
2022-03-25 06:06:44.869453 (1.0, 100000.0, 16, 10.0, 0.3, 0.322, 2.0, 3) [0.16333671849894754 0.0038053924452091034 0.021744324246914158] 6 1845.9498255252838s
2022-03-25 06:36:12.067016 (1.0, 100000.0, 16, 10.0, 0.3, 0.322, 2.0, 3) [0.16009787414869114 0.002498499856829213 0.02407824533862291] 6 1767.184669494629s
2022-03-25 07:07:46.361510 (1.0, 100000.0, 16, 10.0, 0.3, 0.322, 2.0, 3) [0.16145445104266407 0.00472207288991637 0.023103468302802525] 6 1894.2710101604462s
