2022-03-29 23:48:29.315633 (1.0, 100000.0, 17, 10.0, 0.3, 0.281, 2.0, 3) [0.20907274993108108 0.0034625478684495725 0.003326539567311614] 1 3008.286649465561s
2022-03-29 23:56:35.825315 (1.0, 100000.0, 18, 10.0, 0.3, 0.281, 2.0, 3) [0.1975537794885804 0.0039977124290307125 0.003314295692363705] 1 3496.096342086792s
2022-03-30 00:37:08.609965 (1.0, 100000.0, 17, 10.0, 0.3, 0.285, 2.0, 3) [0.2042475573287324 0.0034618070354312798 0.003924449949249983] 1 2911.1502602100372s
2022-03-30 00:54:25.796215 (1.0, 100000.0, 18, 10.0, 0.3, 0.285, 2.0, 3) [0.19036685763726766 0.004366606016321846 0.004293417859772203] 1 3465.923931837082s
2022-03-30 01:19:44.950278 (1.0, 100000.0, 17, 10.0, 0.3, 0.292, 2.0, 3) [0.19725152225755158 0.003416405749753793 0.004994084366753214] 1 2548.2443392276764s
2022-03-30 01:41:56.040282 (1.0, 100000.0, 18, 10.0, 0.3, 0.292, 2.0, 3) [0.18223613058779284 0.0025760992811836854 0.005758271421173811] 1 2845.55771279335s
2022-03-30 02:02:09.256660 (1.0, 100000.0, 17, 10.0, 0.3, 0.297, 2.0, 3) [0.1908473728348034 0.0052367288355208205 0.006216023877505271] 1 2539.4346256256104s
2022-03-30 02:31:52.575940 (1.0, 100000.0, 18, 10.0, 0.3, 0.297, 2.0, 3) [0.1732309606633036 0.0029464546598224383 0.007940587509025845] 1 2992.5848495960236s
2022-03-30 02:45:10.205326 (1.0, 100000.0, 17, 10.0, 0.3, 0.299, 2.0, 3) [0.18200852036197554 0.00407797167846918 0.00832830265298113] 1 2576.0283002853394s
2022-03-30 03:23:22.831863 (1.0, 100000.0, 17, 10.0, 0.3, 0.302, 2.0, 3) [0.1775669772821809 0.0045090955119250755 0.009703249704022197] 1 2287.865782260895s
2022-03-30 03:36:50.015273 (1.0, 100000.0, 18, 10.0, 0.3, 0.299, 2.0, 3) [0.17178099832663352 0.0034662829868670766 0.008371816599938724] 1 3893.373969078064s
2022-03-30 04:13:10.060224 (1.0, 100000.0, 17, 10.0, 0.3, 0.305, 2.0, 3) [0.17184024037331036 0.002923275485783366 0.011735100743986475] 1 2982.745533466339s
2022-03-30 04:38:04.046040 (1.0, 100000.0, 18, 10.0, 0.3, 0.302, 2.0, 3) [0.17018596415887072 0.0047276524260663625 0.008865228179168202] 1 3669.9824092388153s
2022-03-30 04:58:35.513192 (1.0, 100000.0, 17, 10.0, 0.3, 0.307, 2.0, 3) [0.17511109619720241 0.0029487474842146656 0.010559065600553894] 1 2720.7414116859436s
2022-03-30 05:38:58.751612 (1.0, 100000.0, 17, 10.0, 0.3, 0.312, 2.0, 3) [0.16722043511190432 0.0025865246283412894 0.013790704147930051] 1 2418.423801422119s
2022-03-30 05:41:38.168479 (1.0, 100000.0, 18, 10.0, 0.3, 0.305, 2.0, 3) [0.16375918122789634 0.00482510149241395 0.011168235462669998] 1 3810.090360403061s
2022-03-30 06:33:17.278090 (1.0, 100000.0, 17, 10.0, 0.3, 0.319, 2.0, 3) [0.15833769124795985 0.003644250614200773 0.018597681977023172] 1 3253.5550384521484s
2022-03-30 07:01:40.245306 (1.0, 100000.0, 18, 10.0, 0.3, 0.307, 2.0, 3) [0.1644979972561003 0.005164026472456604 0.010896372605367995] 1 4797.877059459686s
2022-03-30 07:50:22.441679 (1.0, 100000.0, 18, 10.0, 0.3, 0.312, 2.0, 3) [0.15765646938026837 0.005168949811877724 0.013931764621617429] 1 2918.2711458206177s
2022-03-30 08:11:27.091704 (1.0, 100000.0, 17, 10.0, 0.3, 0.322, 2.0, 3) [0.15475450831699447 0.004776122292552958 0.02100077869312495] 1 5885.111945390701s
2022-03-30 09:03:39.305844 (1.0, 100000.0, 18, 10.0, 0.3, 0.319, 2.0, 3) [0.14681378237233647 0.0034374816927669233 0.020500428542709396] 1 4392.653428316116s
2022-03-30 09:57:55.687256 (1.0, 100000.0, 18, 10.0, 0.3, 0.322, 2.0, 3) [0.1475056882134182 0.006803900320473978 0.020029326511475605] 1 3251.3615934848785s
2022-03-30 11:26:54.274941 (1.0, 100000.0, 17, 10.0, 0.3, 0.281, 2.0, 3) [0.2099541875806081 0.004418085166745982 0.0032340273770448207] 1 2503.1628477573395s
2022-03-30 11:33:40.988960 (1.0, 100000.0, 18, 10.0, 0.3, 0.281, 2.0, 3) [0.20020791089423784 0.005249796475816173 0.0030134219759801995] 1 2909.8804790973663s
2022-03-30 12:16:54.957634 (1.0, 100000.0, 17, 10.0, 0.3, 0.285, 2.0, 3) [0.1988622815870572 0.005933822865722999 0.004704134540731709] 1 2996.069625377655s
2022-03-30 12:23:01.879148 (1.0, 100000.0, 18, 10.0, 0.3, 0.285, 2.0, 3) [0.19464532993829745 0.002610525434379357 0.003682125547923362] 1 2956.4428946971893s
2022-03-30 13:00:04.241932 (1.0, 100000.0, 17, 10.0, 0.3, 0.292, 2.0, 3) [0.1950391829812 0.0030908586696702886 0.005360370569654271] 1 2584.781192302704s
2022-03-30 13:27:21.249829 (1.0, 100000.0, 18, 10.0, 0.3, 0.292, 2.0, 3) [0.18576312753884366 0.003758484717339666 0.005079715083382151] 1 3855.3137650489807s
2022-03-30 13:49:48.546032 (1.0, 100000.0, 17, 10.0, 0.3, 0.297, 2.0, 3) [0.1857055265329267 0.0045797263779559765 0.007356688557923737] 1 2979.731828212738s
2022-03-30 14:25:50.899302 (1.0, 100000.0, 18, 10.0, 0.3, 0.297, 2.0, 3) [0.17783843848474015 0.0020499412315507074 0.0067552450863315235] 1 3505.1764435768127s
2022-03-30 14:43:55.240393 (1.0, 100000.0, 17, 10.0, 0.3, 0.299, 2.0, 3) [0.18068919529540953 0.0037589190517860883 0.00872525209527286] 1 3241.3708617687225s
2022-03-30 15:29:46.244729 (1.0, 100000.0, 18, 10.0, 0.3, 0.299, 2.0, 3) [0.1749046698824829 0.005416837030801847 0.007500452625886064] 1 3831.089373588562s
2022-03-30 16:00:49.329140 (1.0, 100000.0, 17, 10.0, 0.3, 0.302, 2.0, 3) [0.1783540806530705 0.002379304056523738 0.009439107653793074] 1 4609.581159114838s
2022-03-30 16:42:11.798825 (1.0, 100000.0, 18, 10.0, 0.3, 0.302, 2.0, 3) [0.16721169309966108 0.002010047956388991 0.009858235302335427] 1 4339.851828336716s
2022-03-30 17:04:29.063631 (1.0, 100000.0, 17, 10.0, 0.3, 0.305, 2.0, 3) [0.17350961888981353 0.0050252666048742275 0.01110784789251956] 1 3813.323797225952s
2022-03-30 18:05:43.647486 (1.0, 100000.0, 18, 10.0, 0.3, 0.305, 2.0, 3) [0.16218263843851083 0.003811365875469029 0.011786597320527075] 1 5007.441033124924s
2022-03-30 18:34:12.747519 (1.0, 100000.0, 17, 10.0, 0.3, 0.307, 2.0, 3) [0.17175199479831527 0.003389557035709096 0.01181181091707849] 1 5378.051323890686s
2022-03-30 18:58:51.541171 (1.0, 100000.0, 18, 10.0, 0.3, 0.307, 2.0, 3) [0.1605089330653732 0.0050811369316139735 0.012550328201528297] 1 3171.407642841339s
2022-03-30 19:16:37.475516 (1.0, 100000.0, 17, 10.0, 0.3, 0.312, 2.0, 3) [0.16357959080270357 0.00511611371709121 0.015568986009884421] 1 2520.524379014969s
2022-03-30 19:58:12.883069 (1.0, 100000.0, 17, 10.0, 0.3, 0.319, 2.0, 3) [0.1581811217896452 0.0034864234484011047 0.018711177217516726] 1 2489.7236263751984s
2022-03-30 20:08:21.291905 (1.0, 100000.0, 18, 10.0, 0.3, 0.312, 2.0, 3) [0.1557477008974972 0.0029364244190149495 0.014860369938873746] 1 4164.838380813599s
2022-03-30 21:03:26.648007 (1.0, 100000.0, 18, 10.0, 0.3, 0.319, 2.0, 3) [0.15121901796399895 0.004809472052646735 0.017533909353390022] 1 3300.587569475174s
