2022-03-17 12:31:46.117001 (1.0, 100000.0, 13, 10.0, 0.3, 0.271, 2.0, 3) [0.2814971599053217 0.0034087030583086902 0.0027078761991240667] 5 1098.6016161441803s
2022-03-17 12:37:16.833267 (1.0, 100000.0, 15, 10.0, 0.3, 0.271, 2.0, 3) [0.24805472683726493 0.006455694976646156 0.002392425787110619] 5 1428.0363371372223s
2022-03-17 12:47:39.344335 (1.0, 100000.0, 13, 10.0, 0.3, 0.271, 2.0, 3) [0.2817032268616386 0.0031691655473867707 0.002696757800411613] 5 953.1779465675354s
2022-03-17 13:00:16.471509 (1.0, 100000.0, 15, 10.0, 0.3, 0.271, 2.0, 3) [0.24403607129703137 0.005177824913476913 0.002693333229350511] 5 1379.6298525333405s
2022-03-17 13:01:25.033709 (1.0, 100000.0, 13, 10.0, 0.3, 0.271, 2.0, 3) [0.27852111083567654 0.005236332741608644 0.0029286252349989914] 5 825.6748175621033s
2022-03-17 13:16:31.688999 (1.0, 100000.0, 13, 10.0, 0.3, 0.271, 2.0, 3) [0.2763459519724891 0.0031588641081923274 0.0030948007695965063] 5 906.653386592865s
2022-03-17 13:23:24.112227 (1.0, 100000.0, 15, 10.0, 0.3, 0.271, 2.0, 3) [0.24943920292357238 0.005611658898325641 0.002298459842511606] 5 1387.6292562484741s
2022-03-17 13:31:01.196953 (1.0, 100000.0, 13, 10.0, 0.3, 0.271, 2.0, 3) [0.27961623869860386 0.0058658332072033005 0.0028447043212273824] 5 869.4975552558899s
2022-03-17 13:46:34.394608 (1.0, 100000.0, 15, 10.0, 0.3, 0.271, 2.0, 3) [0.24837981706950618 0.0028456245179142694 0.002373308314077322] 5 1390.2801506519318s
2022-03-17 13:49:07.840428 (1.0, 100000.0, 13, 10.0, 0.3, 0.284, 2.0, 3) [0.26042290411066266 0.0036502443385580943 0.00467785161259196] 5 1082.4403343200684s
2022-03-17 14:07:12.175797 (1.0, 100000.0, 13, 10.0, 0.3, 0.284, 2.0, 3) [0.26170067522480805 0.0052756944437827025 0.004529645359490319] 5 1084.3332538604736s
2022-03-17 14:09:06.205168 (1.0, 100000.0, 15, 10.0, 0.3, 0.271, 2.0, 3) [0.24995684598587267 0.0049622616801618495 0.002260434456084798] 5 1351.8083410263062s
2022-03-17 14:22:39.595770 (1.0, 100000.0, 13, 10.0, 0.3, 0.284, 2.0, 3) [0.2635215464410316 0.004386871273277242 0.004324725736323775] 5 927.4180300235748s
2022-03-17 14:32:51.022717 (1.0, 100000.0, 15, 10.0, 0.3, 0.284, 2.0, 3) [0.22949876985518863 0.0023900761646734295 0.00417888964175176] 5 1419.7555329799652s
2022-03-17 14:39:39.232785 (1.0, 100000.0, 13, 10.0, 0.3, 0.284, 2.0, 3) [0.2653705267612318 0.0051802721214895394 0.004137184149370095] 5 1019.6350355148315s
2022-03-17 14:55:06.981326 (1.0, 100000.0, 13, 10.0, 0.3, 0.284, 2.0, 3) [0.26200409568911726 0.004766230372652305 0.004499196527506864] 5 927.7463729381561s
2022-03-17 14:58:41.572874 (1.0, 100000.0, 15, 10.0, 0.3, 0.284, 2.0, 3) [0.23313609287639014 0.0033888852746960926 0.003746320828525066] 5 1550.5478973388672s
2022-03-17 15:12:57.437143 (1.0, 100000.0, 13, 10.0, 0.3, 0.291, 2.0, 3) [0.24895403888716397 0.004387013739663098 0.006287781062392163] 5 1066.242063999176s
2022-03-17 15:28:08.579370 (1.0, 100000.0, 15, 10.0, 0.3, 0.284, 2.0, 3) [0.23028640761158714 0.003600265488746162 0.004076773741571474] 5 1767.004281282425s
2022-03-17 15:31:00.975201 (1.0, 100000.0, 13, 10.0, 0.3, 0.291, 2.0, 3) [0.24925762332032092 0.007095717538833435 0.006258662783288187] 5 1083.536114692688s
2022-03-17 15:45:45.251675 (1.0, 100000.0, 13, 10.0, 0.3, 0.291, 2.0, 3) [0.24600184914804862 0.0038537893665480894 0.006791756159094615] 5 884.2744791507721s
2022-03-17 15:51:28.957841 (1.0, 100000.0, 15, 10.0, 0.3, 0.284, 2.0, 3) [0.2289035509171156 0.005011401181909425 0.004248920275222068] 5 1400.3760406970978s
2022-03-17 16:00:28.147997 (1.0, 100000.0, 13, 10.0, 0.3, 0.291, 2.0, 3) [0.25053581442710643 0.0030782571622716003 0.0060554941722933565] 5 882.8366341590881s
2022-03-17 16:14:13.658185 (1.0, 100000.0, 13, 10.0, 0.3, 0.291, 2.0, 3) [0.24632178191314524 0.005761986012985418 0.0067517707634312096] 5 825.5081448554993s
2022-03-17 16:15:34.135989 (1.0, 100000.0, 15, 10.0, 0.3, 0.284, 2.0, 3) [0.22933552598542947 0.002886584777263582 0.004189785359780124] 5 1445.151436328888s
2022-03-17 16:31:22.593166 (1.0, 100000.0, 13, 10.0, 0.3, 0.296, 2.0, 3) [0.24176686728668864 0.004089546489619391 0.007594354360976771] 5 1024.5078768730164s
2022-03-17 16:41:53.509460 (1.0, 100000.0, 15, 10.0, 0.3, 0.291, 2.0, 3) [0.22204038562154874 0.005177422484467305 0.0052196425555010705] 5 1574.9091608524323s
2022-03-17 16:50:50.688588 (1.0, 100000.0, 13, 10.0, 0.3, 0.296, 2.0, 3) [0.23538584531156442 0.00890375486504743 0.00895041005156377] 5 1168.0933148860931s
2022-03-17 17:04:35.286956 (1.0, 100000.0, 15, 10.0, 0.3, 0.291, 2.0, 3) [0.2166031471831312 0.0033045051371869364 0.0061339522739816375] 5 1361.7747991085052s
2022-03-17 17:08:18.273364 (1.0, 100000.0, 13, 10.0, 0.3, 0.296, 2.0, 3) [0.24449377209649542 0.003482936206466722 0.007085745481405345] 5 1047.582819223404s
2022-03-17 17:25:31.989815 (1.0, 100000.0, 13, 10.0, 0.3, 0.296, 2.0, 3) [0.2418987741635598 0.00472876581862964 0.007579220703088348] 5 1033.7143766880035s
2022-03-17 17:26:49.509660 (1.0, 100000.0, 15, 10.0, 0.3, 0.291, 2.0, 3) [0.21569379095259913 0.006162124365624524 0.006304519823226484] 5 1334.2201356887817s
2022-03-17 17:41:56.355945 (1.0, 100000.0, 13, 10.0, 0.3, 0.296, 2.0, 3) [0.24569434149138827 0.003689305183583676 0.006868819441817676] 5 984.3388743400574s
2022-03-17 17:48:48.427702 (1.0, 100000.0, 15, 10.0, 0.3, 0.291, 2.0, 3) [0.21872195328231991 0.0032269930169879584 0.005756407993185382] 5 1318.9153127670288s
2022-03-17 18:02:52.309557 (1.0, 100000.0, 13, 10.0, 0.3, 0.298, 2.0, 3) [0.24004970064950584 0.0036272016292218183 0.007956184332447944] 5 1252.0255720615387s
2022-03-17 18:10:50.206647 (1.0, 100000.0, 15, 10.0, 0.3, 0.291, 2.0, 3) [0.21670566174725542 0.004168280489695337 0.006117870712464038] 5 1321.7764987945557s
2022-03-17 18:18:18.109491 (1.0, 100000.0, 13, 10.0, 0.3, 0.298, 2.0, 3) [0.2390940937382548 0.005751903875548204 0.00814830190705832] 5 925.7980160713196s
2022-03-17 18:33:44.412494 (1.0, 100000.0, 13, 10.0, 0.3, 0.298, 2.0, 3) [0.2441895767269469 0.004730970365952209 0.007168304489149926] 5 926.2767097949982s
2022-03-17 18:34:06.934151 (1.0, 100000.0, 15, 10.0, 0.3, 0.296, 2.0, 3) [0.20616465033846942 0.004256939189686078 0.008372461050334562] 5 1391.7482011318207s
2022-03-17 18:48:01.171171 (1.0, 100000.0, 13, 10.0, 0.3, 0.298, 2.0, 3) [0.23978720967061926 0.004223846784688691 0.008007169448292085] 5 856.7567701339722s
2022-03-17 18:57:15.308761 (1.0, 100000.0, 15, 10.0, 0.3, 0.296, 2.0, 3) [0.21176973192948836 0.003147461046598558 0.007097544689247397] 5 1388.372313261032s
2022-03-17 19:01:42.970911 (1.0, 100000.0, 13, 10.0, 0.3, 0.298, 2.0, 3) [0.23952244083404503 0.004416999184773697 0.008048575707587513] 5 821.7868220806122s
2022-03-17 19:19:56.875343 (1.0, 100000.0, 15, 10.0, 0.3, 0.296, 2.0, 3) [0.2098391397463929 0.004168438241745659 0.007510072681286643] 5 1361.5637056827545s
2022-03-17 19:22:46.544147 (1.0, 100000.0, 13, 10.0, 0.3, 0.301, 2.0, 3) [0.23871553600494275 0.003869431342368459 0.008244175242203347] 5 1258.0318448543549s
2022-03-17 19:36:54.198385 (1.0, 100000.0, 13, 10.0, 0.3, 0.301, 2.0, 3) [0.23537899209968363 0.004982156497349189 0.008977431456926683] 5 847.6522073745728s
2022-03-17 19:47:54.539271 (1.0, 100000.0, 15, 10.0, 0.3, 0.296, 2.0, 3) [0.20978047202821118 0.005348610898993034 0.007530721834798741] 5 1677.6536338329315s
2022-03-17 19:51:45.246736 (1.0, 100000.0, 13, 10.0, 0.3, 0.301, 2.0, 3) [0.23251404061226164 0.003107990151746963 0.00965237366620975] 5 891.0461626052856s
2022-03-17 20:04:56.088270 (1.0, 100000.0, 13, 10.0, 0.3, 0.301, 2.0, 3) [0.235470413493997 0.005796944457872299 0.00895877195861676] 5 790.8332469463348s
2022-03-17 20:13:35.560562 (1.0, 100000.0, 15, 10.0, 0.3, 0.296, 2.0, 3) [0.2175832492870667 0.00409983246137322 0.005974890183661449] 5 1541.018562078476s
2022-03-17 20:18:07.519330 (1.0, 100000.0, 13, 10.0, 0.3, 0.301, 2.0, 3) [0.23598810250203678 0.004300138821142137 0.008845024527751223] 5 791.4102282524109s
2022-03-17 20:33:59.030852 (1.0, 100000.0, 13, 10.0, 0.3, 0.304, 2.0, 3) [0.23218009266703338 0.00348850152844615 0.009767607085681937] 5 947.4003398418427s
2022-03-17 20:39:22.329073 (1.0, 100000.0, 15, 10.0, 0.3, 0.298, 2.0, 3) [0.20760787612593767 0.0033925595731282314 0.008031429902690372] 5 1538.700557231903s
2022-03-17 21:04:06.513469 (1.0, 100000.0, 15, 10.0, 0.3, 0.298, 2.0, 3) [0.20561027603456497 0.004934757620679977 0.008532767505019061] 5 1484.1819190979004s
2022-03-17 21:10:55.335321 (1.0, 100000.0, 13, 10.0, 0.3, 0.304, 2.0, 3) [0.23326507046322276 0.005691424277866701 0.009491014732844525] 5 2216.2883579730988s
2022-03-17 21:37:13.857524 (1.0, 100000.0, 15, 10.0, 0.3, 0.298, 2.0, 3) [0.20835529405579742 0.004923784773243841 0.007864319151454573] 5 1987.3388469219208s
2022-03-17 21:47:14.086594 (1.0, 100000.0, 13, 10.0, 0.3, 0.304, 2.0, 3) [0.23171843997081693 0.0037935895017322803 0.009878023891140269] 5 2178.7490170001984s
2022-03-17 22:25:51.942855 (1.0, 100000.0, 15, 10.0, 0.3, 0.298, 2.0, 3) [0.20835998869978384 0.003358694551170941 0.007844823543763353] 5 2918.052946329117s
2022-03-17 22:28:21.306301 (1.0, 100000.0, 13, 10.0, 0.3, 0.304, 2.0, 3) [0.2323119699810357 0.004512447798592649 0.009720290460044054] 5 2467.2175068855286s
2022-03-17 23:04:36.438550 (1.0, 100000.0, 13, 10.0, 0.3, 0.304, 2.0, 3) [0.2333953692461954 0.0038818239267098447 0.009455018365344063] 5 2175.119818210602s
2022-03-17 23:23:20.636650 (1.0, 100000.0, 15, 10.0, 0.3, 0.298, 2.0, 3) [0.20729522141552456 0.006676261443519101 0.008101513891688438] 5 3448.5467002391815s
2022-03-17 23:45:40.112402 (1.0, 100000.0, 15, 10.0, 0.3, 0.301, 2.0, 3) [0.20531277197862127 0.004978282487787304 0.008613335523472801] 5 1334.2609400749207s
2022-03-17 23:53:02.474001 (1.0, 100000.0, 13, 10.0, 0.3, 0.306, 2.0, 3) [0.23013899691077122 0.005074316526696389 0.01028493091420936] 5 2901.770255804062s
2022-03-18 00:07:35.827270 (1.0, 100000.0, 15, 10.0, 0.3, 0.301, 2.0, 3) [0.2031054364016595 0.004022358426928046 0.009176422174477773] 5 1315.6870369911194s
2022-03-18 00:29:17.011260 (1.0, 100000.0, 15, 10.0, 0.3, 0.301, 2.0, 3) [0.20716441926920529 0.004025566674467825 0.008146605036017465] 5 1301.1744356155396s
2022-03-18 00:29:25.863098 (1.0, 100000.0, 13, 10.0, 0.3, 0.306, 2.0, 3) [0.22802770360519517 0.005401166050205805 0.01084447258798136] 5 2183.3862676620483s
2022-03-18 00:56:14.787047 (1.0, 100000.0, 15, 10.0, 0.3, 0.301, 2.0, 3) [0.20409327266753757 0.0031796111243329434 0.008918917710244488] 5 1617.7544348239899s
2022-03-18 01:11:01.729667 (1.0, 100000.0, 13, 10.0, 0.3, 0.306, 2.0, 3) [0.22786530450272813 0.005867993108108521 0.010900490891219925] 5 2495.864435195923s
2022-03-18 01:17:29.729037 (1.0, 100000.0, 15, 10.0, 0.3, 0.301, 2.0, 3) [0.20324343977289955 0.005398958386006509 0.009144232529846913] 5 1274.923096895218s
2022-03-18 01:42:50.690391 (1.0, 100000.0, 15, 10.0, 0.3, 0.304, 2.0, 3) [0.2003665529213285 0.0025351046881038762 0.009963557076913524] 5 1515.7593741416931s
2022-03-18 01:44:33.215584 (1.0, 100000.0, 13, 10.0, 0.3, 0.306, 2.0, 3) [0.22651953032469987 0.005184609355326616 0.011272918479895111] 5 2011.4837217330933s
2022-03-18 02:06:50.664575 (1.0, 100000.0, 15, 10.0, 0.3, 0.304, 2.0, 3) [0.2044828734714653 0.005656256405113615 0.008830746329455975] 5 1439.9720661640167s
2022-03-18 02:11:41.009572 (1.0, 100000.0, 13, 10.0, 0.3, 0.306, 2.0, 3) [0.22644013277764258 0.0036629198977153475 0.011324220426561782] 5 1627.7918155193329s
2022-03-18 02:29:15.850290 (1.0, 100000.0, 15, 10.0, 0.3, 0.304, 2.0, 3) [0.20094042154721636 0.0032589892852343733 0.009803496247053855] 5 1345.183377981186s
2022-03-18 02:33:41.645637 (1.0, 100000.0, 13, 10.0, 0.3, 0.311, 2.0, 3) [0.21852323958643965 0.004104034861386368 0.01384973520382364] 5 1316.3698596954346s
2022-03-18 02:47:17.165471 (1.0, 100000.0, 13, 10.0, 0.3, 0.311, 2.0, 3) [0.21892881234457123 0.004982857636719842 0.013696538260734683] 5 815.5179393291473s
2022-03-18 02:51:44.683688 (1.0, 100000.0, 15, 10.0, 0.3, 0.304, 2.0, 3) [0.19867608488102184 0.003870782808269802 0.010497411677293558] 5 1348.8060767650604s
2022-03-18 03:02:07.321138 (1.0, 100000.0, 13, 10.0, 0.3, 0.311, 2.0, 3) [0.219918491789487 0.004666501862116834 0.013397496957612083] 5 890.1266555786133s
2022-03-18 03:15:20.335151 (1.0, 100000.0, 15, 10.0, 0.3, 0.304, 2.0, 3) [0.1978557047097935 0.006272793108999315 0.010743250072923236] 5 1415.6486296653748s
2022-03-18 03:26:19.359236 (1.0, 100000.0, 13, 10.0, 0.3, 0.311, 2.0, 3) [0.22234237552406075 0.003185965728921869 0.012574893106123877] 5 1452.0269513130188s
2022-03-18 03:41:48.551937 (1.0, 100000.0, 13, 10.0, 0.3, 0.311, 2.0, 3) [0.22027697801555388 0.004834958316050326 0.013266801651635114] 5 929.0364327430725s
2022-03-18 03:51:00.586850 (1.0, 100000.0, 15, 10.0, 0.3, 0.306, 2.0, 3) [0.19449000386682205 0.00511646555978192 0.01187974571980427] 5 2135.1929819583893s
2022-03-18 04:21:32.851121 (1.0, 100000.0, 13, 10.0, 0.3, 0.318, 2.0, 3) [0.21086351574391546 0.00474443396148334 0.01690985015798552] 5 2378.6370198726654s
2022-03-18 04:46:40.654104 (1.0, 100000.0, 13, 10.0, 0.3, 0.318, 2.0, 3) [0.2166229599729927 0.002097870688803137 0.014610236981914165] 5 1507.7914571762085s
2022-03-18 05:25:41.246273 (1.0, 100000.0, 13, 10.0, 0.3, 0.318, 2.0, 3) [0.21451247671125284 0.005022666020307605 0.015423495611374712] 5 2340.5837907791138s
2022-03-18 05:45:55.871386 (1.0, 100000.0, 15, 10.0, 0.3, 0.306, 2.0, 3) [0.19599257448000168 0.003267055542613455 0.011343630424022692] 5 6895.252262830734s
2022-03-18 05:56:28.455654 (1.0, 100000.0, 13, 10.0, 0.3, 0.318, 2.0, 3) [0.21114168481078377 0.004481248234241694 0.016823955474570825] 5 1847.199797153473s
2022-03-18 06:23:29.034098 (1.0, 100000.0, 13, 10.0, 0.3, 0.318, 2.0, 3) [0.2128048509307575 0.002271960234636511 0.016158798221681373] 5 1620.5762782096863s
2022-03-18 06:59:25.732953 (1.0, 100000.0, 13, 10.0, 0.3, 0.331, 2.0, 3) [0.19795969576322844 0.0022797131687312486 0.02367700636903477] 5 2151.4902391433716s
2022-03-18 07:23:21.039245 (1.0, 100000.0, 13, 10.0, 0.3, 0.331, 2.0, 3) [0.19435633007602812 0.005270238993794373 0.025871426867020587] 5 1435.2916412353516s
2022-03-18 07:52:26.498859 (1.0, 100000.0, 13, 10.0, 0.3, 0.331, 2.0, 3) [0.19183121574884088 0.007017269778004236 0.02761685371501279] 5 1745.4574670791626s
2022-03-18 08:08:27.519316 (1.0, 100000.0, 13, 10.0, 0.3, 0.331, 2.0, 3) [0.1991796887063396 0.0044812658357848804 0.022932447197346304] 5 961.0184330940247s
2022-03-18 08:18:04.799059 (1.0, 100000.0, 15, 10.0, 0.3, 0.306, 2.0, 3) [0.19853355430880065 0.007680813985967928 0.01055856287627449] 5 9128.922942638397s
2022-03-18 08:36:20.175826 (1.0, 100000.0, 13, 10.0, 0.3, 0.331, 2.0, 3) [0.1961437224462088 0.003281537791188399 0.024791629548246458] 5 1672.6541516780853s
2022-03-18 09:22:27.449411 (1.0, 100000.0, 15, 10.0, 0.3, 0.306, 2.0, 3) [0.19821702443763126 0.0032677498929566617 0.01063494412527313] 5 3862.647773742676s
2022-03-18 09:44:51.946681 (1.0, 100000.0, 15, 10.0, 0.3, 0.306, 2.0, 3) [0.19570784719941847 0.00579360762073922 0.01145939258124884] 5 1344.4844360351562s
2022-03-18 10:06:33.852016 (1.0, 100000.0, 15, 10.0, 0.3, 0.311, 2.0, 3) [0.19591368877791587 0.004903459305931467 0.011445029501603707] 5 1296.8315842151642s
2022-03-18 10:27:59.873317 (1.0, 100000.0, 15, 10.0, 0.3, 0.311, 2.0, 3) [0.19035228790300115 0.003922937809673047 0.013421033964142] 5 1286.0099167823792s
2022-03-18 10:49:19.899135 (1.0, 100000.0, 15, 10.0, 0.3, 0.311, 2.0, 3) [0.18956831726790163 0.005308734298894573 0.01379051306328387] 5 1280.004894733429s
2022-03-18 11:10:45.357311 (1.0, 100000.0, 15, 10.0, 0.3, 0.311, 2.0, 3) [0.19073260720107496 0.004578968873676056 0.013317527121156402] 5 1285.4468173980713s
2022-03-18 11:31:57.733018 (1.0, 100000.0, 15, 10.0, 0.3, 0.311, 2.0, 3) [0.19061058897322924 0.0026430829608240524 0.013329990693394985] 5 1272.3662106990814s
2022-03-18 11:53:45.135578 (1.0, 100000.0, 15, 10.0, 0.3, 0.318, 2.0, 3) [0.18604003936514577 0.005537763956465991 0.015297905527727973] 5 1301.8971464633942s
2022-03-18 12:16:05.731619 (1.0, 100000.0, 15, 10.0, 0.3, 0.318, 2.0, 3) [0.17969138842298452 0.004389793921537689 0.01848992104978422] 5 1340.5853743553162s
2022-03-18 12:38:45.421547 (1.0, 100000.0, 15, 10.0, 0.3, 0.318, 2.0, 3) [0.18014372053282685 0.0035715770938596937 0.01821950920448785] 5 1359.6796071529388s
2022-03-18 13:01:14.098257 (1.0, 100000.0, 15, 10.0, 0.3, 0.318, 2.0, 3) [0.1849860328325288 0.003205902275213437 0.015840211943454818] 5 1348.6640434265137s
2022-03-18 13:23:22.591692 (1.0, 100000.0, 15, 10.0, 0.3, 0.318, 2.0, 3) [0.18381929129914745 0.0037202153355290796 0.016379409936970863] 5 1328.4753398895264s
2022-03-18 13:45:23.721949 (1.0, 100000.0, 15, 10.0, 0.3, 0.331, 2.0, 3) [0.17031487253398592 0.003801362042231794 0.024507145651037274] 5 1315.9291362762451s
2022-03-18 14:07:31.394539 (1.0, 100000.0, 15, 10.0, 0.3, 0.331, 2.0, 3) [0.166019933075257 0.004806629511543008 0.02778716765922911] 5 1327.6703112125397s
2022-03-18 14:29:38.065343 (1.0, 100000.0, 15, 10.0, 0.3, 0.331, 2.0, 3) [0.16403884019615977 0.003175591641425483 0.029480882245837444] 5 1326.6672143936157s
2022-03-18 14:51:41.884068 (1.0, 100000.0, 15, 10.0, 0.3, 0.331, 2.0, 3) [0.16810139528818885 0.0025286616329022217 0.026162503165486944] 5 1323.816416978836s
2022-03-18 15:13:45.722411 (1.0, 100000.0, 15, 10.0, 0.3, 0.331, 2.0, 3) [0.16636198144670572 0.003845090646704721 0.027487136412252634] 5 1323.8361082077026s
2022-03-19 03:52:50.418676 (1.0, 100000.0, 13, 10.0, 0.3, 0.271, 2.0, 3) [0.28236897037025577 0.006433804821581169 0.002650473351473876] 5 583.7742493152618s
2022-03-19 03:59:22.262895 (1.0, 100000.0, 15, 10.0, 0.3, 0.271, 2.0, 3) [0.2510548441322815 0.004503919869346615 0.0021836647238684527] 5 975.6218266487122s
2022-03-19 04:02:19.568323 (1.0, 100000.0, 13, 10.0, 0.3, 0.271, 2.0, 3) [0.281124770656311 0.004156016622743758 0.002734423922618099] 5 569.1463708877563s
2022-03-19 04:11:49.036758 (1.0, 100000.0, 13, 10.0, 0.3, 0.271, 2.0, 3) [0.2797739088946397 0.0039047839441473473 0.0028347784040880656] 5 569.4653418064117s
2022-03-19 04:15:10.333208 (1.0, 100000.0, 15, 10.0, 0.3, 0.271, 2.0, 3) [0.2523949015356357 0.003580873088335642 0.002099223944725767] 5 948.0684995651245s
2022-03-19 04:21:18.514143 (1.0, 100000.0, 13, 10.0, 0.3, 0.271, 2.0, 3) [0.2811128855053923 0.0030349827548033868 0.002734272702451278] 5 569.4717547893524s
2022-03-19 04:30:47.576273 (1.0, 100000.0, 13, 10.0, 0.3, 0.271, 2.0, 3) [0.2759346108619727 0.003607737656710622 0.003125106313395205] 5 569.0595269203186s
2022-03-19 04:30:57.684632 (1.0, 100000.0, 15, 10.0, 0.3, 0.271, 2.0, 3) [0.24783557461920835 0.006216100810982111 0.0024127273948825775] 5 947.3479402065277s
2022-03-19 04:40:47.732860 (1.0, 100000.0, 13, 10.0, 0.3, 0.284, 2.0, 3) [0.25845134176622003 0.005160290903505321 0.004926776634059556] 5 596.0282101631165s
2022-03-19 04:46:44.827431 (1.0, 100000.0, 15, 10.0, 0.3, 0.271, 2.0, 3) [0.24935503534974918 0.004392452957500175 0.0022983987022720384] 5 947.140132188797s
2022-03-19 04:50:34.666080 (1.0, 100000.0, 13, 10.0, 0.3, 0.284, 2.0, 3) [0.25928117227870773 0.005160018764804603 0.004822900698151017] 5 586.9311218261719s
2022-03-19 05:00:21.638547 (1.0, 100000.0, 13, 10.0, 0.3, 0.284, 2.0, 3) [0.2626494999262396 0.0030067721822207203 0.004420814139700947] 5 586.9695286750793s
2022-03-19 05:02:31.112128 (1.0, 100000.0, 15, 10.0, 0.3, 0.271, 2.0, 3) [0.2470671128940085 0.0036317173980159384 0.0024622166728769596] 5 946.2824308872223s
2022-03-19 05:10:03.568648 (1.0, 100000.0, 13, 10.0, 0.3, 0.284, 2.0, 3) [0.25923100701580915 0.0028983555636378756 0.004828639116315263] 5 581.9275918006897s
2022-03-19 05:18:41.596281 (1.0, 100000.0, 15, 10.0, 0.3, 0.284, 2.0, 3) [0.22753150501612981 0.005368370543540014 0.004429310452847011] 5 966.9601230621338s
2022-03-19 05:19:44.774048 (1.0, 100000.0, 13, 10.0, 0.3, 0.284, 2.0, 3) [0.25827180706528763 0.007848048699275374 0.0049572641447581875] 5 581.2027478218079s
2022-03-19 05:29:36.058202 (1.0, 100000.0, 13, 10.0, 0.3, 0.291, 2.0, 3) [0.24894209375688123 0.0052377182247841485 0.00631274713328925] 5 587.3279232978821s
2022-03-19 05:34:09.499618 (1.0, 100000.0, 15, 10.0, 0.3, 0.284, 2.0, 3) [0.22637778779890236 0.004013210373061139 0.0045829869638350056] 5 927.9013934135437s
2022-03-19 05:38:46.378978 (1.0, 100000.0, 13, 10.0, 0.3, 0.291, 2.0, 3) [0.2489430810905531 0.004867385386147253 0.006308015203523686] 5 550.3182809352875s
2022-03-19 05:47:54.848045 (1.0, 100000.0, 13, 10.0, 0.3, 0.291, 2.0, 3) [0.2465038929325784 0.0075417748556066404 0.006727698264082306] 5 548.4665050506592s
2022-03-19 05:49:33.455763 (1.0, 100000.0, 15, 10.0, 0.3, 0.284, 2.0, 3) [0.2304043560282341 0.005588233333949086 0.004071896968877118] 5 923.9537696838379s
2022-03-19 05:57:05.026040 (1.0, 100000.0, 13, 10.0, 0.3, 0.291, 2.0, 3) [0.2504806937643802 0.002852615782229597 0.006076824256464113] 5 550.1756482124329s
2022-03-19 06:04:58.546246 (1.0, 100000.0, 15, 10.0, 0.3, 0.284, 2.0, 3) [0.22562114189119867 0.003469649364885463 0.004675335716005388] 5 925.087121963501s
2022-03-19 06:06:14.826713 (1.0, 100000.0, 13, 10.0, 0.3, 0.291, 2.0, 3) [0.2519077336978403 0.006031800308647702 0.005855380713386466] 5 549.7982788085938s
2022-03-19 06:15:31.308951 (1.0, 100000.0, 13, 10.0, 0.3, 0.296, 2.0, 3) [0.24301243559354307 0.006002330719171924 0.007386512005659415] 5 552.4543633460999s
2022-03-19 06:20:22.932574 (1.0, 100000.0, 15, 10.0, 0.3, 0.284, 2.0, 3) [0.2297360544305182 0.004377323421069434 0.004145199604883111] 5 924.3834640979767s
2022-03-19 06:24:52.929874 (1.0, 100000.0, 13, 10.0, 0.3, 0.296, 2.0, 3) [0.24270823371770953 0.003968349301135393 0.00742791981716221] 5 561.6187844276428s
2022-03-19 06:34:17.566736 (1.0, 100000.0, 13, 10.0, 0.3, 0.296, 2.0, 3) [0.2442652901315485 0.004858779967501832 0.007132959220353915] 5 564.6338994503021s
2022-03-19 06:36:23.259183 (1.0, 100000.0, 15, 10.0, 0.3, 0.291, 2.0, 3) [0.2173460939007694 0.004625255923282655 0.005992434673855591] 5 956.4469337463379s
2022-03-19 06:43:42.591911 (1.0, 100000.0, 13, 10.0, 0.3, 0.296, 2.0, 3) [0.23692465589308132 0.0053034178131103615 0.008601487293435529] 5 565.022828578949s
2022-03-19 06:52:12.118282 (1.0, 100000.0, 15, 10.0, 0.3, 0.291, 2.0, 3) [0.2180868019000391 0.004316925043604304 0.005870566076775727] 5 948.8571548461914s
2022-03-19 06:53:08.746113 (1.0, 100000.0, 13, 10.0, 0.3, 0.296, 2.0, 3) [0.2435134875486274 0.0029631727600448756 0.007270326870127839] 5 566.1505498886108s
2022-03-19 07:03:10.274091 (1.0, 100000.0, 13, 10.0, 0.3, 0.298, 2.0, 3) [0.2382733839911671 0.004608322301070215 0.008340429031804262] 5 597.664402961731s
2022-03-19 07:08:11.739349 (1.0, 100000.0, 15, 10.0, 0.3, 0.291, 2.0, 3) [0.2176127134105368 0.0034332469912684736 0.00596015216010738] 5 959.6165001392365s
2022-03-19 07:13:02.088850 (1.0, 100000.0, 13, 10.0, 0.3, 0.298, 2.0, 3) [0.24272345657087516 0.0038800977672500273 0.0074178890259981554] 5 591.8115975856781s
2022-03-19 07:22:56.827723 (1.0, 100000.0, 13, 10.0, 0.3, 0.298, 2.0, 3) [0.23714399902156733 0.005591133000878465 0.008567399864823721] 5 594.7344527244568s
2022-03-19 07:24:13.835405 (1.0, 100000.0, 15, 10.0, 0.3, 0.291, 2.0, 3) [0.21700507840696814 0.0031453747879649926 0.006059370473886883] 5 962.0929503440857s
2022-03-19 07:32:53.366458 (1.0, 100000.0, 13, 10.0, 0.3, 0.298, 2.0, 3) [0.23748535199044868 0.0038564898350817536 0.008489810589185846] 5 596.5364277362823s
2022-03-19 07:40:17.441323 (1.0, 100000.0, 15, 10.0, 0.3, 0.291, 2.0, 3) [0.2208862060013636 0.004455247762140694 0.005405987243613189] 5 963.6033978462219s
2022-03-19 07:42:49.506379 (1.0, 100000.0, 13, 10.0, 0.3, 0.298, 2.0, 3) [0.24339460639473226 0.005644801525693395 0.007319428886340475] 5 596.1375420093536s
2022-03-19 07:52:45.022708 (1.0, 100000.0, 13, 10.0, 0.3, 0.301, 2.0, 3) [0.2332947863624794 0.004293118808660517 0.009446425392478053] 5 591.3773810863495s
2022-03-19 07:57:24.084165 (1.0, 100000.0, 15, 10.0, 0.3, 0.296, 2.0, 3) [0.2098549699111538 0.003554348183792954 0.007522151909842453] 5 1022.5976364612579s
2022-03-19 08:02:27.084921 (1.0, 100000.0, 13, 10.0, 0.3, 0.301, 2.0, 3) [0.2340320621422651 0.005099422601969377 0.00928808385012889] 5 582.0602536201477s
2022-03-19 08:12:03.793317 (1.0, 100000.0, 13, 10.0, 0.3, 0.301, 2.0, 3) [0.23698709513577934 0.004748197569403401 0.008610039158765312] 5 576.7061641216278s
2022-03-19 08:13:52.133739 (1.0, 100000.0, 15, 10.0, 0.3, 0.296, 2.0, 3) [0.2102168957214472 0.0044532974569398325 0.007433336083996134] 5 988.0474982261658s
2022-03-19 08:21:40.720759 (1.0, 100000.0, 13, 10.0, 0.3, 0.301, 2.0, 3) [0.23535517607853904 0.0033572347810043963 0.008954351016518486] 5 576.9250602722168s
2022-03-19 08:30:19.153867 (1.0, 100000.0, 15, 10.0, 0.3, 0.296, 2.0, 3) [0.21121677176959183 0.0024274025619871412 0.007218530134687864] 5 987.0177140235901s
2022-03-19 08:31:17.470718 (1.0, 100000.0, 13, 10.0, 0.3, 0.301, 2.0, 3) [0.23451004433438394 0.00434986628011501 0.009171381694655407] 5 576.7477009296417s
2022-03-19 08:40:56.337306 (1.0, 100000.0, 13, 10.0, 0.3, 0.304, 2.0, 3) [0.2299287519293568 0.0047644385520902 0.010321127524798107] 5 574.9223790168762s
2022-03-19 08:46:43.349926 (1.0, 100000.0, 15, 10.0, 0.3, 0.296, 2.0, 3) [0.21505542837734629 0.0033495630274831515 0.006439905418763634] 5 984.1935677528381s
2022-03-19 08:50:18.226931 (1.0, 100000.0, 13, 10.0, 0.3, 0.304, 2.0, 3) [0.23631678083979996 0.005070269760226631 0.008786361327242814] 5 561.8874816894531s
2022-03-19 08:59:40.125422 (1.0, 100000.0, 13, 10.0, 0.3, 0.304, 2.0, 3) [0.2303098525893057 0.006030352487563855 0.010222037890636311] 5 561.8956456184387s
2022-03-19 09:03:07.150770 (1.0, 100000.0, 15, 10.0, 0.3, 0.296, 2.0, 3) [0.20747378021863427 0.004529562594112932 0.008048820577952484] 5 983.7980494499207s
2022-03-19 09:09:01.563038 (1.0, 100000.0, 13, 10.0, 0.3, 0.304, 2.0, 3) [0.23570924442824126 0.003357314527941734 0.008902061893323225] 5 561.4347455501556s
2022-03-19 09:18:25.843219 (1.0, 100000.0, 13, 10.0, 0.3, 0.304, 2.0, 3) [0.2310997790883451 0.00740513984707254 0.010040283492516662] 5 564.2768974304199s
2022-03-19 09:19:36.692971 (1.0, 100000.0, 15, 10.0, 0.3, 0.298, 2.0, 3) [0.2098252854724841 0.006223418618161335 0.00750960867362217] 5 986.1515281200409s
2022-03-19 09:28:06.016886 (1.0, 100000.0, 13, 10.0, 0.3, 0.306, 2.0, 3) [0.2311868832920958 0.0032539875437927325 0.010020104611644891] 5 576.258740901947s
2022-03-19 09:35:16.572780 (1.0, 100000.0, 15, 10.0, 0.3, 0.298, 2.0, 3) [0.2086980953491317 0.004561822557016565 0.007773146522205776] 5 939.8778409957886s
2022-03-19 09:36:39.370639 (1.0, 100000.0, 13, 10.0, 0.3, 0.306, 2.0, 3) [0.22436465190995 0.005213360797281838 0.01189408305557181] 5 513.3515174388885s
2022-03-19 09:45:11.786018 (1.0, 100000.0, 13, 10.0, 0.3, 0.306, 2.0, 3) [0.2275196389918814 0.00471195470433141 0.011009366821418225] 5 512.4129252433777s
2022-03-19 09:50:14.727483 (1.0, 100000.0, 15, 10.0, 0.3, 0.298, 2.0, 3) [0.20933169728021284 0.005276689626381582 0.007643425039274] 5 898.1518189907074s
2022-03-19 09:53:44.065707 (1.0, 100000.0, 13, 10.0, 0.3, 0.306, 2.0, 3) [0.22757993796962128 0.005320992298568631 0.011003619233938658] 5 512.2773079872131s
2022-03-19 10:02:17.171394 (1.0, 100000.0, 13, 10.0, 0.3, 0.306, 2.0, 3) [0.226805853774967 0.006464628893251205 0.011188973386051147] 5 513.103123664856s
2022-03-19 10:05:14.462054 (1.0, 100000.0, 15, 10.0, 0.3, 0.298, 2.0, 3) [0.21144787325918632 0.003400761105596744 0.0071740677335951335] 5 899.7321093082428s
2022-03-19 10:11:11.371522 (1.0, 100000.0, 13, 10.0, 0.3, 0.311, 2.0, 3) [0.21742453488603405 0.00496774566194973 0.014250002478457764] 5 530.6902458667755s
2022-03-19 10:20:19.866151 (1.0, 100000.0, 13, 10.0, 0.3, 0.311, 2.0, 3) [0.21811395836410502 0.005363075520015077 0.01399229817048992] 5 548.492374420166s
2022-03-19 10:20:42.757852 (1.0, 100000.0, 15, 10.0, 0.3, 0.298, 2.0, 3) [0.20950211733608845 0.002005917541916903 0.007608052478431501] 5 928.2928507328033s
2022-03-19 10:29:03.378673 (1.0, 100000.0, 13, 10.0, 0.3, 0.311, 2.0, 3) [0.21813419915293597 0.0027677453808774397 0.014009268187264499] 5 523.5100953578949s
2022-03-19 10:35:39.118943 (1.0, 100000.0, 15, 10.0, 0.3, 0.301, 2.0, 3) [0.20647455195847916 0.003641787869146559 0.008312739084301643] 5 892.4584889411926s
2022-03-19 10:37:45.882966 (1.0, 100000.0, 13, 10.0, 0.3, 0.311, 2.0, 3) [0.22272464559742847 0.004241961582191838 0.012419335314480964] 5 522.5017867088318s
2022-03-19 10:46:27.747956 (1.0, 100000.0, 13, 10.0, 0.3, 0.311, 2.0, 3) [0.2224845122542733 0.0029339197332788444 0.012526386705877307] 5 521.8626387119293s
2022-03-19 10:50:20.619329 (1.0, 100000.0, 15, 10.0, 0.3, 0.301, 2.0, 3) [0.20522949973899704 0.004443284356645703 0.008625664966676461] 5 881.4983005523682s
2022-03-19 10:55:18.624755 (1.0, 100000.0, 13, 10.0, 0.3, 0.318, 2.0, 3) [0.2077574455426892 0.005141593188849131 0.018306753474821854] 5 526.9714760780334s
2022-03-19 11:04:07.399114 (1.0, 100000.0, 13, 10.0, 0.3, 0.318, 2.0, 3) [0.21057645852445325 0.008511118174317142 0.01704771039778281] 5 528.7719779014587s
2022-03-19 11:05:04.962750 (1.0, 100000.0, 15, 10.0, 0.3, 0.301, 2.0, 3) [0.2038377770523022 0.0051705964613350365 0.008987995341990927] 5 884.3402354717255s
2022-03-19 11:12:42.409227 (1.0, 100000.0, 13, 10.0, 0.3, 0.318, 2.0, 3) [0.21003991893625334 0.0034058782037034137 0.017289910307905755] 5 515.007294178009s
2022-03-19 11:19:37.158210 (1.0, 100000.0, 15, 10.0, 0.3, 0.301, 2.0, 3) [0.20179134232996798 0.007589310721013551 0.00953951294570299] 5 872.1906454563141s
2022-03-19 11:21:20.519089 (1.0, 100000.0, 13, 10.0, 0.3, 0.318, 2.0, 3) [0.21343622122042544 0.0038705905842649564 0.015842394731176546] 5 518.1072707176208s
2022-03-19 11:30:08.878326 (1.0, 100000.0, 13, 10.0, 0.3, 0.318, 2.0, 3) [0.2113275081968377 0.004589288034879544 0.016714727728006647] 5 528.3564429283142s
2022-03-19 11:34:22.078238 (1.0, 100000.0, 15, 10.0, 0.3, 0.301, 2.0, 3) [0.20308435832497423 0.0037334131123497516 0.009185072932876643] 5 884.9174509048462s
2022-03-19 11:38:55.758021 (1.0, 100000.0, 13, 10.0, 0.3, 0.331, 2.0, 3) [0.1958053542877019 0.00496827901123676 0.024927719744127875] 5 523.100617647171s
2022-03-19 11:47:49.759179 (1.0, 100000.0, 13, 10.0, 0.3, 0.331, 2.0, 3) [0.1948804458690205 0.0036665888995448407 0.025508508892097683] 5 533.9987683296204s
2022-03-19 11:49:16.849316 (1.0, 100000.0, 15, 10.0, 0.3, 0.304, 2.0, 3) [0.2008723248633049 0.004658817493019068 0.00982802868259557] 5 891.1826350688934s
2022-03-19 11:56:35.431716 (1.0, 100000.0, 13, 10.0, 0.3, 0.331, 2.0, 3) [0.19435816549407095 0.004129138307131648 0.02589796169285864] 5 525.6699168682098s
2022-03-19 12:04:09.425248 (1.0, 100000.0, 15, 10.0, 0.3, 0.304, 2.0, 3) [0.1971693446953713 0.004313390070796656 0.010956883297820451] 5 892.5736563205719s
2022-03-19 12:05:23.932785 (1.0, 100000.0, 13, 10.0, 0.3, 0.331, 2.0, 3) [0.19574217375110198 0.004457221169619697 0.02499858373393633] 5 528.4984631538391s
2022-03-19 12:14:23.144454 (1.0, 100000.0, 13, 10.0, 0.3, 0.331, 2.0, 3) [0.19858266362706178 0.0024775076931694232 0.02324637892531175] 5 539.2087934017181s
2022-03-19 12:19:26.996201 (1.0, 100000.0, 15, 10.0, 0.3, 0.304, 2.0, 3) [0.20180049667330296 0.005267597213701056 0.00957089022858235] 5 917.5671126842499s
2022-03-19 12:35:08.502799 (1.0, 100000.0, 15, 10.0, 0.3, 0.304, 2.0, 3) [0.20070291010061486 0.0030154662520862647 0.009875467264418021] 5 941.5032424926758s
2022-03-19 12:50:41.714920 (1.0, 100000.0, 15, 10.0, 0.3, 0.304, 2.0, 3) [0.1955269986650415 0.004251818550276013 0.011483529334924665] 5 933.2095077037811s
2022-03-19 13:06:47.620811 (1.0, 100000.0, 15, 10.0, 0.3, 0.306, 2.0, 3) [0.1995742218736441 0.002610484391299473 0.010222735315790927] 5 962.0679104328156s
2022-03-19 13:22:17.344054 (1.0, 100000.0, 15, 10.0, 0.3, 0.306, 2.0, 3) [0.1941761322797331 0.003941496880677331 0.011978950243849868] 5 929.7209877967834s
2022-03-19 13:37:46.399754 (1.0, 100000.0, 15, 10.0, 0.3, 0.306, 2.0, 3) [0.19867536072173128 0.0036402105820760853 0.01050882826140358] 5 929.0528638362885s
2022-03-19 13:53:16.864207 (1.0, 100000.0, 15, 10.0, 0.3, 0.306, 2.0, 3) [0.19936478759580634 0.002976459219696826 0.010289454246368271] 5 930.4354872703552s
2022-03-19 14:08:47.347216 (1.0, 100000.0, 15, 10.0, 0.3, 0.306, 2.0, 3) [0.19784787815075786 0.003827580379054998 0.010758376133767946] 5 930.4792077541351s
2022-03-19 14:24:28.824117 (1.0, 100000.0, 15, 10.0, 0.3, 0.311, 2.0, 3) [0.19695057283162434 0.005179178349342773 0.011085039666898359] 5 937.1731278896332s
2022-03-19 14:40:14.599681 (1.0, 100000.0, 15, 10.0, 0.3, 0.311, 2.0, 3) [0.19234920640702854 0.002617164771017158 0.012698516183230736] 5 945.761180639267s
2022-03-19 14:55:57.663256 (1.0, 100000.0, 15, 10.0, 0.3, 0.311, 2.0, 3) [0.19332397081767883 0.0037177810842972336 0.012322648451667048] 5 943.0608150959015s
2022-03-19 15:11:40.500769 (1.0, 100000.0, 15, 10.0, 0.3, 0.311, 2.0, 3) [0.19246802011463604 0.002879614465069792 0.01263949257415219] 5 942.8345956802368s
2022-03-19 15:27:24.284007 (1.0, 100000.0, 15, 10.0, 0.3, 0.311, 2.0, 3) [0.1941047593971771 0.0039145754762544074 0.012056008003187464] 5 943.7755699157715s
2022-03-19 15:43:11.981306 (1.0, 100000.0, 15, 10.0, 0.3, 0.318, 2.0, 3) [0.17568194766965808 0.004741653289996284 0.020784863672868987] 5 943.5191659927368s
2022-03-19 15:58:47.936176 (1.0, 100000.0, 15, 10.0, 0.3, 0.318, 2.0, 3) [0.18581171088630968 0.005208695189899656 0.015441186619932904] 5 935.9523696899414s
2022-03-19 16:14:24.729236 (1.0, 100000.0, 15, 10.0, 0.3, 0.318, 2.0, 3) [0.18190156673246602 0.003103223353067774 0.017302167664430282] 5 936.7798380851746s
2022-03-19 16:29:59.140078 (1.0, 100000.0, 15, 10.0, 0.3, 0.318, 2.0, 3) [0.17952406774530824 0.004828905914983255 0.01856833768507116] 5 934.408034324646s
2022-03-19 16:45:34.635840 (1.0, 100000.0, 15, 10.0, 0.3, 0.318, 2.0, 3) [0.18066734135490173 0.004651426432055474 0.017990665181290662] 5 935.493152141571s
2022-03-19 17:00:57.995781 (1.0, 100000.0, 15, 10.0, 0.3, 0.331, 2.0, 3) [0.16873659779150807 0.0037896992220780336 0.025671627516550936] 5 919.1616225242615s
2022-03-19 17:16:13.611699 (1.0, 100000.0, 15, 10.0, 0.3, 0.331, 2.0, 3) [0.16361950221886992 0.003354103745315279 0.02983020313933539] 5 915.6135430335999s
2022-03-19 17:31:27.880270 (1.0, 100000.0, 15, 10.0, 0.3, 0.331, 2.0, 3) [0.16543442126811844 0.004259954032073567 0.028240299754250832] 5 914.2659411430359s
2022-03-19 17:46:42.199394 (1.0, 100000.0, 15, 10.0, 0.3, 0.331, 2.0, 3) [0.16549656431376247 0.003580361406860552 0.02821049816095575] 5 914.3167469501495s
2022-03-19 18:01:56.790325 (1.0, 100000.0, 15, 10.0, 0.3, 0.331, 2.0, 3) [0.1629842247399494 0.006593232601111229 0.030417024377583937] 5 914.5882709026337s
