2022-07-10 22:14:48.178190 (1.0, 100000.0, 20, 10.0, 0.3, 0.2937, 2.0, 3) [0.16047925838073712 0.0059270974630842846 0.0066168141363025] 10 2635.890408039093s
2022-07-10 22:32:04.403031 (1.0, 100000.0, 21, 10.0, 0.3, 0.2937, 2.0, 3) [0.15462430101141827 0.0025102283104117386 0.006136408920436288] 10 3672.1194491386414s
2022-07-10 22:44:04.718303 (1.0, 100000.0, 22, 10.0, 0.3, 0.295, 2.0, 3) [0.14632671562267088 0.003994618076245927 0.0064855266952228] 10 4392.423084020615s
2022-07-10 22:58:43.669941 (1.0, 100000.0, 20, 10.0, 0.3, 0.2937, 2.0, 3) [0.1620615018144312 0.004456338949419796 0.006202610210295169] 10 2635.488763809204s
2022-07-10 23:30:47.742388 (1.0, 100000.0, 21, 10.0, 0.3, 0.2937, 2.0, 3) [0.15847682330274485 0.0033789493878355727 0.005226749799154314] 10 3523.335239171982s
2022-07-10 23:43:22.199515 (1.0, 100000.0, 20, 10.0, 0.3, 0.2937, 2.0, 3) [0.16190224297739378 0.004533202115534894 0.006258169079051999] 10 2678.527393579483s
2022-07-10 23:56:10.476983 (1.0, 100000.0, 22, 10.0, 0.3, 0.295, 2.0, 3) [0.14564540509426516 0.0028557265081049455 0.00666587738255367] 10 4325.756814241409s
2022-07-11 00:27:26.914912 (1.0, 100000.0, 20, 10.0, 0.3, 0.2937, 2.0, 3) [0.16467723075351692 0.0038267434036479025 0.005594446664769684] 10 2644.71338057518s
2022-07-11 00:29:37.211807 (1.0, 100000.0, 21, 10.0, 0.3, 0.2937, 2.0, 3) [0.1557956875457324 0.003930249609086432 0.005847922079379714] 10 3529.4673318862915s
2022-07-11 01:08:15.893435 (1.0, 100000.0, 22, 10.0, 0.3, 0.295, 2.0, 3) [0.14745461450277023 0.002873312724631512 0.006169920231538744] 10 4325.406260728836s
2022-07-11 01:11:38.791324 (1.0, 100000.0, 20, 10.0, 0.3, 0.2937, 2.0, 3) [0.16307708398623993 0.0031048550723364937 0.005949660156539839] 10 2651.8645470142365s
2022-07-11 01:21:33.472536 (1.0, 100000.0, 24, 10.0, 0.3, 0.295, 2.0, 3) [0.13360530777013963 0.003903498929634219 0.00664987738752461] 10 13865.142603874207s
2022-07-11 01:28:42.925473 (1.0, 100000.0, 21, 10.0, 0.3, 0.2937, 2.0, 3) [0.15521379705411445 0.0036941948704666203 0.005999703980049627] 10 3545.6874494552612s
2022-07-11 01:56:04.355115 (1.0, 100000.0, 20, 10.0, 0.3, 0.2937, 2.0, 3) [0.16217228274018083 0.0034820127763627875 0.006177717078824594] 10 2665.561596393585s
2022-07-11 02:20:27.607972 (1.0, 100000.0, 22, 10.0, 0.3, 0.295, 2.0, 3) [0.14752175919028945 0.0026578153906557786 0.0061571498494333975] 10 4331.693510770798s
2022-07-11 02:27:46.047717 (1.0, 100000.0, 21, 10.0, 0.3, 0.2937, 2.0, 3) [0.1552299911731875 0.002855607487823696 0.005978782485564628] 10 3543.119948387146s
2022-07-11 02:40:39.284502 (1.0, 100000.0, 20, 10.0, 0.3, 0.2937, 2.0, 3) [0.16166796754235407 0.0034939373539963356 0.006295039154973365] 10 2674.892151117325s
2022-07-11 03:23:32.164180 (1.0, 100000.0, 20, 10.0, 0.3, 0.2937, 2.0, 3) [0.16362905430724992 0.0033245594554146335 0.005827664659383119] 10 2572.8717999458313s
2022-07-11 03:25:13.901913 (1.0, 100000.0, 21, 10.0, 0.3, 0.2937, 2.0, 3) [0.15440814060721625 0.0034209350371996804 0.006192103290833559] 10 3447.8517944812775s
2022-07-11 03:31:00.786359 (1.0, 100000.0, 22, 10.0, 0.3, 0.295, 2.0, 3) [0.14630345965712863 0.0034131686541538026 0.006478658477847919] 10 4233.168123006821s
2022-07-11 04:06:12.300279 (1.0, 100000.0, 20, 10.0, 0.3, 0.2937, 2.0, 3) [0.16242795550080336 0.0027084627336117382 0.0061223099717026795] 10 2560.1212491989136s
2022-07-11 04:21:09.450318 (1.0, 100000.0, 21, 10.0, 0.3, 0.2937, 2.0, 3) [0.15147514577200746 0.005749531299492857 0.006979110339675411] 10 3355.5464890003204s
2022-07-11 04:39:30.684447 (1.0, 100000.0, 22, 10.0, 0.3, 0.295, 2.0, 3) [0.14434832153197166 0.0030751168102979656 0.007070174038636084] 10 4109.895624637604s
2022-07-11 04:48:09.839436 (1.0, 100000.0, 20, 10.0, 0.3, 0.2937, 2.0, 3) [0.16502583402819312 0.0025530460364076436 0.0055321114805566805] 10 2517.53720498085s
2022-07-11 05:16:39.279481 (1.0, 100000.0, 21, 10.0, 0.3, 0.2937, 2.0, 3) [0.15368734509962773 0.0043299176384801775 0.006376494893983541] 10 3329.8272602558136s
2022-07-11 05:30:13.185989 (1.0, 100000.0, 20, 10.0, 0.3, 0.294, 2.0, 3) [0.15775720894639472 0.0033999861862047775 0.007363876584398974] 10 2519.037832736969s
2022-07-11 05:48:32.038688 (1.0, 100000.0, 22, 10.0, 0.3, 0.295, 2.0, 3) [0.14621761293620544 0.0041773135251219 0.006531472537971571] 10 4141.351917505264s
2022-07-11 06:11:07.912025 (1.0, 100000.0, 20, 10.0, 0.3, 0.294, 2.0, 3) [0.16306437340654426 0.0051912150218452885 0.005961602640389494] 10 2454.7238595485687s
2022-07-11 06:11:13.637618 (1.0, 100000.0, 21, 10.0, 0.3, 0.2937, 2.0, 3) [0.15599453867483243 0.003001190733951114 0.005797040003022785] 10 3274.355735063553s
2022-07-11 06:52:16.187232 (1.0, 100000.0, 20, 10.0, 0.3, 0.294, 2.0, 3) [0.16227849006938044 0.005010069335386299 0.006170476316811648] 10 2468.273349046707s
2022-07-11 06:55:58.915134 (1.0, 100000.0, 22, 10.0, 0.3, 0.295, 2.0, 3) [0.14492426673444583 0.0055391140536327965 0.006883275937390157] 10 4046.8740611076355s
2022-07-11 07:06:00.770979 (1.0, 100000.0, 21, 10.0, 0.3, 0.2937, 2.0, 3) [0.157439926621202 0.0059955430299074896 0.005455432127703992] 10 3287.129809856415s
2022-07-11 07:35:11.101041 (1.0, 100000.0, 20, 10.0, 0.3, 0.294, 2.0, 3) [0.15971341185266152 0.0034847808653537325 0.006810346502193297] 10 2574.9116718769073s
2022-07-11 08:04:00.285327 (1.0, 100000.0, 21, 10.0, 0.3, 0.295, 2.0, 3) [0.15416180302358987 0.00329779442904599 0.00627016199139146] 10 3475.5629925727844s
2022-07-11 08:05:07.006025 (1.0, 100000.0, 24, 10.0, 0.3, 0.295, 2.0, 3) [0.13229481461679926 0.0025241319254647944 0.007061345084657012] 10 24213.531000614166s
2022-07-11 08:07:34.218822 (1.0, 100000.0, 22, 10.0, 0.3, 0.295, 2.0, 3) [0.14585863321393613 0.004553258932837468 0.006605195358830384] 10 4295.301671028137s
2022-07-11 08:18:31.575619 (1.0, 100000.0, 20, 10.0, 0.3, 0.294, 2.0, 3) [0.16429977130708046 0.004556015469473274 0.005692548152855866] 10 2600.471786737442s
2022-07-11 09:01:54.791701 (1.0, 100000.0, 20, 10.0, 0.3, 0.294, 2.0, 3) [0.1635103749987495 0.003284950484806485 0.005848617055583514] 10 2603.213820695877s
2022-07-11 09:03:03.766984 (1.0, 100000.0, 21, 10.0, 0.3, 0.295, 2.0, 3) [0.15419900887280932 0.0037606100573898842 0.00625945225891849] 10 3543.462459087372s
2022-07-11 09:19:51.591560 (1.0, 100000.0, 22, 10.0, 0.3, 0.295, 2.0, 3) [0.14774438041184432 0.0037785255447802977 0.006107710459361086] 10 4337.370466709137s
2022-07-11 09:45:01.189730 (1.0, 100000.0, 20, 10.0, 0.3, 0.294, 2.0, 3) [0.16244030700085138 0.005108833383014774 0.006125566018259537] 10 2586.3949489593506s
2022-07-11 10:01:24.242496 (1.0, 100000.0, 21, 10.0, 0.3, 0.295, 2.0, 3) [0.15404201801743414 0.005900142291795597 0.006284210318750242] 10 3500.4723706245422s
2022-07-11 10:28:10.053731 (1.0, 100000.0, 20, 10.0, 0.3, 0.294, 2.0, 3) [0.15791747973465772 0.0027276138105083248 0.007316704976502733] 10 2588.861891269684s
2022-07-11 10:34:19.707376 (1.0, 100000.0, 22, 10.0, 0.3, 0.2948, 2.0, 3) [0.1449970192080043 0.001973119033504259 0.006869430703706594] 10 4463.959425449371s
2022-07-11 10:59:09.626580 (1.0, 100000.0, 21, 10.0, 0.3, 0.295, 2.0, 3) [0.15647713582814599 0.0048403923963968995 0.005688543405105577] 10 3465.382201910019s
2022-07-11 11:11:22.929148 (1.0, 100000.0, 20, 10.0, 0.3, 0.294, 2.0, 3) [0.16213234014585481 0.0031937084618967582 0.006195098664990432] 10 2592.8731648921967s
2022-07-11 11:46:40.608760 (1.0, 100000.0, 22, 10.0, 0.3, 0.2948, 2.0, 3) [0.15015989471538738 0.0042128841857050426 0.005474663714750655] 10 4340.898827791214s
2022-07-11 11:54:58.026769 (1.0, 100000.0, 20, 10.0, 0.3, 0.294, 2.0, 3) [0.1630154013590762 0.004653452499765958 0.00597127604978321] 10 2615.0954778194427s
2022-07-11 11:56:45.306152 (1.0, 100000.0, 21, 10.0, 0.3, 0.295, 2.0, 3) [0.15618198006386222 0.004119941294768327 0.0057506593514572305] 10 3455.67746591568s
2022-07-11 12:37:32.651462 (1.0, 100000.0, 20, 10.0, 0.3, 0.2945, 2.0, 3) [0.16271096838150564 0.0038986418096466713 0.006064581706525757] 10 2550.9539501667023s
2022-07-11 12:54:22.584175 (1.0, 100000.0, 21, 10.0, 0.3, 0.295, 2.0, 3) [0.15864502764099786 0.002383694375456721 0.005197099486913204] 10 3457.2757675647736s
2022-07-11 13:00:07.496709 (1.0, 100000.0, 22, 10.0, 0.3, 0.2948, 2.0, 3) [0.14548132086243337 0.002863315772782609 0.006717903644160909] 10 4406.88556933403s
2022-07-11 13:20:40.609850 (1.0, 100000.0, 20, 10.0, 0.3, 0.2945, 2.0, 3) [0.16134244401637898 0.0031665639920670065 0.006387523249302327] 10 2587.955860376358s
2022-07-11 13:29:52.313144 (1.0, 100000.0, 23, 10.0, 0.3, 0.2948, 2.0, 3) [0.13928322881159907 0.002666819109987316 0.006671026334202703] 10 57539.81748366356s
2022-07-11 13:53:01.306845 (1.0, 100000.0, 21, 10.0, 0.3, 0.295, 2.0, 3) [0.15140526718427974 0.0029837530012644126 0.0070238519013004555] 10 3518.7207939624786s
2022-07-11 14:03:57.813591 (1.0, 100000.0, 20, 10.0, 0.3, 0.2945, 2.0, 3) [0.1589488698371695 0.0041868609550813375 0.0070195187331677875] 10 2597.201534986496s
2022-07-11 14:14:37.885341 (1.0, 100000.0, 22, 10.0, 0.3, 0.2948, 2.0, 3) [0.1457580483909102 0.005055129660769686 0.006643633155259796] 10 4470.38644361496s
2022-07-11 14:34:23.665489 (1.0, 100000.0, 24, 10.0, 0.3, 0.295, 2.0, 3) [0.1349790555602017 0.0037745372028132394 0.006220491862944334] 10 23356.65661215782s
2022-07-11 14:46:35.834414 (1.0, 100000.0, 20, 10.0, 0.3, 0.2945, 2.0, 3) [0.16233102947005648 0.0038995756617565998 0.006135058743246275] 10 2558.0189621448517s
2022-07-11 14:52:41.650554 (1.0, 100000.0, 21, 10.0, 0.3, 0.295, 2.0, 3) [0.1531318604999269 0.005115300011923184 0.006543785229112524] 10 3580.341279745102s
2022-07-11 15:28:30.695907 (1.0, 100000.0, 22, 10.0, 0.3, 0.2948, 2.0, 3) [0.15158749583103046 0.0034516725421573796 0.005165207491485586] 10 4432.808384418488s
2022-07-11 15:29:41.994250 (1.0, 100000.0, 20, 10.0, 0.3, 0.2945, 2.0, 3) [0.16267094875441818 0.0050575042312235715 0.006058666873933567] 10 2586.157331228256s
2022-07-11 15:51:21.908795 (1.0, 100000.0, 21, 10.0, 0.3, 0.295, 2.0, 3) [0.1529207769201686 0.00423313442726222 0.00659062494852149] 10 3520.2557678222656s
2022-07-11 16:12:54.503771 (1.0, 100000.0, 20, 10.0, 0.3, 0.2945, 2.0, 3) [0.16268222755133252 0.0039024665026602414 0.0060618727135503] 10 2592.5072553157806s
2022-07-11 16:42:11.637119 (1.0, 100000.0, 22, 10.0, 0.3, 0.2948, 2.0, 3) [0.14479844442433262 0.0032472965992565925 0.006932947149196815] 10 4420.938911914825s
2022-07-11 16:51:26.594517 (1.0, 100000.0, 21, 10.0, 0.3, 0.295, 2.0, 3) [0.15034988072735528 0.003766371637800408 0.007321989615455261] 10 3604.6835062503815s
2022-07-11 16:56:21.126319 (1.0, 100000.0, 20, 10.0, 0.3, 0.2945, 2.0, 3) [0.16198634867915176 0.003449375698403433 0.006232868543822936] 10 2606.620144844055s
2022-07-11 17:39:39.124771 (1.0, 100000.0, 20, 10.0, 0.3, 0.2945, 2.0, 3) [0.16205836304676038 0.004462272633957163 0.006207060383947062] 10 2597.9959120750427s
2022-07-11 17:49:25.315302 (1.0, 100000.0, 21, 10.0, 0.3, 0.2945, 2.0, 3) [0.15511181968561977 0.004573748341322642 0.006008563226228732] 10 3475.5441539287567s
2022-07-11 17:55:52.304666 (1.0, 100000.0, 22, 10.0, 0.3, 0.2948, 2.0, 3) [0.14637765581575637 0.003167612226855284 0.006468722524479961] 10 4420.665142536163s
2022-07-11 18:21:58.651804 (1.0, 100000.0, 20, 10.0, 0.3, 0.2945, 2.0, 3) [0.1604528417493625 0.0026459417744957585 0.006623508614123416] 10 2539.524667739868s
2022-07-11 18:37:10.806639 (1.0, 100000.0, 23, 10.0, 0.3, 0.2948, 2.0, 3) [0.14263119534502 0.002529773517732998 0.005751918925823012] 10 18438.48867535591s
2022-07-11 18:47:08.302323 (1.0, 100000.0, 21, 10.0, 0.3, 0.2945, 2.0, 3) [0.1491879646318571 0.004540959308409423 0.007680987169312705] 10 3462.984994649887s
2022-07-11 19:04:26.160698 (1.0, 100000.0, 20, 10.0, 0.3, 0.2945, 2.0, 3) [0.15907867302024456 0.002409770059592063 0.0069911150896586295] 10 2547.506504535675s
2022-07-11 19:08:46.545628 (1.0, 100000.0, 22, 10.0, 0.3, 0.2948, 2.0, 3) [0.14336066284578433 0.004556150871132941 0.007376356364038968] 10 4374.238725185394s
2022-07-11 19:43:27.819552 (1.0, 100000.0, 21, 10.0, 0.3, 0.2945, 2.0, 3) [0.15031935714785144 0.0021990460833246 0.0073311419948574085] 10 3379.513524055481s
2022-07-11 19:48:04.873751 (1.0, 100000.0, 20, 10.0, 0.3, 0.295, 2.0, 3) [0.16243539076095567 0.0045531534991304955 0.006136421205716609] 10 2615.279992580414s
2022-07-11 20:19:08.275712 (1.0, 100000.0, 22, 10.0, 0.3, 0.2948, 2.0, 3) [0.14418788798319004 0.004520199158107541 0.007120306864068426] 10 4221.727604150772s
2022-07-11 20:30:47.622882 (1.0, 100000.0, 20, 10.0, 0.3, 0.295, 2.0, 3) [0.15770264929484581 0.0032947764835782674 0.0073784218945556965] 10 2562.7471237182617s
2022-07-11 20:39:45.458832 (1.0, 100000.0, 21, 10.0, 0.3, 0.2945, 2.0, 3) [0.15393277788127335 0.006958312325255739 0.006345053264922684] 10 3377.6371369361877s
2022-07-11 21:13:16.433716 (1.0, 100000.0, 20, 10.0, 0.3, 0.295, 2.0, 3) [0.16204231599610636 0.004198178814198286 0.00622115926829891] 10 2548.808075904846s
2022-07-11 21:29:14.229979 (1.0, 100000.0, 22, 10.0, 0.3, 0.2948, 2.0, 3) [0.1439131644030698 0.003933867814347713 0.007191397600382431] 10 4205.952108860016s
2022-07-11 21:35:34.558437 (1.0, 100000.0, 21, 10.0, 0.3, 0.2945, 2.0, 3) [0.151737804500723 0.004707475364492438 0.006918744514290861] 10 3349.0972180366516s
2022-07-11 21:49:31.056274 (1.0, 100000.0, 24, 10.0, 0.3, 0.295, 2.0, 3) [0.13466008928424994 0.003903505385123518 0.006320371193017117] 10 26107.38238120079s
2022-07-11 21:55:52.237093 (1.0, 100000.0, 20, 10.0, 0.3, 0.295, 2.0, 3) [0.15709328201436024 0.005658660888140891 0.007559503338543901] 10 2555.7883739471436s
2022-07-11 22:30:27.042506 (1.0, 100000.0, 21, 10.0, 0.3, 0.2945, 2.0, 3) [0.15352436040007547 0.0030688266492584194 0.006418654303152891] 10 3292.481925725937s
2022-07-11 22:36:59.365788 (1.0, 100000.0, 20, 10.0, 0.3, 0.295, 2.0, 3) [0.15654985201867916 0.006319419119048051 0.007727177527689574] 10 2467.126354932785s
2022-07-11 22:37:01.765985 (1.0, 100000.0, 22, 10.0, 0.3, 0.2945, 2.0, 3) [0.14591573714230013 0.002426925396146594 0.006596400998342743] 10 4061.8870933055878s
2022-07-11 23:18:04.387145 (1.0, 100000.0, 20, 10.0, 0.3, 0.295, 2.0, 3) [0.1627392929957533 0.004331898603795616 0.006035151648511285] 10 2465.018923521042s
2022-07-11 23:24:11.046874 (1.0, 100000.0, 21, 10.0, 0.3, 0.2945, 2.0, 3) [0.1554409647831498 0.004086113237761787 0.005928348153006913] 10 3224.0021409988403s
2022-07-11 23:43:58.113095 (1.0, 100000.0, 22, 10.0, 0.3, 0.2945, 2.0, 3) [0.14735967055255197 0.0026791760984989955 0.00618918035392602] 10 4016.3449766635895s
2022-07-11 23:59:03.174410 (1.0, 100000.0, 20, 10.0, 0.3, 0.295, 2.0, 3) [0.16122218838232344 0.0034003900193745615 0.006408740998802527] 10 2458.7852256298065s
2022-07-12 00:17:50.459207 (1.0, 100000.0, 21, 10.0, 0.3, 0.2945, 2.0, 3) [0.15179863112822164 0.003042500247916725 0.006893365816594523] 10 3219.4100477695465s
2022-07-12 00:40:17.493727 (1.0, 100000.0, 20, 10.0, 0.3, 0.295, 2.0, 3) [0.1613133464372434 0.003295564346828848 0.006402887879461609] 10 2474.3046197891235s
2022-07-12 00:51:04.031902 (1.0, 100000.0, 22, 10.0, 0.3, 0.2945, 2.0, 3) [0.14710450466057526 0.004625000668686895 0.006272179683216142] 10 4025.9162950515747s
2022-07-12 01:11:29.195949 (1.0, 100000.0, 21, 10.0, 0.3, 0.2945, 2.0, 3) [0.15534671792880408 0.0032458475824242976 0.005949455723915915] 10 3218.7243072986603s
2022-07-12 01:21:32.898467 (1.0, 100000.0, 20, 10.0, 0.3, 0.295, 2.0, 3) [0.16541818534272934 0.004113394239693669 0.005444650896197743] 10 2475.4023926258087s
2022-07-12 01:58:11.656170 (1.0, 100000.0, 22, 10.0, 0.3, 0.2945, 2.0, 3) [0.1477234475232879 0.0033590060065902295 0.00609822161625395] 10 4027.622011899948s
2022-07-12 02:02:44.660878 (1.0, 100000.0, 20, 10.0, 0.3, 0.295, 2.0, 3) [0.16218492177978716 0.003519865578742679 0.006179218020555517] 10 2471.760197877884s
2022-07-12 02:04:54.973590 (1.0, 100000.0, 21, 10.0, 0.3, 0.2945, 2.0, 3) [0.15053955726650275 0.005713361396715001 0.007251032643478034] 10 3205.775408744812s
2022-07-12 02:42:29.147155 (1.0, 100000.0, 20, 10.0, 0.3, 0.2948, 2.0, 3) [0.16180552789387193 0.00328957271933435 0.006278442372801489] 10 2380.570567369461s
2022-07-12 02:57:25.543396 (1.0, 100000.0, 21, 10.0, 0.3, 0.294, 2.0, 3) [0.15422182794020214 0.002634278129102547 0.006234705145862115] 10 3146.31569981575s
2022-07-12 02:59:46.597212 (1.0, 100000.0, 24, 10.0, 0.3, 0.295, 2.0, 3) [0.13383491187138005 0.0038897280514653596 0.006570037554146112] 10 18615.529692411423s
2022-07-12 03:04:44.519673 (1.0, 100000.0, 22, 10.0, 0.3, 0.2945, 2.0, 3) [0.14869753027070964 0.004494945167101407 0.005852642049427689] 10 3992.8611748218536s
2022-07-12 03:21:31.842827 (1.0, 100000.0, 20, 10.0, 0.3, 0.2948, 2.0, 3) [0.1602666412077191 0.0021970114625976737 0.006670895811243865] 10 2342.6936554908752s
2022-07-12 03:49:37.371816 (1.0, 100000.0, 21, 10.0, 0.3, 0.294, 2.0, 3) [0.15060198226331012 0.0022060311178564297 0.007234612045723483] 10 3131.8264915943146s
2022-07-12 04:00:39.769041 (1.0, 100000.0, 20, 10.0, 0.3, 0.2948, 2.0, 3) [0.16346798515013342 0.0039847968858206725 0.005881567471880694] 10 2347.9238846302032s
2022-07-12 04:11:12.488599 (1.0, 100000.0, 22, 10.0, 0.3, 0.2945, 2.0, 3) [0.15016661907284598 0.0028702245937595404 0.00548316227832916] 10 3987.966649055481s
2022-07-12 04:39:44.277444 (1.0, 100000.0, 20, 10.0, 0.3, 0.2948, 2.0, 3) [0.15665194867059926 0.005181800515134233 0.007690467260969296] 10 2344.5061507225037s
2022-07-12 04:41:50.881441 (1.0, 100000.0, 21, 10.0, 0.3, 0.294, 2.0, 3) [0.1555704979587198 0.0033450131411222874 0.005904799073036628] 10 3133.5073008537292s
2022-07-12 05:17:40.660367 (1.0, 100000.0, 22, 10.0, 0.3, 0.2945, 2.0, 3) [0.14485098800209809 0.006046998344069424 0.006909653718348914] 10 3988.169431447983s
2022-07-12 05:18:49.954151 (1.0, 100000.0, 20, 10.0, 0.3, 0.2948, 2.0, 3) [0.16283493806650978 0.005207789479675423 0.00603370085066777] 10 2345.674382209778s
2022-07-12 05:34:08.223080 (1.0, 100000.0, 21, 10.0, 0.3, 0.294, 2.0, 3) [0.1574087208979821 0.0022788339274031036 0.005462092119174946] 10 3137.3392989635468s
2022-07-12 05:58:00.411090 (1.0, 100000.0, 20, 10.0, 0.3, 0.2948, 2.0, 3) [0.1665182173642115 0.004301748643287123 0.005205032631885546] 10 2350.4545986652374s
2022-07-12 06:24:12.521219 (1.0, 100000.0, 22, 10.0, 0.3, 0.2945, 2.0, 3) [0.14513247359661532 0.004026172539989408 0.006826258698449584] 10 3991.8585453033447s
2022-07-12 06:26:24.730128 (1.0, 100000.0, 21, 10.0, 0.3, 0.294, 2.0, 3) [0.15288190197974935 0.0053689726675122396 0.006585619904034051] 10 3136.504954814911s
2022-07-12 06:37:08.084789 (1.0, 100000.0, 20, 10.0, 0.3, 0.2948, 2.0, 3) [0.1595928790423853 0.004858773340510075 0.006851017271625708] 10 2347.671209335327s
2022-07-12 07:16:18.506635 (1.0, 100000.0, 20, 10.0, 0.3, 0.2948, 2.0, 3) [0.16019428922467419 0.0023104336404821337 0.006691432010044188] 10 2350.419610261917s
2022-07-12 07:18:45.425031 (1.0, 100000.0, 21, 10.0, 0.3, 0.294, 2.0, 3) [0.15588125780636117 0.0022039965559515285 0.005832269196784761] 10 3140.692578792572s
2022-07-12 07:30:42.473434 (1.0, 100000.0, 22, 10.0, 0.3, 0.2945, 2.0, 3) [0.151283903987837 0.00343576247751542 0.005211706829289604] 10 3989.9500181674957s
2022-07-12 07:43:11.103357 (1.0, 100000.0, 24, 10.0, 0.3, 0.295, 2.0, 3) [0.13201097420555166 0.004071636466440702 0.007152640343329329] 10 17004.50341939926s
2022-07-12 07:55:25.867038 (1.0, 100000.0, 20, 10.0, 0.3, 0.2948, 2.0, 3) [0.16005387675125862 0.003473904015918125 0.006731920573570021] 10 2347.3580808639526s
2022-07-12 08:11:04.762586 (1.0, 100000.0, 21, 10.0, 0.3, 0.294, 2.0, 3) [0.15429356759030596 0.002928575803414464 0.0062165009932849125] 10 3139.3351917266846s
2022-07-12 08:34:48.786983 (1.0, 100000.0, 20, 10.0, 0.3, 0.2948, 2.0, 3) [0.16019240408100094 0.003897709241256945 0.00670721009678911] 10 2362.917604446411s
2022-07-12 08:37:12.841004 (1.0, 100000.0, 22, 10.0, 0.3, 0.2945, 2.0, 3) [0.14986301381283373 0.004066333030257527 0.005553896926988084] 10 3990.365387916565s
2022-07-12 09:03:05.969152 (1.0, 100000.0, 21, 10.0, 0.3, 0.294, 2.0, 3) [0.15085883035023315 0.0034257528369683716 0.007173764944191159] 10 3121.204209089279s
2022-07-12 09:42:30.440243 (1.0, 100000.0, 22, 10.0, 0.3, 0.2937, 2.0, 3) [0.1507965432920908 0.005115171598475959 0.005346888049268262] 10 3914.537478208542s
2022-07-12 09:54:50.022779 (1.0, 100000.0, 21, 10.0, 0.3, 0.294, 2.0, 3) [0.15835268791177992 0.0034222155881025408 0.005254361326314733] 10 3104.0512607097626s
2022-07-12 10:46:42.130439 (1.0, 100000.0, 21, 10.0, 0.3, 0.294, 2.0, 3) [0.15270672017682357 0.006377122822542905 0.006638854343734695] 10 3112.1051766872406s
2022-07-12 10:47:00.658156 (1.0, 100000.0, 22, 10.0, 0.3, 0.2937, 2.0, 3) [0.15045050053422104 0.00479124478918402 0.005410571285024086] 10 3870.215871810913s
2022-07-12 11:46:19.841786 (1.0, 100000.0, 21, 10.0, 0.3, 0.2948, 2.0, 3) [0.15503542111548899 0.0031157437456745827 0.006045074442431639] 10 3364.241566181183s
2022-07-12 11:52:02.335201 (1.0, 100000.0, 22, 10.0, 0.3, 0.2937, 2.0, 3) [0.14734309325537046 0.0030724391458774383 0.006202429167864274] 10 3901.6748263835907s
2022-07-12 12:38:14.410702 (1.0, 100000.0, 21, 10.0, 0.3, 0.2948, 2.0, 3) [0.1533379515015505 0.0035240194441682375 0.0064711275912411595] 10 3114.5669066905975s
2022-07-12 12:56:31.225499 (1.0, 100000.0, 22, 10.0, 0.3, 0.2937, 2.0, 3) [0.14604418403684313 0.004180903521267139 0.006563830098248419] 10 3868.887793302536s
2022-07-12 13:27:30.728261 (1.0, 100000.0, 24, 10.0, 0.3, 0.295, 2.0, 3) [0.1347271162064676 0.00352685017337129 0.006291807738735873] 10 20659.62237906456s
2022-07-12 13:30:09.699179 (1.0, 100000.0, 21, 10.0, 0.3, 0.2948, 2.0, 3) [0.15313215119118292 0.003615847968942723 0.006520122601779844] 10 3115.2862639427185s
2022-07-12 14:00:53.983844 (1.0, 100000.0, 22, 10.0, 0.3, 0.2937, 2.0, 3) [0.15080035005643933 0.003613567170743637 0.005331735730253178] 10 3862.7561223506927s
2022-07-12 14:15:27.236319 (1.0, 100000.0, 23, 10.0, 0.3, 0.2948, 2.0, 3) [0.13561768950089614 0.003510790333616955 0.007886557060195053] 10 70696.42608141899s
2022-07-12 14:22:02.444731 (1.0, 100000.0, 21, 10.0, 0.3, 0.2948, 2.0, 3) [0.15435474915482977 0.004199631517787288 0.006211746976769529] 10 3112.7431292533875s
2022-07-12 15:05:06.267562 (1.0, 100000.0, 22, 10.0, 0.3, 0.2937, 2.0, 3) [0.146751878060609 0.0036677933718848193 0.006357182119869524] 10 3852.2619614601135s
2022-07-12 15:13:47.882286 (1.0, 100000.0, 21, 10.0, 0.3, 0.2948, 2.0, 3) [0.15288295834183518 0.004620354554801792 0.006601894305408098] 10 3105.4237678050995s
2022-07-12 16:05:26.685495 (1.0, 100000.0, 21, 10.0, 0.3, 0.2948, 2.0, 3) [0.15233278688462457 0.003625497424459666 0.0067483592293375045] 10 3098.790208339691s
2022-07-12 16:08:58.613924 (1.0, 100000.0, 22, 10.0, 0.3, 0.2937, 2.0, 3) [0.15014718132622976 0.0032378363436325656 0.0054873473807692565] 10 3832.331047773361s
2022-07-12 16:57:06.566886 (1.0, 100000.0, 21, 10.0, 0.3, 0.2948, 2.0, 3) [0.1522537382822433 0.0032485843909733523 0.006762405671371281] 10 3099.8666405677795s
2022-07-12 17:13:10.671421 (1.0, 100000.0, 22, 10.0, 0.3, 0.2937, 2.0, 3) [0.14631620564722853 0.004590278401358815 0.006478679081621407] 10 3852.0552792549133s
2022-07-12 17:49:08.065487 (1.0, 100000.0, 21, 10.0, 0.3, 0.2948, 2.0, 3) [0.1521549545918718 0.003999176758348973 0.006793580983230764] 10 3121.4865539073944s
2022-07-12 18:07:32.799892 (1.0, 100000.0, 23, 10.0, 0.3, 0.2948, 2.0, 3) [0.13763294952566577 0.0037497009708613777 0.007200174735599582] 10 13925.548884630203s
2022-07-12 18:18:18.108075 (1.0, 100000.0, 22, 10.0, 0.3, 0.2937, 2.0, 3) [0.1478536472108209 0.003291756739859942 0.006070227855692788] 10 3907.4237418174744s
2022-07-12 18:42:05.722554 (1.0, 100000.0, 21, 10.0, 0.3, 0.2948, 2.0, 3) [0.14983804872031178 0.0031871143541668053 0.007484623005430798] 10 3177.635053396225s
2022-07-12 19:17:15.964481 (1.0, 100000.0, 24, 10.0, 0.3, 0.295, 2.0, 3) [0.13670515200097605 0.0049166784536648495 0.005727067558927341] 10 20985.2335395813s
2022-07-12 19:24:54.150559 (1.0, 100000.0, 22, 10.0, 0.3, 0.2937, 2.0, 3) [0.14696708378271298 0.003767832228322722 0.006281721305831915] 10 3996.040342569351s
2022-07-12 19:35:59.618609 (1.0, 100000.0, 21, 10.0, 0.3, 0.2948, 2.0, 3) [0.15203342371410933 0.00404121295953891 0.006839901709114824] 10 3233.893646001816s
2022-07-12 19:58:05.538490 (1.0, 100000.0, 23, 10.0, 0.3, 0.2948, 2.0, 3) [0.14244393099158084 0.003846469645353877 0.005776603315676227] 10 6632.735888719559s
2022-07-12 20:27:53.433054 (1.0, 100000.0, 22, 10.0, 0.3, 0.294, 2.0, 3) [0.14826755685088475 0.002639537904416044 0.0059586852781223125] 10 3775.9650201797485s
2022-07-12 21:33:33.703566 (1.0, 100000.0, 22, 10.0, 0.3, 0.294, 2.0, 3) [0.14873428777464087 0.0021055928345544133 0.0058319023317869615] 10 3940.268617630005s
2022-07-12 22:08:54.884068 (1.0, 100000.0, 23, 10.0, 0.3, 0.2948, 2.0, 3) [0.1375122054882936 0.004838682239308345 0.007237727246171434] 10 7849.342978954315s
2022-07-12 22:42:59.265414 (1.0, 100000.0, 22, 10.0, 0.3, 0.294, 2.0, 3) [0.14879340068029534 0.006897439679728257 0.005825208728043055] 10 4165.559429645538s
2022-07-12 23:51:55.956451 (1.0, 100000.0, 22, 10.0, 0.3, 0.294, 2.0, 3) [0.14968692639675918 0.00308115179662037 0.005600384519336655] 10 4136.687527418137s
2022-07-13 00:51:18.193296 (1.0, 100000.0, 24, 10.0, 0.3, 0.295, 2.0, 3) [0.13621426928711586 0.0040987024590426165 0.005867351854253532] 10 20042.208658218384s
2022-07-13 00:59:44.896320 (1.0, 100000.0, 22, 10.0, 0.3, 0.294, 2.0, 3) [0.14707039794811874 0.0034234436709482765 0.0062683013079027836] 10 4068.9366755485535s
2022-07-13 02:07:56.520592 (1.0, 100000.0, 22, 10.0, 0.3, 0.294, 2.0, 3) [0.14659342048870713 0.004196030086594455 0.006394298416432781] 10 4091.6200997829437s
2022-07-13 03:15:53.192814 (1.0, 100000.0, 22, 10.0, 0.3, 0.294, 2.0, 3) [0.14708815861238012 0.0032985122278738816 0.006270334464370278] 10 4076.669759988785s
2022-07-13 04:01:36.687284 (1.0, 100000.0, 23, 10.0, 0.3, 0.2948, 2.0, 3) [0.1399437490805533 0.0032832568461853093 0.006496151180465854] 10 21161.8009185791s
2022-07-13 04:23:53.681497 (1.0, 100000.0, 22, 10.0, 0.3, 0.294, 2.0, 3) [0.15041499186964755 0.003972670221652139 0.005426699458498199] 10 4080.469349384308s
2022-07-13 05:30:01.749773 (1.0, 100000.0, 22, 10.0, 0.3, 0.294, 2.0, 3) [0.14783516361290533 0.0041143264267698345 0.006070089487191113] 10 3968.053830385208s
2022-07-13 06:37:55.530888 (1.0, 100000.0, 22, 10.0, 0.3, 0.294, 2.0, 3) [0.14760886193265857 0.003312830937028931 0.006123444956295284] 10 4073.7666523456573s
2022-07-13 06:41:05.826249 (1.0, 100000.0, 24, 10.0, 0.3, 0.295, 2.0, 3) [0.1329844059750504 0.003484888755983136 0.006837591956032334] 10 20987.630356311798s
2022-07-13 12:58:03.004214 (1.0, 100000.0, 23, 10.0, 0.3, 0.2948, 2.0, 3) [0.13964348733601548 0.00235748992957284 0.006569351395502305] 10 32186.30733513832s
2022-07-13 16:08:29.916134 (1.0, 100000.0, 23, 10.0, 0.3, 0.2948, 2.0, 3) [0.13976203959281203 0.004764321723810975 0.006539711666600135] 10 11426.88255405426s
2022-07-13 21:15:26.175909 (1.0, 100000.0, 24, 10.0, 0.3, 0.2937, 2.0, 3) [0.13558729001382425 0.0030262520191854537 0.006041551634235079] 10 52455.76789021492s
2022-07-13 22:13:13.814065 (1.0, 100000.0, 23, 10.0, 0.3, 0.2948, 2.0, 3) [0.1411625878981581 0.004015739970684153 0.00613102854683015] 10 21883.840227365494s
2022-07-14 01:09:23.281399 (1.0, 100000.0, 24, 10.0, 0.3, 0.2937, 2.0, 3) [0.13785621142952323 0.002677652534798309 0.005418646179143224] 10 14037.092665433884s
2022-07-14 05:00:22.571182 (1.0, 100000.0, 24, 10.0, 0.3, 0.2937, 2.0, 3) [0.134096122160714 0.0024348387202915564 0.006478566162884] 10 13859.259252786636s
2022-07-14 09:44:59.639744 (1.0, 100000.0, 23, 10.0, 0.3, 0.2945, 2.0, 3) [0.14278978188692454 0.003721770270444295 0.005694917628836803] 10 41478.85452270508s
2022-07-14 09:51:35.477576 (1.0, 100000.0, 24, 10.0, 0.3, 0.2937, 2.0, 3) [0.13411828306668436 0.0033028492764969174 0.0064686836363693715] 10 17472.89417719841s
2022-07-14 16:44:05.723069 (1.0, 100000.0, 24, 10.0, 0.3, 0.2937, 2.0, 3) [0.13679369180890075 0.0024238308729948328 0.005695576319299317] 10 24750.242736816406s
2022-07-14 20:20:07.614706 (1.0, 100000.0, 24, 10.0, 0.3, 0.2937, 2.0, 3) [0.13586965010228805 0.0027656148368074658 0.005984268433174515] 10 12961.869609832764s
2022-07-14 23:55:04.715397 (1.0, 100000.0, 24, 10.0, 0.3, 0.2937, 2.0, 3) [0.13576634185607758 0.0029391590694765805 0.005984403307297842] 10 12897.097831249237s
2022-07-15 03:29:24.876742 (1.0, 100000.0, 24, 10.0, 0.3, 0.2937, 2.0, 3) [0.1380528072389824 0.002964302470872264 0.0053786727004696425] 10 12860.15806889534s
2022-07-15 07:03:20.913559 (1.0, 100000.0, 24, 10.0, 0.3, 0.2937, 2.0, 3) [0.13706526930235183 0.0021812799076315454 0.0056480460533958705] 10 12836.021713972092s
2022-07-15 10:38:18.447317 (1.0, 100000.0, 24, 10.0, 0.3, 0.2937, 2.0, 3) [0.13424827561494798 0.002748438724525467 0.006436734894019926] 10 12897.511910200119s
2022-07-15 14:07:34.490152 (1.0, 100000.0, 23, 10.0, 0.3, 0.2945, 2.0, 3) [0.1395145227752731 0.0028109213916364456 0.006601188580114497] 10 102154.80782651901s
2022-07-15 14:31:51.150738 (1.0, 100000.0, 24, 10.0, 0.3, 0.2948, 2.0, 3) [0.14061440431114172 0.005099893215680857 0.004767908674288669] 10 14007.426819324493s
2022-07-15 21:06:00.704990 (1.0, 100000.0, 23, 10.0, 0.3, 0.2945, 2.0, 3) [0.14191262057320647 0.0028173134608488297 0.005930087007751422] 10 25106.212656974792s
2022-07-15 21:31:39.268223 (1.0, 100000.0, 24, 10.0, 0.3, 0.2948, 2.0, 3) [0.13504622650370193 0.004232735913201503 0.006204721544196725] 10 25187.723778247833s
2022-07-15 22:54:31.905119 (1.0, 100000.0, 23, 10.0, 0.3, 0.2945, 2.0, 3) [0.14268007908067315 0.002343193147966132 0.005721804712373628] 10 6511.195685386658s
2022-07-16 00:43:19.562523 (1.0, 100000.0, 23, 10.0, 0.3, 0.2945, 2.0, 3) [0.1397634870004028 0.005199136027487348 0.006534349369007915] 10 6527.653528690338s
2022-07-16 02:31:02.061755 (1.0, 100000.0, 23, 10.0, 0.3, 0.2945, 2.0, 3) [0.14062404676169593 0.0036212294174663333 0.006272468097552547] 10 6462.497037887573s
2022-07-16 03:11:36.809190 (1.0, 100000.0, 24, 10.0, 0.3, 0.2948, 2.0, 3) [0.13361414077811065 0.0025941011967854028 0.006641826516576168] 10 20394.6661734581s
2022-07-16 04:18:01.103277 (1.0, 100000.0, 23, 10.0, 0.3, 0.2945, 2.0, 3) [0.13926454677410963 0.00411358582771811 0.006685702369140495] 10 6419.038984298706s
2022-07-16 06:04:50.074181 (1.0, 100000.0, 23, 10.0, 0.3, 0.2945, 2.0, 3) [0.1385657446466962 0.0028413263289280488 0.006897913196347403] 10 6408.968294382095s
2022-07-16 07:18:15.062776 (1.0, 100000.0, 24, 10.0, 0.3, 0.2948, 2.0, 3) [0.13589717861364387 0.002271910889412747 0.00594743302190998] 10 14798.25096487999s
2022-07-16 07:52:13.006993 (1.0, 100000.0, 23, 10.0, 0.3, 0.2945, 2.0, 3) [0.13877294381075123 0.003583309158540926 0.00683559023609462] 10 6442.9299030303955s
2022-07-16 11:15:04.894137 (1.0, 100000.0, 24, 10.0, 0.3, 0.2948, 2.0, 3) [0.13625036488121103 0.002570703251696022 0.005864828059409219] 10 14209.828708648682s
2022-07-16 15:04:58.836883 (1.0, 100000.0, 24, 10.0, 0.3, 0.2948, 2.0, 3) [0.13585437692242547 0.003574777308574472 0.005964556340623705] 10 13793.922703027725s
2022-07-16 19:00:04.215401 (1.0, 100000.0, 24, 10.0, 0.3, 0.2948, 2.0, 3) [0.13367892721609434 0.0025163214158333684 0.0066205941707737324] 10 14105.37308716774s
2022-07-16 22:54:18.653946 (1.0, 100000.0, 24, 10.0, 0.3, 0.2948, 2.0, 3) [0.13273951511628254 0.00362758081566843 0.006907226125000751] 10 14054.421778917313s
2022-07-16 23:36:59.582782 (1.0, 100000.0, 23, 10.0, 0.3, 0.2945, 2.0, 3) [0.1383617638334155 0.002327518449223141 0.006959545776768012] 10 56686.57333111763s
2022-07-17 02:45:08.018716 (1.0, 100000.0, 24, 10.0, 0.3, 0.2948, 2.0, 3) [0.13257127074009292 0.003808005304493505 0.006985240426603663] 10 13849.362240314484s
2022-07-17 06:36:39.102912 (1.0, 100000.0, 24, 10.0, 0.3, 0.2948, 2.0, 3) [0.134152730257069 0.003736086087537803 0.006472090021088997] 10 13891.081530094147s
2022-07-17 10:25:37.142455 (1.0, 100000.0, 24, 10.0, 0.3, 0.294, 2.0, 3) [0.13411821125717438 0.004390943906704155 0.006480667216576685] 10 13724.538114309311s
2022-07-17 14:12:54.105258 (1.0, 100000.0, 24, 10.0, 0.3, 0.294, 2.0, 3) [0.13296477289148742 0.003896994969560215 0.006841885840154125] 10 13636.94106388092s
2022-07-17 18:00:07.282814 (1.0, 100000.0, 24, 10.0, 0.3, 0.294, 2.0, 3) [0.13680712240029858 0.0036461002260239762 0.005700118421714719] 10 13633.175196647644s
2022-07-17 19:47:09.609094 (1.0, 100000.0, 23, 10.0, 0.3, 0.295, 2.0, 3) [0.1410725771453655 0.002667863646762674 0.006157981321535278] 10 72605.83978128433s
2022-07-17 21:47:37.154637 (1.0, 100000.0, 24, 10.0, 0.3, 0.294, 2.0, 3) [0.13690060963336287 0.0028262745175436322 0.0056709478080544965] 10 13649.869196891785s
2022-07-18 01:36:52.875041 (1.0, 100000.0, 24, 10.0, 0.3, 0.294, 2.0, 3) [0.13441246398708712 0.0018056701068981233 0.006381828266760512] 10 13755.716710805893s
2022-07-18 05:25:56.777794 (1.0, 100000.0, 24, 10.0, 0.3, 0.294, 2.0, 3) [0.13640224641091653 0.004939378611936235 0.005813991997533471] 10 13743.900570392609s
2022-07-18 09:16:50.219327 (1.0, 100000.0, 24, 10.0, 0.3, 0.294, 2.0, 3) [0.13543414941178217 0.0029750440414687833 0.006094525497034589] 10 13853.439038515091s
2022-07-18 13:05:05.214141 (1.0, 100000.0, 24, 10.0, 0.3, 0.294, 2.0, 3) [0.13578133211153964 0.003115433947642295 0.005979585420735364] 10 13694.965564012527s
2022-07-18 16:54:39.439017 (1.0, 100000.0, 24, 10.0, 0.3, 0.294, 2.0, 3) [0.13605704723631662 0.0030349677901698436 0.0059262323132330975] 10 13774.222409248352s
2022-07-18 20:46:56.905140 (1.0, 100000.0, 24, 10.0, 0.3, 0.294, 2.0, 3) [0.13250006885059112 0.0035007635728381355 0.00700134351195323] 10 13937.463635206223s
2022-07-18 23:42:24.927274 (1.0, 100000.0, 23, 10.0, 0.3, 0.295, 2.0, 3) [0.13985211177953857 0.0046692460673349945 0.006506560385441097] 10 100515.30969977379s
2022-07-19 00:32:36.283330 (1.0, 100000.0, 24, 10.0, 0.3, 0.2945, 2.0, 3) [0.13317222887396402 0.002713288577057274 0.0067823858020546485] 10 13535.307726860046s
2022-07-19 04:16:50.740531 (1.0, 100000.0, 24, 10.0, 0.3, 0.2945, 2.0, 3) [0.13567788619800764 0.004334733572898119 0.006019553406346587] 10 13454.452367782593s
2022-07-19 08:08:26.132141 (1.0, 100000.0, 24, 10.0, 0.3, 0.2945, 2.0, 3) [0.13116839999846744 0.003751865495653178 0.007440950192883544] 10 13895.389404773712s
2022-07-19 20:27:22.910762 (1.0, 100000.0, 23, 10.0, 0.3, 0.295, 2.0, 3) [0.14209380625133528 0.0031028542777280263 0.005892125002416732] 10 74697.9784219265s
2022-07-20 03:09:09.542633 (1.0, 100000.0, 24, 10.0, 0.3, 0.2945, 2.0, 3) [0.13448480462415224 0.004073539450977145 0.006372799421109196] 10 68443.40788340569s
2022-07-20 07:02:06.105045 (1.0, 100000.0, 24, 10.0, 0.3, 0.2945, 2.0, 3) [0.13552101966978572 0.0035843577047317784 0.0060692229954581785] 10 13976.549545288086s
2022-07-20 10:56:51.244888 (1.0, 100000.0, 24, 10.0, 0.3, 0.2945, 2.0, 3) [0.13600292571906897 0.002197906183766569 0.0059218258947184915] 10 14085.123541116714s
2022-07-20 14:46:00.203895 (1.0, 100000.0, 24, 10.0, 0.3, 0.2945, 2.0, 3) [0.13357776026703824 0.0035592550061181575 0.006645380499394436] 10 13748.938544750214s
2022-07-20 18:39:36.076689 (1.0, 100000.0, 24, 10.0, 0.3, 0.2945, 2.0, 3) [0.13513556566420426 0.003169270184949903 0.00616691410841164] 10 14015.869624614716s
2022-07-20 22:28:29.123915 (1.0, 100000.0, 24, 10.0, 0.3, 0.2945, 2.0, 3) [0.1379091291314668 0.0023107657964068994 0.00543169157099498] 10 13733.026302099228s
2022-07-21 00:16:02.164614 (1.0, 100000.0, 23, 10.0, 0.3, 0.295, 2.0, 3) [0.1434181793206737 0.003867534217746758 0.0055449286981194765] 10 100119.23127102852s
2022-07-21 02:25:26.959875 (1.0, 100000.0, 24, 10.0, 0.3, 0.2945, 2.0, 3) [0.13812228155740908 0.0032195022292047697 0.005368505570895958] 10 14217.811228990555s
2022-07-22 00:03:57.623017 (1.0, 100000.0, 23, 10.0, 0.3, 0.295, 2.0, 3) [0.13752820493177653 0.004515606773652505 0.0072413879511419085] 10 85675.44718337059s
2022-07-22 16:58:40.028944 (1.0, 100000.0, 23, 10.0, 0.3, 0.295, 2.0, 3) [0.1391116315904717 0.0022882392641300655 0.0067178636122432744] 10 60882.36837053299s
2022-07-23 18:25:22.411788 (1.0, 100000.0, 23, 10.0, 0.3, 0.295, 2.0, 3) [0.13685494839970694 0.003216610177051865 0.007468247505258033] 10 91602.36185359955s
2022-07-24 08:30:00.437040 (1.0, 100000.0, 23, 10.0, 0.3, 0.295, 2.0, 3) [0.13814428001967288 0.002887034496329595 0.007031434529412356] 10 50678.02266287804s
