2022-04-18 08:05:30.860079 (1.0, 100000.0, 11, 10.0, 0.3, 0.319, 2.0, 3) [0.24898474242255453 0.006160980177988378 0.01704226549666028] 3 519.7878956794739s
2022-04-18 08:14:18.828585 (1.0, 100000.0, 14, 10.0, 0.3, 0.297, 2.0, 3) [0.2238653221414381 0.004049686750424479 0.0077212698083643835] 3 1047.7527902126312s
2022-04-18 08:15:25.349142 (1.0, 100000.0, 11, 10.0, 0.3, 0.319, 2.0, 3) [0.25005079823832055 0.005317754918303783 0.01665624208893571] 3 594.4866125583649s
2022-04-18 08:19:35.646185 (1.0, 100000.0, 15, 10.0, 0.3, 0.297, 2.0, 3) [0.21171017028954298 0.0031790895820891785 0.007104353628364747] 3 1364.5775985717773s
2022-04-18 08:22:17.343264 (1.0, 100000.0, 10, 10.0, 0.3, 0.285, 2.0, 3) [0.3282947541133044 0.005452670720109043 0.005777103450533175] 3 1526.2753517627716s
2022-04-18 08:23:34.230677 (1.0, 100000.0, 11, 10.0, 0.3, 0.319, 2.0, 3) [0.24526107352777582 0.006471181128109849 0.018483967954665396] 3 488.8797070980072s
2022-04-18 08:31:17.735819 (1.0, 100000.0, 11, 10.0, 0.3, 0.305, 2.0, 3) [0.2692815380020272 0.004306630136373089 0.010938342491921412] 3 459.73281621932983s
2022-04-18 08:31:37.436892 (1.0, 100000.0, 16, 10.0, 0.3, 0.292, 2.0, 3) [0.20594982589715555 0.003529727796851619 0.005603324532971848] 3 2094.3119044303894s
2022-04-18 08:31:38.693071 (1.0, 100000.0, 14, 10.0, 0.3, 0.297, 2.0, 3) [0.2223013779910439 0.008720329767134131 0.008061240990220682] 3 1039.8623383045197s
2022-04-18 08:32:17.418767 (1.0, 100000.0, 10, 10.0, 0.3, 0.285, 2.0, 3) [0.32463024583077194 0.00401813199602415 0.006207423509984498] 3 600.0720241069794s
2022-04-18 08:38:11.258005 (1.0, 100000.0, 11, 10.0, 0.3, 0.305, 2.0, 3) [0.26655771853496385 0.004735724991011589 0.01160761979619972] 3 413.5200686454773s
2022-04-18 08:41:49.749942 (1.0, 100000.0, 15, 10.0, 0.3, 0.297, 2.0, 3) [0.21080222912409471 0.004220346590919582 0.007295911121585112] 3 1334.1016750335693s
2022-04-18 08:45:15.501506 (1.0, 100000.0, 11, 10.0, 0.3, 0.305, 2.0, 3) [0.26904051768385956 0.002708954970328218 0.01099660027285283] 3 424.24124550819397s
2022-04-18 08:49:10.647792 (1.0, 100000.0, 14, 10.0, 0.3, 0.297, 2.0, 3) [0.22223547702759006 0.003687492344946001 0.008069645089853557] 3 1051.9491999149323s
2022-04-18 08:53:20.491687 (1.0, 100000.0, 11, 10.0, 0.3, 0.3, 2.0, 3) [0.27720605811136845 0.0035698554561126093 0.009178283423380704] 3 481.500860452652s
2022-04-18 09:00:40.145108 (1.0, 100000.0, 11, 10.0, 0.3, 0.3, 2.0, 3) [0.27517660256536985 0.0034195485587408033 0.009607632609968815] 3 439.65111446380615s
2022-04-18 09:00:50.661428 (1.0, 100000.0, 12, 10.0, 0.3, 0.285, 2.0, 3) [0.27556827406774304 0.0066769917307908724 0.0054843859541052675] 3 3839.5987215042114s
2022-04-18 09:01:55.902019 (1.0, 100000.0, 10, 10.0, 0.3, 0.285, 2.0, 3) [0.3262153931018962 0.004788406236110263 0.006028374558170996] 3 1778.4810285568237s
2022-04-18 09:03:31.510083 (1.0, 100000.0, 16, 10.0, 0.3, 0.292, 2.0, 3) [0.20471189540350554 0.00404580888509943 0.005821242630259747] 3 1914.0712740421295s
2022-04-18 09:04:17.576552 (1.0, 100000.0, 15, 10.0, 0.3, 0.297, 2.0, 3) [0.21190388050394995 0.004164521427477696 0.007074917896532955] 3 1347.8242230415344s
2022-04-18 09:06:53.181618 (1.0, 100000.0, 14, 10.0, 0.3, 0.305, 2.0, 3) [0.21117838438424627 0.003329900381955641 0.010984729459120907] 3 1058.8210587501526s
2022-04-18 09:07:40.792539 (1.0, 100000.0, 11, 10.0, 0.3, 0.3, 2.0, 3) [0.27510681657725156 0.004164862864609614 0.009593153279676785] 3 420.64512848854065s
2022-04-18 09:14:57.475158 (1.0, 100000.0, 10, 10.0, 0.3, 0.299, 2.0, 3) [0.3033091996498084 0.0060361713779693935 0.009515991431264572] 3 777.5568201541901s
2022-04-18 09:15:03.497184 (1.0, 100000.0, 11, 10.0, 0.3, 0.307, 2.0, 3) [0.2672469987894031 0.0061671425213435434 0.011433082009338229] 3 438.8606638908386s
2022-04-18 09:22:08.586169 (1.0, 100000.0, 11, 10.0, 0.3, 0.307, 2.0, 3) [0.2646604930744972 0.003386424563241262 0.012096436636684858] 3 425.08734488487244s
2022-04-18 09:23:41.150756 (1.0, 100000.0, 14, 10.0, 0.3, 0.305, 2.0, 3) [0.2148120928882523 0.0036384559475984694 0.00996264557314872] 3 1007.9667065143585s
2022-04-18 09:29:07.222428 (1.0, 100000.0, 11, 10.0, 0.3, 0.307, 2.0, 3) [0.26961671526035214 0.0035246454124016786 0.010882745643701154] 3 418.634140253067s
2022-04-18 09:30:42.009837 (1.0, 100000.0, 12, 10.0, 0.3, 0.285, 2.0, 3) [0.27726590507680615 0.0040445759862584845 0.0052643998443903505] 3 1791.346200466156s
2022-04-18 09:33:39.657554 (1.0, 100000.0, 16, 10.0, 0.3, 0.292, 2.0, 3) [0.2061110283656873 0.00421147369369186 0.0055593731595893585] 3 1808.1421067714691s
2022-04-18 09:35:03.682204 (1.0, 100000.0, 15, 10.0, 0.3, 0.299, 2.0, 3) [0.2058011839550376 0.0029977187389377763 0.008473316462100398] 3 1842.416448354721s
2022-04-18 09:36:43.612554 (1.0, 100000.0, 11, 10.0, 0.3, 0.312, 2.0, 3) [0.2605098751316535 0.0042117174247925035 0.013219467002577647] 3 452.91251945495605s
2022-04-18 09:38:31.278139 (1.0, 100000.0, 10, 10.0, 0.3, 0.299, 2.0, 3) [0.3055757184771075 0.0043152838996155995 0.009072406265394201] 3 1413.8010501861572s
2022-04-18 09:43:37.946895 (1.0, 100000.0, 11, 10.0, 0.3, 0.312, 2.0, 3) [0.2632066751833206 0.005113105043207284 0.012493915491729528] 3 414.33239817619324s
2022-04-18 09:45:14.163601 (1.0, 100000.0, 14, 10.0, 0.3, 0.305, 2.0, 3) [0.21100601564304608 0.004285759486050057 0.01105526946884368] 3 1293.0096228122711s
2022-04-18 09:50:30.938803 (1.0, 100000.0, 11, 10.0, 0.3, 0.312, 2.0, 3) [0.25872566721570295 0.004149402619953404 0.01379700092198304] 3 412.9897692203522s
2022-04-18 09:54:50.833754 (1.0, 100000.0, 12, 10.0, 0.3, 0.285, 2.0, 3) [0.275631566157854 0.004082042929263487 0.005476684582036204] 3 1448.8219230175018s
2022-04-18 09:58:48.000686 (1.0, 100000.0, 11, 10.0, 0.3, 0.297, 2.0, 3) [0.27922887000984775 0.0044132758169134565 0.008778925994714406] 3 493.37832021713257s
2022-04-18 10:02:48.874636 (1.0, 100000.0, 16, 10.0, 0.3, 0.3, 2.0, 3) [0.1931155402124269 0.004457219417228918 0.008420103431583819] 3 1745.6210865974426s
2022-04-18 10:04:48.000514 (1.0, 100000.0, 10, 10.0, 0.3, 0.299, 2.0, 3) [0.29903373139938955 0.005407145203428619 0.010331058200642599] 3 1576.7200968265533s
2022-04-18 10:06:19.711042 (1.0, 100000.0, 11, 10.0, 0.3, 0.297, 2.0, 3) [0.2771574254117717 0.0041748389116139884 0.009191390445804387] 3 451.70842695236206s
2022-04-18 10:08:44.648970 (1.0, 100000.0, 14, 10.0, 0.3, 0.312, 2.0, 3) [0.20938779093687968 0.0049211025703151485 0.011604699099963518] 3 1406.8981251716614s
2022-04-18 10:14:39.243049 (1.0, 100000.0, 11, 10.0, 0.3, 0.297, 2.0, 3) [0.2833384273851034 0.0037335714926299626 0.008034964611976909] 3 499.52985978126526s
2022-04-18 10:16:16.558880 (1.0, 100000.0, 15, 10.0, 0.3, 0.299, 2.0, 3) [0.2054818049226834 0.0029704486455098943 0.008557049124821131] 3 2472.8743681907654s
2022-04-18 10:22:24.364991 (1.0, 100000.0, 11, 10.0, 0.3, 0.292, 2.0, 3) [0.29032113952794353 0.004669793083517244 0.0069092130520931605] 3 461.50008153915405s
2022-04-18 10:26:38.962673 (1.0, 100000.0, 10, 10.0, 0.3, 0.297, 2.0, 3) [0.3059480813955747 0.0032293991539182223 0.009020943559481411] 3 1307.2785704135895s
2022-04-18 10:29:21.656394 (1.0, 100000.0, 11, 10.0, 0.3, 0.292, 2.0, 3) [0.2897053998446027 0.004191734476612726 0.006989684474365038] 3 417.2894310951233s
2022-04-18 10:30:48.025932 (1.0, 100000.0, 14, 10.0, 0.3, 0.312, 2.0, 3) [0.20154421831584562 0.005691676437648052 0.014384729811616662] 3 1323.3748908042908s
2022-04-18 10:31:25.537596 (1.0, 100000.0, 16, 10.0, 0.3, 0.3, 2.0, 3) [0.1970840548688192 0.005606606512605017 0.007427983783998599] 3 1716.6610760688782s
2022-04-18 10:37:12.139272 (1.0, 100000.0, 11, 10.0, 0.3, 0.292, 2.0, 3) [0.2879311321991976 0.005899122568091912 0.007268315020730627] 3 470.48087906837463s
2022-04-18 10:43:37.141430 (1.0, 100000.0, 15, 10.0, 0.3, 0.299, 2.0, 3) [0.20506094210018647 0.004689971790373958 0.008652537746818149] 3 1640.5803084373474s
2022-04-18 10:45:31.870324 (1.0, 100000.0, 11, 10.0, 0.3, 0.285, 2.0, 3) [0.29856242091492186 0.004087597941797999 0.005749351679454262] 3 496.43435978889465s
2022-04-18 10:53:11.855948 (1.0, 100000.0, 11, 10.0, 0.3, 0.285, 2.0, 3) [0.30063063971569404 0.004293324991193463 0.0054906064736806835] 3 459.9837872982025s
2022-04-18 11:00:49.558591 (1.0, 100000.0, 16, 10.0, 0.3, 0.3, 2.0, 3) [0.19705564329030817 0.005212926524595955 0.007460570679790572] 3 1764.0190346240997s
2022-04-18 11:00:52.014349 (1.0, 100000.0, 11, 10.0, 0.3, 0.285, 2.0, 3) [0.2983552075557757 0.003039161178884371 0.005768599221024615] 3 460.1562669277191s
2022-04-18 11:06:20.233287 (1.0, 100000.0, 15, 10.0, 0.3, 0.3, 2.0, 3) [0.20554838374201476 0.002739676498715008 0.008520341795077064] 3 1359.1200633049011s
2022-04-18 11:09:02.088683 (1.0, 100000.0, 11, 10.0, 0.3, 0.302, 2.0, 3) [0.27198115329231315 0.00521616829186057 0.010289050761897131] 3 486.3999354839325s
2022-04-18 11:11:10.304425 (1.0, 100000.0, 10, 10.0, 0.3, 0.297, 2.0, 3) [0.3053582884394543 0.00492253104959388 0.009130389064677138] 3 2671.3397245407104s
2022-04-18 11:16:53.760255 (1.0, 100000.0, 11, 10.0, 0.3, 0.302, 2.0, 3) [0.2755654298670155 0.005020251959850428 0.00953135175120252] 3 471.6696021556854s
2022-04-18 11:23:11.114331 (1.0, 100000.0, 14, 10.0, 0.3, 0.312, 2.0, 3) [0.20055333168884987 0.0025630431182476023 0.014784012901142505] 3 3143.0860936641693s
2022-04-18 11:24:48.817007 (1.0, 100000.0, 11, 10.0, 0.3, 0.302, 2.0, 3) [0.27094518457273925 0.004164112832281703 0.010523320165455674] 3 475.0545735359192s
2022-04-18 11:28:19.983534 (1.0, 100000.0, 15, 10.0, 0.3, 0.3, 2.0, 3) [0.2036248427851337 0.004790446647658007 0.009027580814181937] 3 1319.7482407093048s
2022-04-18 11:31:39.269440 (1.0, 100000.0, 16, 10.0, 0.3, 0.312, 2.0, 3) [0.17813246531089227 0.003271541783616422 0.013586266482871643] 3 1846.4727540016174s
2022-04-18 11:33:21.830910 (1.0, 100000.0, 11, 10.0, 0.3, 0.299, 2.0, 3) [0.2808721524450054 0.005530784846523362 0.008477587112561259] 3 509.36250591278076s
2022-04-18 11:40:40.645167 (1.0, 100000.0, 14, 10.0, 0.3, 0.299, 2.0, 3) [0.22034911580828667 0.006591217231738018 0.008511888002872926] 3 1045.8003947734833s
2022-04-18 11:41:55.680498 (1.0, 100000.0, 11, 10.0, 0.3, 0.299, 2.0, 3) [0.27833808168668 0.004649445246399012 0.00896642083864396] 3 513.8476231098175s
2022-04-18 11:49:35.010008 (1.0, 100000.0, 11, 10.0, 0.3, 0.299, 2.0, 3) [0.28214154408246683 0.004278216486540217 0.008253086665188699] 3 459.32737374305725s
2022-04-18 11:50:47.946814 (1.0, 100000.0, 15, 10.0, 0.3, 0.3, 2.0, 3) [0.20823262573236292 0.004822830545569816 0.00790516206324512] 3 1347.9609117507935s
2022-04-18 11:59:39.524012 (1.0, 100000.0, 10, 10.0, 0.3, 0.297, 2.0, 3) [0.3085255067459492 0.0063905711174730715 0.008560419556214992] 3 2909.2174196243286s
2022-04-18 12:03:37.235619 (1.0, 100000.0, 16, 10.0, 0.3, 0.312, 2.0, 3) [0.18057786705456 0.004521007640491236 0.01257988246658305] 3 1917.964286327362s
2022-04-18 12:05:20.153772 (1.0, 100000.0, 14, 10.0, 0.3, 0.299, 2.0, 3) [0.22217628129188588 0.0040831934075742276 0.008102024852064437] 3 1479.5065071582794s
2022-04-18 12:13:47.227445 (1.0, 100000.0, 15, 10.0, 0.3, 0.305, 2.0, 3) [0.1991100993715467 0.0033643730655730218 0.010363018430941947] 3 1374.995510816574s
2022-04-18 12:23:16.352480 (1.0, 100000.0, 14, 10.0, 0.3, 0.299, 2.0, 3) [0.22332978936649933 0.003208970280765989 0.007846762730770932] 3 1076.1964983940125s
2022-04-18 12:35:00.749166 (1.0, 100000.0, 16, 10.0, 0.3, 0.312, 2.0, 3) [0.17359223716954314 0.0026072522991142095 0.015671260112913157] 3 1883.511605501175s
2022-04-18 12:36:42.392363 (1.0, 100000.0, 15, 10.0, 0.3, 0.305, 2.0, 3) [0.20068997608759986 0.004340337906457122 0.009882116252168479] 3 1375.1629495620728s
2022-04-18 12:39:37.145645 (1.0, 100000.0, 10, 10.0, 0.3, 0.305, 2.0, 3) [0.30244260574487464 0.004630025049839943 0.009701191044866532] 3 2394.1464960575104s
2022-04-18 12:49:32.033512 (1.0, 100000.0, 14, 10.0, 0.3, 0.302, 2.0, 3) [0.2165569914845422 0.003240124323568081 0.009476461613098409] 3 1571.997144460678s
2022-04-18 12:59:34.796830 (1.0, 100000.0, 15, 10.0, 0.3, 0.305, 2.0, 3) [0.19837454408003966 0.003240172780029475 0.01059521126773795] 3 1372.4021871089935s
2022-04-18 13:06:49.122046 (1.0, 100000.0, 16, 10.0, 0.3, 0.305, 2.0, 3) [0.18700872150537365 0.003705725983674775 0.010263136002830523] 3 1904.2492558956146s
2022-04-18 13:07:04.702699 (1.0, 100000.0, 14, 10.0, 0.3, 0.302, 2.0, 3) [0.21657902384721311 0.00520790938379198 0.009456761023796634] 3 1052.6671307086945s
2022-04-18 13:19:47.778103 (1.0, 100000.0, 10, 10.0, 0.3, 0.305, 2.0, 3) [0.29068278876254816 0.004951845749974165 0.01220343733376192] 3 2410.630071401596s
2022-04-18 13:22:57.484266 (1.0, 100000.0, 15, 10.0, 0.3, 0.312, 2.0, 3) [0.19014967615733125 0.006329697064007816 0.013528778099736958] 3 1398.5828983783722s
2022-04-18 13:33:46.430729 (1.0, 100000.0, 14, 10.0, 0.3, 0.302, 2.0, 3) [0.21755025914216844 0.0033086472931784347 0.009207642367509577] 3 1601.725445985794s
2022-04-18 13:37:52.136916 (1.0, 100000.0, 16, 10.0, 0.3, 0.305, 2.0, 3) [0.1863706415866401 0.0030394026244308365 0.010453848200288524] 3 1863.0131242275238s
2022-04-18 13:45:45.510308 (1.0, 100000.0, 15, 10.0, 0.3, 0.312, 2.0, 3) [0.19234766775245443 0.003899289020127685 0.012711641765984948] 3 1368.023909330368s
2022-04-18 13:49:01.586246 (1.0, 100000.0, 10, 10.0, 0.3, 0.305, 2.0, 3) [0.2969746963887483 0.004140970647619799 0.010787123719232392] 3 1753.8058805465698s
2022-04-18 13:58:11.658540 (1.0, 100000.0, 14, 10.0, 0.3, 0.319, 2.0, 3) [0.19365216794144524 0.0032480608048795216 0.017957898529730256] 3 1461.4160478115082s
2022-04-18 14:08:30.257082 (1.0, 100000.0, 15, 10.0, 0.3, 0.312, 2.0, 3) [0.1926227939563987 0.004019771051386006 0.012595564491389313] 3 1364.7442178726196s
2022-04-18 14:08:31.153522 (1.0, 100000.0, 10, 10.0, 0.3, 0.3, 2.0, 3) [0.30242493650944136 0.004191315117201942 0.009663893163906317] 3 1165.7006430625916s
2022-04-18 14:09:38.549723 (1.0, 100000.0, 16, 10.0, 0.3, 0.305, 2.0, 3) [0.1838650547038375 0.002846893062997753 0.011294804641807123] 3 1906.4107549190521s
2022-04-18 14:15:30.079626 (1.0, 100000.0, 14, 10.0, 0.3, 0.319, 2.0, 3) [0.1945948060733207 0.003409843895059195 0.01748512680294935] 3 1038.4187428951263s
2022-04-18 14:18:06.075604 (1.0, 100000.0, 10, 10.0, 0.3, 0.3, 2.0, 3) [0.3053747148019583 0.007594660205377722 0.009125023223123226] 3 574.9200847148895s
2022-04-18 14:31:53.398381 (1.0, 100000.0, 15, 10.0, 0.3, 0.307, 2.0, 3) [0.19738977612212116 0.005867454795082124 0.010922163249951143] 3 1399.6952877044678s
2022-04-18 14:32:56.905234 (1.0, 100000.0, 10, 10.0, 0.3, 0.3, 2.0, 3) [0.3032156465453431 0.003123264713280028 0.009532862153988558] 3 890.8268203735352s
2022-04-18 14:41:11.911266 (1.0, 100000.0, 16, 10.0, 0.3, 0.302, 2.0, 3) [0.19224058180411457 0.0032795964170198666 0.008667700659864058] 3 1889.4774007797241s
2022-04-18 14:45:58.535415 (1.0, 100000.0, 10, 10.0, 0.3, 0.307, 2.0, 3) [0.2977202906599964 0.005095384498446226 0.010633617695096645] 3 778.0380434989929s
2022-04-18 14:49:41.205291 (1.0, 100000.0, 14, 10.0, 0.3, 0.319, 2.0, 3) [0.19633445710667544 0.0038028789899604712 0.016648355042174007] 3 2051.120443582535s
2022-04-18 14:54:18.765297 (1.0, 100000.0, 15, 10.0, 0.3, 0.307, 2.0, 3) [0.19669956261288177 0.003079683598571583 0.011121434531621751] 3 1345.3648018836975s
2022-04-18 14:54:37.123342 (1.0, 100000.0, 10, 10.0, 0.3, 0.307, 2.0, 3) [0.2950572767615275 0.002641841879241891 0.011223887865531537] 3 518.574462890625s
2022-04-18 15:04:36.187352 (1.0, 100000.0, 10, 10.0, 0.3, 0.307, 2.0, 3) [0.2923099759689605 0.005039622741866118 0.011817280428548987] 3 599.0611429214478s
2022-04-18 15:07:43.492672 (1.0, 100000.0, 14, 10.0, 0.3, 0.307, 2.0, 3) [0.21188807142057403 0.008316245061365444 0.010798871964706204] 3 1077.5425760746002s
2022-04-18 15:11:56.762706 (1.0, 100000.0, 10, 10.0, 0.3, 0.292, 2.0, 3) [0.3162137990139655 0.0027443307011928756 0.0073639509345022405] 3 436.83840322494507s
2022-04-18 15:12:31.555985 (1.0, 100000.0, 16, 10.0, 0.3, 0.302, 2.0, 3) [0.18833279322312677 0.003073610055017771 0.00981134791477272] 3 1879.6417899131775s
2022-04-18 15:16:39.259621 (1.0, 100000.0, 15, 10.0, 0.3, 0.307, 2.0, 3) [0.19803773111132633 0.00558766525251533 0.010699627990027955] 3 1340.4921395778656s
2022-04-18 15:17:15.790191 (1.0, 100000.0, 10, 10.0, 0.3, 0.292, 2.0, 3) [0.3184938182965018 0.005849756629784722 0.007021806112265834] 3 319.02513122558594s
2022-04-18 15:23:20.784850 (1.0, 100000.0, 10, 10.0, 0.3, 0.292, 2.0, 3) [0.31242367462459847 0.004715345545272349 0.007915995629077603] 3 364.99231457710266s
2022-04-18 15:25:05.788739 (1.0, 100000.0, 14, 10.0, 0.3, 0.307, 2.0, 3) [0.2146504503428161 0.00255421254050451 0.010020932174208049] 3 1042.29421377182s
2022-04-18 15:31:23.480396 (1.0, 100000.0, 10, 10.0, 0.3, 0.319, 2.0, 3) [0.27726597775664225 0.007223286644376996 0.016003183154781248] 3 479.21645736694336s
2022-04-18 15:37:50.205314 (1.0, 100000.0, 10, 10.0, 0.3, 0.319, 2.0, 3) [0.27776221708989796 0.0030160699989205332 0.015827161047081543] 3 386.7213337421417s
2022-04-18 15:40:03.903261 (1.0, 100000.0, 15, 10.0, 0.3, 0.319, 2.0, 3) [0.17821878581061695 0.005812335501885359 0.019271382719558503] 3 1400.7678062915802s
2022-04-18 15:43:49.088088 (1.0, 100000.0, 16, 10.0, 0.3, 0.302, 2.0, 3) [0.1921095075908937 0.004553723445455932 0.008729055891695075] 3 1877.5281114578247s
2022-04-18 15:43:53.688279 (1.0, 100000.0, 10, 10.0, 0.3, 0.319, 2.0, 3) [0.2800535724514617 0.0032514416762792994 0.015140814610017869] 3 363.48079228401184s
2022-04-18 15:47:04.636651 (1.0, 100000.0, 14, 10.0, 0.3, 0.307, 2.0, 3) [0.2107162720420646 0.004285287843918771 0.011162383949443784] 3 1318.8455090522766s
2022-04-18 15:53:38.603627 (1.0, 100000.0, 10, 10.0, 0.3, 0.302, 2.0, 3) [0.3006146293518109 0.0034464848141376324 0.010045323717521518] 3 580.8914289474487s
2022-04-18 16:02:34.610576 (1.0, 100000.0, 10, 10.0, 0.3, 0.302, 2.0, 3) [0.3045518766192148 0.005714637723363518 0.009265568321207566] 3 536.0050780773163s
2022-04-18 16:02:50.215048 (1.0, 100000.0, 15, 10.0, 0.3, 0.319, 2.0, 3) [0.18183150091427325 0.0032793157200169845 0.017353487882622115] 3 1366.30957198143s
2022-04-18 16:09:00.767595 (1.0, 100000.0, 14, 10.0, 0.3, 0.285, 2.0, 3) [0.2406907943563243 0.003923053609270276 0.0048208819197275606] 3 1312.0903899669647s
2022-04-18 16:13:23.226504 (1.0, 100000.0, 10, 10.0, 0.3, 0.302, 2.0, 3) [0.30470848020176644 0.008063227435832944 0.009261755756571179] 3 648.6135232448578s
2022-04-18 16:17:04.500028 (1.0, 100000.0, 16, 10.0, 0.3, 0.299, 2.0, 3) [0.19861971532388248 0.004493966438887053 0.007079344137033267] 3 1991.5659852027893s
2022-04-18 16:25:19.619651 (1.0, 100000.0, 15, 10.0, 0.3, 0.319, 2.0, 3) [0.1831549974574129 0.004561514557201166 0.01668344644739121] 3 1349.4024541378021s
2022-04-18 16:26:28.452343 (1.0, 100000.0, 10, 10.0, 0.3, 0.312, 2.0, 3) [0.28645622444035945 0.006152655995503429 0.013311156511185668] 3 781.4795789718628s
2022-04-18 16:32:24.295323 (1.0, 100000.0, 10, 10.0, 0.3, 0.312, 2.0, 3) [0.28586991518430666 0.003490577347556845 0.01343351372697041] 3 355.84116673469543s
2022-04-18 16:38:07.003320 (1.0, 100000.0, 10, 10.0, 0.3, 0.312, 2.0, 3) [0.2862611426681022 0.006057948772017997 0.013332287744049884] 3 342.7055199146271s
2022-04-18 16:40:28.375123 (1.0, 100000.0, 14, 10.0, 0.3, 0.285, 2.0, 3) [0.2416679103605741 0.003922266897377544 0.0046944791055499755] 3 1887.6054902076721s
2022-04-18 16:48:42.818857 (1.0, 100000.0, 15, 10.0, 0.3, 0.285, 2.0, 3) [0.229167136402137 0.004131506349588196 0.004225852488156583] 3 1399.3718328475952s
2022-04-18 16:52:10.225534 (1.0, 100000.0, 16, 10.0, 0.3, 0.299, 2.0, 3) [0.1929850175099516 0.0029765453272930617 0.008446726118354873] 3 2105.7237646579742s
2022-04-18 17:02:44.358514 (1.0, 100000.0, 14, 10.0, 0.3, 0.285, 2.0, 3) [0.24443494345654398 0.0035749758456100496 0.004352760086604428] 3 1335.9808135032654s
2022-04-18 17:11:16.587269 (1.0, 100000.0, 15, 10.0, 0.3, 0.285, 2.0, 3) [0.23112494741083506 0.0034091846606015175 0.003978234308417794] 3 1353.7660505771637s
2022-04-18 17:21:52.277857 (1.0, 100000.0, 14, 10.0, 0.3, 0.3, 2.0, 3) [0.22183994818281366 0.0049147673066335515 0.008183654852676475] 3 1142.2075715065002s
2022-04-18 17:23:55.612709 (1.0, 100000.0, 16, 10.0, 0.3, 0.299, 2.0, 3) [0.1972137706999522 0.00349044404270506 0.007401730340841485] 3 1905.3851084709167s
2022-04-18 17:33:52.965563 (1.0, 100000.0, 15, 10.0, 0.3, 0.285, 2.0, 3) [0.2251682105522933 0.006384662771128779 0.004748878449093505] 3 1356.3760681152344s
2022-04-18 17:38:49.773980 (1.0, 100000.0, 14, 10.0, 0.3, 0.3, 2.0, 3) [0.22134533115817334 0.0053416656884890295 0.00829048449356437] 3 1017.4936962127686s
2022-04-18 17:56:19.355754 (1.0, 100000.0, 16, 10.0, 0.3, 0.285, 2.0, 3) [0.21647726924971375 0.004325205611582402 0.003993712385483107] 3 1939.3946676254272s
2022-04-18 17:56:40.222546 (1.0, 100000.0, 15, 10.0, 0.3, 0.292, 2.0, 3) [0.21476510616851857 0.003625832229209618 0.006473769102411785] 3 1363.7458636760712s
2022-04-18 17:57:33.886219 (1.0, 100000.0, 14, 10.0, 0.3, 0.3, 2.0, 3) [0.2200288647918928 0.004211610532123318 0.008596417786857916] 3 1124.109668970108s
2022-04-18 18:18:28.977854 (1.0, 100000.0, 15, 10.0, 0.3, 0.292, 2.0, 3) [0.21873284249601602 0.0058533347363621865 0.005752304646932755] 3 1308.753074169159s
2022-04-18 18:18:51.556981 (1.0, 100000.0, 14, 10.0, 0.3, 0.292, 2.0, 3) [0.23121768290825695 0.003737483604576295 0.006274414336019291] 3 1274.0236463546753s
2022-04-18 18:27:11.078040 (1.0, 100000.0, 16, 10.0, 0.3, 0.285, 2.0, 3) [0.21395812349889584 0.003976218295774453 0.004329855590303917] 3 1851.720453262329s
2022-04-18 18:48:09.217020 (1.0, 100000.0, 14, 10.0, 0.3, 0.292, 2.0, 3) [0.22917465851040433 0.0047932617810280105 0.006667789734388008] 3 1757.6577546596527s
2022-04-18 18:49:01.539700 (1.0, 100000.0, 15, 10.0, 0.3, 0.292, 2.0, 3) [0.21332005092574624 0.0071831469929648 0.006750450779406924] 3 1832.5594611167908s
2022-04-18 18:59:21.939749 (1.0, 100000.0, 16, 10.0, 0.3, 0.285, 2.0, 3) [0.21159496701491518 0.009272254723334709 0.004657852071721002] 3 1930.8595068454742s
2022-04-18 19:05:24.409517 (1.0, 100000.0, 14, 10.0, 0.3, 0.292, 2.0, 3) [0.23276504792341374 0.00466953895963137 0.006035286880437442] 3 1035.1900081634521s
2022-04-18 19:12:06.242180 (1.0, 100000.0, 15, 10.0, 0.3, 0.302, 2.0, 3) [0.20171553883748994 0.004373106120273656 0.009553950822831427] 3 1378.7524752616882s
2022-04-18 19:31:55.481633 (1.0, 100000.0, 16, 10.0, 0.3, 0.319, 2.0, 3) [0.1691165412331603 0.003807537416800752 0.01812965162062] 3 1950.041913986206s
2022-04-18 19:34:11.246550 (1.0, 100000.0, 15, 10.0, 0.3, 0.302, 2.0, 3) [0.2047379950991889 0.004380993157723578 0.008773399439290196] 3 1325.0018200874329s
2022-04-18 19:35:33.178122 (1.0, 100000.0, 12, 10.0, 0.3, 0.3, 2.0, 3) [0.25100482975114413 0.004362924579645916 0.009852223254856313] 3 34838.493080854416s
2022-04-18 20:03:40.037432 (1.0, 100000.0, 16, 10.0, 0.3, 0.319, 2.0, 3) [0.1664602249058709 0.003014250256814878 0.01966655774686327] 3 1904.5540301799774s
2022-04-18 20:34:58.411018 (1.0, 100000.0, 16, 10.0, 0.3, 0.319, 2.0, 3) [0.1677372967448825 0.003132113841435012 0.01888481152165451] 3 1878.3714921474457s
2022-04-18 20:35:38.216660 (1.0, 100000.0, 15, 10.0, 0.3, 0.302, 2.0, 3) [0.20225820123822724 0.0026209066338675896 0.00942006299510733] 3 3686.9676706790924s
2022-04-18 21:44:15.765461 (1.0, 100000.0, 12, 10.0, 0.3, 0.3, 2.0, 3) [0.25732367725574673 0.0034871349111966956 0.008518722089475442] 3 7722.582309007645s
2022-04-18 22:32:12.831080 (1.0, 100000.0, 12, 10.0, 0.3, 0.3, 2.0, 3) [0.2556889416465811 0.005148959432747995 0.008827372092377663] 3 2877.060972213745s
2022-04-18 22:58:19.899142 (1.0, 100000.0, 12, 10.0, 0.3, 0.299, 2.0, 3) [0.25436188294029605 0.004251735989315379 0.009101584332384218] 3 1562.7025308609009s
2022-04-18 23:15:55.225316 (1.0, 100000.0, 12, 10.0, 0.3, 0.299, 2.0, 3) [0.2600072469928369 0.004037299001020327 0.007995149122013915] 3 1055.2145624160767s
2022-04-19 00:07:01.092850 (1.0, 100000.0, 12, 10.0, 0.3, 0.299, 2.0, 3) [0.2592637178117636 0.005386216165147372 0.008134776005096643] 3 3065.6039435863495s
2022-04-19 00:32:29.853308 (1.0, 100000.0, 12, 10.0, 0.3, 0.302, 2.0, 3) [0.2522071015199473 0.004480004595071029 0.00961352075146607] 3 1524.4856586456299s
2022-04-19 00:41:11.879006 (1.0, 100000.0, 16, 10.0, 0.3, 0.297, 2.0, 3) [0.19818235510796942 0.004036114514047759 0.007171216084039052] 3 14770.013455629349s
2022-04-19 00:51:56.109472 (1.0, 100000.0, 12, 10.0, 0.3, 0.302, 2.0, 3) [0.24959153488881203 0.008996046784133979 0.010225814048317614] 3 1166.2510795593262s
2022-04-19 01:06:12.698934 (1.0, 100000.0, 12, 10.0, 0.3, 0.302, 2.0, 3) [0.24735415782646278 0.004372483906714805 0.010773010446954591] 3 856.5850431919098s
2022-04-19 01:10:52.879022 (1.0, 100000.0, 16, 10.0, 0.3, 0.297, 2.0, 3) [0.19513272910237275 0.006431765267510488 0.007895808992026155] 3 1780.998049736023s
2022-04-19 01:17:15.275972 (1.0, 100000.0, 12, 10.0, 0.3, 0.292, 2.0, 3) [0.2688881097986388 0.004605999883836626 0.0064516484797939476] 3 658.2629239559174s
2022-04-19 01:27:47.004427 (1.0, 100000.0, 12, 10.0, 0.3, 0.292, 2.0, 3) [0.266673358448841 0.003865308336999485 0.006788008839398055] 3 631.7263374328613s
2022-04-19 01:38:08.401873 (1.0, 100000.0, 12, 10.0, 0.3, 0.292, 2.0, 3) [0.2663805676440292 0.004878820849893877 0.00682753498776537] 3 621.3952016830444s
2022-04-19 01:40:41.785462 (1.0, 100000.0, 16, 10.0, 0.3, 0.297, 2.0, 3) [0.19693649830462148 0.00234191229672732 0.007465441073942466] 3 1788.9043910503387s
2022-04-19 01:50:14.337212 (1.0, 100000.0, 12, 10.0, 0.3, 0.319, 2.0, 3) [0.2302813975659438 0.003253381094926321 0.016222570260988337] 3 721.4346477985382s
2022-04-19 02:13:47.939994 (1.0, 100000.0, 16, 10.0, 0.3, 0.307, 2.0, 3) [0.18301089752398791 0.0029202668468810335 0.011636585723668883] 3 1806.4863774776459s
2022-04-19 02:26:16.594224 (1.0, 100000.0, 12, 10.0, 0.3, 0.319, 2.0, 3) [0.230998512746914 0.0037640392835745075 0.01595103578799208] 3 2162.254834651947s
2022-04-19 02:43:57.640087 (1.0, 100000.0, 16, 10.0, 0.3, 0.307, 2.0, 3) [0.1831722074744587 0.003557375239775696 0.011547177766681512] 3 1809.6983687877655s
2022-04-19 02:46:48.013449 (1.0, 100000.0, 12, 10.0, 0.3, 0.319, 2.0, 3) [0.2298884275124894 0.004341829525030356 0.01637538619309428] 3 1231.4140229225159s
2022-04-19 02:56:56.406909 (1.0, 100000.0, 12, 10.0, 0.3, 0.312, 2.0, 3) [0.2381743564521452 0.0029588947442435805 0.013431272748901402] 3 604.2194631099701s
2022-04-19 03:07:19.472987 (1.0, 100000.0, 12, 10.0, 0.3, 0.312, 2.0, 3) [0.23823764515080464 0.009076032646281538 0.013434928001644796] 3 623.0641605854034s
2022-04-19 03:13:50.981498 (1.0, 100000.0, 16, 10.0, 0.3, 0.307, 2.0, 3) [0.18386481247586034 0.0048166096441658495 0.011315645685072595] 3 1793.3394756317139s
2022-04-19 03:19:22.438619 (1.0, 100000.0, 12, 10.0, 0.3, 0.312, 2.0, 3) [0.2380057135058692 0.004075111744279257 0.013465775214774477] 3 722.9632694721222s
2022-04-19 03:30:20.181217 (1.0, 100000.0, 12, 10.0, 0.3, 0.305, 2.0, 3) [0.24665565623916233 0.003742892899922599 0.010964364456195686] 3 654.2578036785126s
2022-04-19 03:40:03.807960 (1.0, 100000.0, 12, 10.0, 0.3, 0.305, 2.0, 3) [0.2519905107676539 0.005540513929813894 0.009668851613966257] 3 583.6246795654297s
2022-04-19 03:50:01.034502 (1.0, 100000.0, 12, 10.0, 0.3, 0.305, 2.0, 3) [0.24727946453433364 0.005944241968234873 0.010803267466982673] 3 597.224502325058s
2022-04-19 03:51:19.729712 (1.0, 100000.0, 13, 10.0, 0.3, 0.3, 2.0, 3) [0.23551105417493945 0.005054257350568379 0.008948183405610226] 3 71668.63038372993s
2022-04-19 04:03:48.184498 (1.0, 100000.0, 12, 10.0, 0.3, 0.307, 2.0, 3) [0.2466391195018913 0.004892538001857081 0.010991911131444565] 3 635.593752861023s
2022-04-19 04:20:18.170728 (1.0, 100000.0, 12, 10.0, 0.3, 0.307, 2.0, 3) [0.2484491428536709 0.005019202748153647 0.010525009060951681] 3 989.9842374324799s
2022-04-19 04:35:49.578450 (1.0, 100000.0, 12, 10.0, 0.3, 0.307, 2.0, 3) [0.24666362456894358 0.007320800498504288 0.010989405529758346] 3 931.4056122303009s
2022-04-19 05:07:40.383354 (1.0, 100000.0, 12, 10.0, 0.3, 0.297, 2.0, 3) [0.2607640301467016 0.006546725363414667 0.007823740071104137] 3 1703.3754847049713s
2022-04-19 05:27:36.528125 (1.0, 100000.0, 12, 10.0, 0.3, 0.297, 2.0, 3) [0.26262765446508446 0.007094397394407824 0.00748293228544477] 3 1196.1395018100739s
2022-04-19 05:41:13.372192 (1.0, 100000.0, 12, 10.0, 0.3, 0.297, 2.0, 3) [0.25562549964505177 0.005423741639752165 0.008831967085929072] 3 816.8396987915039s
2022-04-19 06:14:55.010593 (1.0, 100000.0, 13, 10.0, 0.3, 0.3, 2.0, 3) [0.23806887369631946 0.0038880148412474332 0.008380227530262244] 3 8615.278532505035s
2022-04-19 06:32:07.173690 (1.0, 100000.0, 13, 10.0, 0.3, 0.3, 2.0, 3) [0.23793877703173394 0.004845652289990953 0.00838969973637737] 3 1032.1571152210236s
