2022-04-24 13:01:24.656324 (1.0, 100000.0, 10, 10.0, 0.3, 0.292, 2.0, 3) [0.3186456763714953 0.0053713310597840475 0.0069940907022473745] 5 291.6788218021393s
2022-04-24 13:02:47.687513 (1.0, 100000.0, 11, 10.0, 0.3, 0.305, 2.0, 3) [0.2680641841516821 0.0052376754770601715 0.011231390290802466] 5 374.7173135280609s
2022-04-24 13:03:24.738101 (1.0, 100000.0, 12, 10.0, 0.3, 0.319, 2.0, 3) [0.22942862907621875 0.002168811676113481 0.016557246056908528] 5 411.8698205947876s
2022-04-24 13:05:55.217289 (1.0, 100000.0, 10, 10.0, 0.3, 0.292, 2.0, 3) [0.30790470285525834 0.005874792487249234 0.008643894632856418] 5 270.5550060272217s
2022-04-24 13:08:54.902035 (1.0, 100000.0, 11, 10.0, 0.3, 0.305, 2.0, 3) [0.26994087087012747 0.00270567049430505 0.01078468483380525] 5 367.20998525619507s
2022-04-24 13:09:14.742516 (1.0, 100000.0, 13, 10.0, 0.3, 0.299, 2.0, 3) [0.2398829265504493 0.004196253949287265 0.00798903458296586] 5 761.8422203063965s
2022-04-24 13:10:01.596840 (1.0, 100000.0, 12, 10.0, 0.3, 0.319, 2.0, 3) [0.22975663485810363 0.004207370698144853 0.016409079192951963] 5 396.85453486442566s
2022-04-24 13:10:24.361219 (1.0, 100000.0, 10, 10.0, 0.3, 0.292, 2.0, 3) [0.31930124137235805 0.004073269075471165 0.006917990962041371] 5 269.13880610466003s
2022-04-24 13:14:55.454522 (1.0, 100000.0, 10, 10.0, 0.3, 0.292, 2.0, 3) [0.3144625667670913 0.0069912917032633436 0.007614292662522212] 5 271.08862042427063s
2022-04-24 13:15:03.151384 (1.0, 100000.0, 11, 10.0, 0.3, 0.305, 2.0, 3) [0.2665904912830869 0.00778315694787034 0.011576317986693174] 5 368.2468292713165s
2022-04-24 13:16:38.953504 (1.0, 100000.0, 12, 10.0, 0.3, 0.319, 2.0, 3) [0.2297660918925541 0.003308878384374874 0.01643165204083175] 5 397.3530023097992s
2022-04-24 13:19:27.621483 (1.0, 100000.0, 10, 10.0, 0.3, 0.292, 2.0, 3) [0.31720081548581824 0.008509828047625264 0.007197413369261291] 5 272.1633460521698s
2022-04-24 13:21:04.871794 (1.0, 100000.0, 11, 10.0, 0.3, 0.305, 2.0, 3) [0.2691999038773484 0.004546200475496675 0.0109348870938117] 5 361.71640515327454s
2022-04-24 13:21:21.083565 (1.0, 100000.0, 13, 10.0, 0.3, 0.299, 2.0, 3) [0.2370329942354676 0.005748771169044207 0.008590654386116944] 5 726.3365828990936s
2022-04-24 13:23:09.267201 (1.0, 100000.0, 12, 10.0, 0.3, 0.319, 2.0, 3) [0.2279989670768156 0.004163340732432791 0.017119758709154963] 5 390.3102226257324s
2022-04-24 13:26:51.500008 (1.0, 100000.0, 11, 10.0, 0.3, 0.305, 2.0, 3) [0.2691902366849879 0.007136475596125763 0.010950022355932468] 5 346.62400245666504s
2022-04-24 13:29:33.804344 (1.0, 100000.0, 12, 10.0, 0.3, 0.319, 2.0, 3) [0.2300370828119694 0.0045928804371203 0.0163228394644046] 5 384.5334117412567s
2022-04-24 13:32:13.106212 (1.0, 100000.0, 13, 10.0, 0.3, 0.299, 2.0, 3) [0.2375551328642947 0.0048087640407915196 0.008482018156101358] 5 652.0186440944672s
2022-04-24 13:34:08.372162 (1.0, 100000.0, 11, 10.0, 0.3, 0.299, 2.0, 3) [0.2784963543492245 0.0052426168355948185 0.00892409355969135] 5 432.58455896377563s
2022-04-24 13:36:31.676345 (1.0, 100000.0, 12, 10.0, 0.3, 0.285, 2.0, 3) [0.27437834961953533 0.006225356433474523 0.005639183195525315] 5 413.797598361969s
2022-04-24 13:39:52.406028 (1.0, 100000.0, 11, 10.0, 0.3, 0.299, 2.0, 3) [0.2815371988696843 0.00418197827884913 0.008361218133648157] 5 344.0313196182251s
2022-04-24 13:43:00.081215 (1.0, 100000.0, 13, 10.0, 0.3, 0.299, 2.0, 3) [0.24248991038729278 0.0053307372163035344 0.007484910354606988] 5 646.9723353385925s
2022-04-24 13:43:08.732039 (1.0, 100000.0, 12, 10.0, 0.3, 0.285, 2.0, 3) [0.2778742385980358 0.006374234268778719 0.005187649300837508] 5 397.0530676841736s
2022-04-24 13:45:36.723482 (1.0, 100000.0, 11, 10.0, 0.3, 0.299, 2.0, 3) [0.2766875751267475 0.004571211946443416 0.00929566419928061] 5 344.3141210079193s
2022-04-24 13:49:42.898820 (1.0, 100000.0, 12, 10.0, 0.3, 0.285, 2.0, 3) [0.2752638431954113 0.004764077930761555 0.005527284227784746] 5 394.16368532180786s
2022-04-24 13:51:23.326715 (1.0, 100000.0, 11, 10.0, 0.3, 0.299, 2.0, 3) [0.2779780604946284 0.003870175789925325 0.009036414519916148] 5 346.6001226902008s
2022-04-24 13:54:23.934124 (1.0, 100000.0, 13, 10.0, 0.3, 0.299, 2.0, 3) [0.23302049045279236 0.0066917195757736185 0.00952074296756124] 5 683.8502204418182s
2022-04-24 13:56:23.984338 (1.0, 100000.0, 12, 10.0, 0.3, 0.285, 2.0, 3) [0.2804918080993809 0.0048790382027148384 0.004888370236194914] 5 401.08325147628784s
2022-04-24 13:57:18.348993 (1.0, 100000.0, 11, 10.0, 0.3, 0.299, 2.0, 3) [0.27547843196418226 0.005645769263353267 0.00953765622145459] 5 355.01930952072144s
2022-04-24 14:03:02.260538 (1.0, 100000.0, 12, 10.0, 0.3, 0.285, 2.0, 3) [0.27637122918382195 0.007021869863620022 0.005375641480860396] 5 398.27341961860657s
2022-04-24 14:04:24.769339 (1.0, 100000.0, 11, 10.0, 0.3, 0.297, 2.0, 3) [0.2797692947718169 0.006052422313256926 0.008678340511994658] 5 421.89338541030884s
2022-04-24 14:06:44.173528 (1.0, 100000.0, 13, 10.0, 0.3, 0.312, 2.0, 3) [0.21968784845542133 0.00562245521338124 0.01347039172714652] 5 734.4376947879791s
2022-04-24 14:09:59.856245 (1.0, 100000.0, 11, 10.0, 0.3, 0.297, 2.0, 3) [0.28174662571277137 0.003614852989156766 0.00831256845238234] 5 335.0844542980194s
2022-04-24 14:10:44.594305 (1.0, 100000.0, 12, 10.0, 0.3, 0.3, 2.0, 3) [0.25113751664093387 0.005509318127035751 0.009825257052322298] 5 457.45091581344604s
2022-04-24 14:15:32.205449 (1.0, 100000.0, 11, 10.0, 0.3, 0.297, 2.0, 3) [0.28400398973749624 0.005117990611585976 0.007915042428485813] 5 332.3452982902527s
2022-04-24 14:17:10.928149 (1.0, 100000.0, 14, 10.0, 0.3, 0.312, 2.0, 3) [0.20171400805065673 0.0023799351725285046 0.014307210015025681] 5 4114.852672576904s
2022-04-24 14:17:37.278628 (1.0, 100000.0, 12, 10.0, 0.3, 0.3, 2.0, 3) [0.25172680226527855 0.006662551409769399 0.009703315940128994] 5 412.6818561553955s
2022-04-24 14:18:28.887240 (1.0, 100000.0, 13, 10.0, 0.3, 0.312, 2.0, 3) [0.22031140661477658 0.003292425796671031 0.013257977939000916] 5 704.7108774185181s
2022-04-24 14:21:08.795913 (1.0, 100000.0, 11, 10.0, 0.3, 0.297, 2.0, 3) [0.2814840778495976 0.0029919073663576376 0.008371110985547022] 5 336.58719873428345s
2022-04-24 14:22:58.089284 (1.0, 100000.0, 10, 10.0, 0.3, 0.285, 2.0, 3) [0.3276889745570497 0.003784448673111215 0.005848190770444167] 5 3638.2105419635773s
2022-04-24 14:24:29.263989 (1.0, 100000.0, 12, 10.0, 0.3, 0.3, 2.0, 3) [0.2519842230063608 0.003228340980175702 0.009658858321883925] 5 411.9819071292877s
2022-04-24 14:27:04.943421 (1.0, 100000.0, 11, 10.0, 0.3, 0.297, 2.0, 3) [0.2738530989036913 0.004974976546056989 0.00986195380585718] 5 356.1441044807434s
2022-04-24 14:27:32.230070 (1.0, 100000.0, 10, 10.0, 0.3, 0.285, 2.0, 3) [0.3208479641748326 0.005349348652311506 0.006681423604360584] 5 274.13710737228394s
2022-04-24 14:30:39.827721 (1.0, 100000.0, 13, 10.0, 0.3, 0.312, 2.0, 3) [0.21901485388468137 0.00441154471103023 0.013694301277789516] 5 730.9372551441193s
2022-04-24 14:31:16.150449 (1.0, 100000.0, 12, 10.0, 0.3, 0.3, 2.0, 3) [0.26005090274145504 0.0054234748624972596 0.007964996937289665] 5 406.8824293613434s
2022-04-24 14:37:53.620161 (1.0, 100000.0, 12, 10.0, 0.3, 0.3, 2.0, 3) [0.2557652071255473 0.0037471328842678788 0.008832042801166309] 5 397.4667024612427s
2022-04-24 14:38:52.379310 (1.0, 100000.0, 11, 10.0, 0.3, 0.3, 2.0, 3) [0.2706767477358064 0.004415028637476028 0.010576201700593717] 5 702.2438383102417s
2022-04-24 14:42:20.217599 (1.0, 100000.0, 13, 10.0, 0.3, 0.312, 2.0, 3) [0.2156372441896974 0.0031327104774415654 0.014939591139926368] 5 700.3866145610809s
2022-04-24 16:18:23.715567 (1.0, 100000.0, 14, 10.0, 0.3, 0.312, 2.0, 3) [0.20320099235678235 0.0032632717007350545 0.013756697960389716] 5 7272.783656358719s
2022-04-24 16:33:02.068480 (1.0, 100000.0, 14, 10.0, 0.3, 0.312, 2.0, 3) [0.2033920437227343 0.002067854152080208 0.01369946701094248] 5 878.3499352931976s
2022-04-24 16:34:50.664759 (1.0, 100000.0, 15, 10.0, 0.3, 0.292, 2.0, 3) [0.21540016687035776 0.004356244102995042 0.006361558512241234] 5 12374.644092082977s
2022-04-24 16:41:29.578083 (1.0, 100000.0, 16, 10.0, 0.3, 0.297, 2.0, 3) [0.19481658677096067 0.0027995900325909996 0.007962018081034732] 5 12773.682250499725s
2022-04-24 16:47:31.468217 (1.0, 100000.0, 14, 10.0, 0.3, 0.312, 2.0, 3) [0.20206338135746224 0.003900490207936188 0.014195717027594899] 5 869.3965184688568s
2022-04-24 16:54:36.356681 (1.0, 100000.0, 15, 10.0, 0.3, 0.292, 2.0, 3) [0.21514995975979628 0.003107552408291177 0.0063973471606287285] 5 1185.6893870830536s
2022-04-24 17:02:54.516635 (1.0, 100000.0, 14, 10.0, 0.3, 0.312, 2.0, 3) [0.2054154590192486 0.0038420052644805697 0.012930990445287829] 5 923.0448763370514s
2022-04-24 17:04:09.244479 (1.0, 100000.0, 16, 10.0, 0.3, 0.297, 2.0, 3) [0.19964653137574695 0.004690731849377979 0.006851692743361766] 5 1359.663825750351s
2022-04-24 17:16:28.521962 (1.0, 100000.0, 15, 10.0, 0.3, 0.292, 2.0, 3) [0.21739124433313828 0.004085911516367848 0.005986745483219157] 5 1312.1615085601807s
2022-04-24 17:40:31.443011 (1.0, 100000.0, 14, 10.0, 0.3, 0.305, 2.0, 3) [0.21394746625581182 0.004400848173536905 0.010195783671075546] 5 2247.01052069664s
2022-04-24 17:55:50.961817 (1.0, 100000.0, 14, 10.0, 0.3, 0.305, 2.0, 3) [0.21251579598964404 0.003862401068881431 0.010630871480433178] 5 919.5153374671936s
2022-04-24 17:56:01.917417 (1.0, 100000.0, 16, 10.0, 0.3, 0.297, 2.0, 3) [0.19560325025251574 0.003311205807328771 0.00779397214429342] 5 3112.6675293445587s
2022-04-24 18:06:07.039152 (1.0, 100000.0, 15, 10.0, 0.3, 0.292, 2.0, 3) [0.2198165713537045 0.003884954153290054 0.005582819072592682] 5 2978.5102586746216s
2022-04-24 18:11:56.255144 (1.0, 100000.0, 14, 10.0, 0.3, 0.305, 2.0, 3) [0.21208566441869958 0.0042337891681073925 0.010725748853549355] 5 965.2897939682007s
2022-04-24 18:20:41.414217 (1.0, 100000.0, 16, 10.0, 0.3, 0.297, 2.0, 3) [0.195599956238083 0.004772026043922066 0.007776716014887244] 5 1479.4936883449554s
2022-04-24 18:27:18.779994 (1.0, 100000.0, 15, 10.0, 0.3, 0.292, 2.0, 3) [0.2169241475168948 0.003704287850603275 0.006077910108501278] 5 1271.7378194332123s
2022-04-24 18:27:59.514862 (1.0, 100000.0, 14, 10.0, 0.3, 0.305, 2.0, 3) [0.21351257609803606 0.0026314464348478153 0.01031126223449255] 5 963.255758523941s
2022-04-24 18:43:59.344851 (1.0, 100000.0, 14, 10.0, 0.3, 0.305, 2.0, 3) [0.21355335258990044 0.003745267888444122 0.010286918079047249] 5 959.8261737823486s
2022-04-24 18:45:26.715429 (1.0, 100000.0, 16, 10.0, 0.3, 0.297, 2.0, 3) [0.19396393373349824 0.002477700072508143 0.008186965271405175] 5 1485.2985785007477s
2022-04-24 18:47:06.853834 (1.0, 100000.0, 15, 10.0, 0.3, 0.307, 2.0, 3) [0.19769614554473697 0.0033000700344988196 0.010801467159473301] 5 1179.7596113681793s
2022-04-24 18:58:59.417570 (1.0, 100000.0, 14, 10.0, 0.3, 0.307, 2.0, 3) [0.20933871165377924 0.0036785174325648456 0.011588016298382206] 5 894.9958081245422s
2022-04-25 04:34:26.969669 (1.0, 100000.0, 14, 10.0, 0.3, 0.307, 2.0, 3) [0.20925995712624496 0.002927372555198029 0.011616102974129903] 5 34527.54803991318s
2022-04-25 04:40:57.412420 (1.0, 100000.0, 15, 10.0, 0.3, 0.307, 2.0, 3) [0.19658911379932364 0.003485571771717201 0.011199229409570017] 5 35630.555872917175s
2022-04-25 04:44:41.158629 (1.0, 100000.0, 16, 10.0, 0.3, 0.302, 2.0, 3) [0.18617621835246573 0.0030726633063634756 0.0104845140672817] 5 35949.31257677078s
2022-04-25 04:49:43.833987 (1.0, 100000.0, 14, 10.0, 0.3, 0.307, 2.0, 3) [0.21074627321747674 0.004107348198538859 0.011136553647840138] 5 916.8596913814545s
2022-04-25 05:01:17.523406 (1.0, 100000.0, 15, 10.0, 0.3, 0.307, 2.0, 3) [0.19766013658621873 0.003045949913303426 0.010815239041878465] 5 1220.1064245700836s
2022-04-25 05:06:12.709736 (1.0, 100000.0, 14, 10.0, 0.3, 0.307, 2.0, 3) [0.21029997685830623 0.006165889131477758 0.011292865680565643] 5 988.8712553977966s
2022-04-25 05:10:24.352960 (1.0, 100000.0, 16, 10.0, 0.3, 0.302, 2.0, 3) [0.194206137440103 0.005002861760931282 0.008137900306410185] 5 1543.190556526184s
2022-04-25 05:21:37.758708 (1.0, 100000.0, 15, 10.0, 0.3, 0.307, 2.0, 3) [0.19432485559541957 0.003910227377198849 0.011936291600401785] 5 1220.2289884090424s
2022-04-25 05:22:42.328071 (1.0, 100000.0, 14, 10.0, 0.3, 0.307, 2.0, 3) [0.2126856680148545 0.006395125752192002 0.010559287995166537] 5 989.606650352478s
2022-04-25 05:36:07.884662 (1.0, 100000.0, 16, 10.0, 0.3, 0.302, 2.0, 3) [0.19156115815405814 0.005069356633972602 0.008840178091688376] 5 1543.527723789215s
2022-04-25 05:39:32.859622 (1.0, 100000.0, 14, 10.0, 0.3, 0.285, 2.0, 3) [0.24184081974089755 0.003983024399894372 0.004676086142281267] 5 1002.5274083614349s
2022-04-25 05:42:01.147733 (1.0, 100000.0, 15, 10.0, 0.3, 0.307, 2.0, 3) [0.19845688552371293 0.00439922692474008 0.010557111866931954] 5 1223.384830713272s
2022-04-25 05:56:19.863420 (1.0, 100000.0, 14, 10.0, 0.3, 0.285, 2.0, 3) [0.24169741976841289 0.004406816118090068 0.004701848594096967] 5 1006.9927377700806s
2022-04-25 06:01:58.384827 (1.0, 100000.0, 16, 10.0, 0.3, 0.302, 2.0, 3) [0.1862394017039084 0.0061212371267299545 0.010456794432513185] 5 1550.4961977005005s
2022-04-25 06:04:13.027282 (1.0, 100000.0, 15, 10.0, 0.3, 0.285, 2.0, 3) [0.22646852904538686 0.004401529748357947 0.00456086307158025] 5 1325.6290030479431s
2022-04-25 06:13:08.595514 (1.0, 100000.0, 14, 10.0, 0.3, 0.285, 2.0, 3) [0.2377563650730423 0.003734447417503415 0.00522456714660957] 5 1008.7266733646393s
2022-04-25 06:27:01.083509 (1.0, 100000.0, 15, 10.0, 0.3, 0.285, 2.0, 3) [0.22843778066809783 0.0026401974877416708 0.0043123457709389095] 5 1368.0515480041504s
2022-04-25 06:27:50.648526 (1.0, 100000.0, 16, 10.0, 0.3, 0.302, 2.0, 3) [0.18755230000669676 0.005466992160776731 0.010045009170153715] 5 1552.2535028457642s
2022-04-25 06:29:56.948815 (1.0, 100000.0, 14, 10.0, 0.3, 0.285, 2.0, 3) [0.2391307004620762 0.004879830082438028 0.005031111452420922] 5 1008.3429853916168s
2022-04-25 06:46:45.763024 (1.0, 100000.0, 14, 10.0, 0.3, 0.285, 2.0, 3) [0.24271653098157894 0.0034210414517706427 0.004567306230276719] 5 1008.808703660965s
2022-04-25 06:49:50.980291 (1.0, 100000.0, 15, 10.0, 0.3, 0.285, 2.0, 3) [0.22696168180480655 0.0039790515030548815 0.004500256799101478] 5 1369.8926639556885s
2022-04-25 06:53:39.639727 (1.0, 100000.0, 16, 10.0, 0.3, 0.319, 2.0, 3) [0.16574888941453103 0.004590722556785175 0.020106888610161282] 5 1539.8244915008545s
2022-04-25 07:02:40.219806 (1.0, 100000.0, 14, 10.0, 0.3, 0.3, 2.0, 3) [0.21978400349150215 0.004383214689755924 0.008648288862328962] 5 947.2266097068787s
2022-04-25 07:13:20.945165 (1.0, 100000.0, 15, 10.0, 0.3, 0.285, 2.0, 3) [0.22719838890416294 0.0029964775634806016 0.004469555907113133] 5 1409.9601831436157s
2022-04-25 07:18:27.978292 (1.0, 100000.0, 14, 10.0, 0.3, 0.3, 2.0, 3) [0.2174867100351536 0.0034837658489643352 0.009211788686693272] 5 947.7537319660187s
2022-04-25 07:19:13.842299 (1.0, 100000.0, 16, 10.0, 0.3, 0.319, 2.0, 3) [0.16712470773075946 0.0034243142493336413 0.0192475069459073] 5 1534.1982882022858s
2022-04-25 07:43:48.823696 (1.0, 100000.0, 16, 10.0, 0.3, 0.319, 2.0, 3) [0.16908487481487156 0.003828183205722462 0.018142702554528014] 5 1474.9776146411896s
2022-04-25 08:08:15.465439 (1.0, 100000.0, 16, 10.0, 0.3, 0.319, 2.0, 3) [0.16954790142906828 0.004635186966680514 0.017886883260433365] 5 1466.636997461319s
2022-04-25 08:32:42.247528 (1.0, 100000.0, 16, 10.0, 0.3, 0.319, 2.0, 3) [0.16920955873628832 0.003989305191937969 0.01805665616270889] 5 1466.7758157253265s
2022-04-25 08:43:57.767292 (1.0, 100000.0, 14, 10.0, 0.3, 0.3, 2.0, 3) [0.2180196411921345 0.00628553826674877 0.009083186124690132] 5 5129.785908699036s
2022-04-25 08:46:26.344039 (1.0, 100000.0, 15, 10.0, 0.3, 0.285, 2.0, 3) [0.22504750633209 0.0027068542635970217 0.004764383583985587] 5 5585.395142793655s
2022-04-25 08:57:08.273816 (1.0, 100000.0, 16, 10.0, 0.3, 0.307, 2.0, 3) [0.1840133296081226 0.003813372380984068 0.011266799487118956] 5 1459.340268611908s
2022-04-25 08:58:02.052038 (1.0, 100000.0, 14, 10.0, 0.3, 0.3, 2.0, 3) [0.2194333111871337 0.004730313653344676 0.008740720641208559] 5 844.277182340622s
2022-04-25 09:05:17.291817 (1.0, 100000.0, 15, 10.0, 0.3, 0.302, 2.0, 3) [0.20066913456484697 0.0017211653463011709 0.009878150445543795] 5 1123.7754509449005s
2022-04-25 09:11:52.560643 (1.0, 100000.0, 14, 10.0, 0.3, 0.3, 2.0, 3) [0.21572356817411992 0.002921620080094742 0.009677174386884473] 5 830.5052697658539s
2022-04-25 09:20:43.873680 (1.0, 100000.0, 16, 10.0, 0.3, 0.307, 2.0, 3) [0.18375765755062834 0.0047571294838690366 0.011357777687115517] 5 1415.5970079898834s
2022-04-25 09:23:52.652201 (1.0, 100000.0, 15, 10.0, 0.3, 0.302, 2.0, 3) [0.20250495578098543 0.0032546148740366493 0.009341596846155866] 5 1115.356571674347s
2022-04-25 09:26:49.768817 (1.0, 100000.0, 14, 10.0, 0.3, 0.302, 2.0, 3) [0.2180080611849095 0.003711755367369805 0.009100734482387761] 5 892.564774274826s
2022-04-25 09:41:36.453180 (1.0, 100000.0, 14, 10.0, 0.3, 0.302, 2.0, 3) [0.21290806714713825 0.007992776524322643 0.010485127817846109] 5 886.6815774440765s
2022-04-25 09:42:31.041618 (1.0, 100000.0, 15, 10.0, 0.3, 0.302, 2.0, 3) [0.20297152706726942 0.004745783687335257 0.009237959255566384] 5 1118.3824458122253s
2022-04-25 09:44:18.708005 (1.0, 100000.0, 16, 10.0, 0.3, 0.307, 2.0, 3) [0.18131334117571213 0.00445020447265253 0.01226868850765455] 5 1414.8305206298828s
2022-04-25 09:56:24.546255 (1.0, 100000.0, 14, 10.0, 0.3, 0.302, 2.0, 3) [0.22513140312591204 0.006224935963714271 0.007490631600486162] 5 888.089724779129s
2022-04-25 10:01:10.681662 (1.0, 100000.0, 15, 10.0, 0.3, 0.302, 2.0, 3) [0.20181236966850213 0.00432528964374978 0.009550019703007622] 5 1119.6373300552368s
2022-04-25 12:34:44.215269 (1.0, 100000.0, 16, 10.0, 0.3, 0.307, 2.0, 3) [0.18492268353812955 0.004239484759101005 0.010967379752381016] 5 10225.503424882889s
2022-04-25 12:38:56.965348 (1.0, 100000.0, 14, 10.0, 0.3, 0.302, 2.0, 3) [0.2184084057311155 0.003957313261798184 0.008998099498264111] 5 9752.415706157684s
2022-04-25 12:49:20.040082 (1.0, 100000.0, 15, 10.0, 0.3, 0.302, 2.0, 3) [0.20236688186918173 0.002891838082144354 0.009385366879956229] 5 10089.355386972427s
2022-04-25 12:55:49.767615 (1.0, 100000.0, 14, 10.0, 0.3, 0.302, 2.0, 3) [0.21566500140990238 0.003259515717475026 0.00969852185501073] 5 1012.7973890304565s
2022-04-25 12:56:56.420510 (1.0, 100000.0, 16, 10.0, 0.3, 0.307, 2.0, 3) [0.18464319569982995 0.0027582114046976647 0.01102876695024426] 5 1332.1822357177734s
2022-04-25 13:09:39.386822 (1.0, 100000.0, 15, 10.0, 0.3, 0.305, 2.0, 3) [0.19930450965269275 0.002637030440961346 0.010289029004614583] 5 1211.166188955307s
2022-04-25 13:12:50.848997 (1.0, 100000.0, 14, 10.0, 0.3, 0.297, 2.0, 3) [0.2231532765122449 0.0042093782608848595 0.007873297655940954] 5 948.3983328342438s
2022-04-25 13:23:44.481331 (1.0, 100000.0, 16, 10.0, 0.3, 0.285, 2.0, 3) [0.2123438713045788 0.004793951667190483 0.004553361442094988] 5 1602.1875672340393s
2022-04-25 13:36:32.886164 (1.0, 100000.0, 14, 10.0, 0.3, 0.297, 2.0, 3) [0.2234522761702653 0.004036078793450827 0.007808877751553378] 5 1422.03178524971s
2022-04-25 13:38:40.904690 (1.0, 100000.0, 15, 10.0, 0.3, 0.305, 2.0, 3) [0.1953333991469479 0.004753066178653688 0.01157511133214878] 5 1741.493272781372s
2022-04-25 14:16:57.516107 (1.0, 100000.0, 16, 10.0, 0.3, 0.285, 2.0, 3) [0.2116256729474819 0.0057017870801586955 0.004660478175399958] 5 3192.9561202526093s
2022-04-25 14:24:05.457961 (1.0, 100000.0, 15, 10.0, 0.3, 0.305, 2.0, 3) [0.2017962237578195 0.004494666887526805 0.009564234546864527] 5 2724.5494906902313s
2022-04-25 14:58:46.218317 (1.0, 100000.0, 14, 10.0, 0.3, 0.297, 2.0, 3) [0.2267189468054588 0.00824427673592574 0.007154396547830916] 5 4933.307234287262s
2022-04-25 16:37:35.431792 (1.0, 100000.0, 16, 10.0, 0.3, 0.285, 2.0, 3) [0.214812115516772 0.005282348962196865 0.004215501113070969] 5 8437.807655572891s
2022-04-25 16:47:53.355094 (1.0, 100000.0, 15, 10.0, 0.3, 0.305, 2.0, 3) [0.19649102988140918 0.005966069532490782 0.011175440885079935] 5 8627.893624782562s
2022-04-25 16:59:53.554989 (1.0, 100000.0, 16, 10.0, 0.3, 0.285, 2.0, 3) [0.21229687671293432 0.0042771091724089876 0.004560990695309771] 5 1338.0750935077667s
2022-04-25 17:07:37.637274 (1.0, 100000.0, 14, 10.0, 0.3, 0.297, 2.0, 3) [0.2218492153972582 0.004205598949145145 0.008168106400080064] 5 7731.399226903915s
2022-04-25 17:10:53.809062 (1.0, 100000.0, 15, 10.0, 0.3, 0.305, 2.0, 3) [0.19647735603052605 0.004369306394756405 0.011182491827259746] 5 1380.4307889938354s
2022-04-25 17:22:15.508499 (1.0, 100000.0, 16, 10.0, 0.3, 0.285, 2.0, 3) [0.21449469969997875 0.004103411572665933 0.004249760659821281] 5 1341.9490928649902s
2022-04-25 17:23:53.001888 (1.0, 100000.0, 14, 10.0, 0.3, 0.297, 2.0, 3) [0.22497954866037043 0.0035359309105585123 0.007486417933773013] 5 975.359913110733s
2022-04-25 17:32:16.170105 (1.0, 100000.0, 15, 10.0, 0.3, 0.319, 2.0, 3) [0.179335454568986 0.0033006212785353867 0.018693582656251654] 5 1216.5158743858337s
2022-04-25 17:43:28.940298 (1.0, 100000.0, 14, 10.0, 0.3, 0.319, 2.0, 3) [0.19517197950872087 0.0025225037710935533 0.01718349968332294] 5 985.8852999210358s
2022-04-25 17:47:20.713695 (1.0, 100000.0, 16, 10.0, 0.3, 0.292, 2.0, 3) [0.20572490613884356 0.006138619963430473 0.0056379867168333915] 5 1497.313111782074s
2022-04-25 20:23:54.417787 (1.0, 100000.0, 15, 10.0, 0.3, 0.319, 2.0, 3) [0.1840668603805186 0.004454429006983175 0.016308944909434932] 5 10298.244184494019s
2022-04-25 20:50:24.718790 (1.0, 100000.0, 14, 10.0, 0.3, 0.319, 2.0, 3) [0.19212126752366693 0.004273333727989937 0.018681583910416986] 5 11215.761840343475s
2022-04-25 21:02:56.175811 (1.0, 100000.0, 16, 10.0, 0.3, 0.292, 2.0, 3) [0.20238560477472378 0.004195964239330994 0.0062692753933166374] 5 11735.457859039307s
2022-04-25 21:06:18.801110 (1.0, 100000.0, 14, 10.0, 0.3, 0.319, 2.0, 3) [0.19354633262527593 0.008704809755291087 0.017988644806847014] 5 954.0556745529175s
2022-04-25 21:06:22.032525 (1.0, 100000.0, 15, 10.0, 0.3, 0.319, 2.0, 3) [0.17821417423694205 0.005393926791580843 0.01932059561288527] 5 2547.5789563655853s
2022-04-25 21:22:14.991726 (1.0, 100000.0, 14, 10.0, 0.3, 0.319, 2.0, 3) [0.19557696992053425 0.0053986803637050265 0.01700509302616493] 5 956.0003921985626s
2022-04-25 21:25:20.789275 (1.0, 100000.0, 16, 10.0, 0.3, 0.292, 2.0, 3) [0.20573605335982356 0.0034177939497365036 0.0056398535814231095] 5 1344.5679233074188s
2022-04-25 21:27:13.291174 (1.0, 100000.0, 15, 10.0, 0.3, 0.319, 2.0, 3) [0.1836117092637147 0.005004466413688904 0.016465365084902952] 5 1251.2548260688782s
2022-04-25 21:38:07.872304 (1.0, 100000.0, 14, 10.0, 0.3, 0.319, 2.0, 3) [0.19296617300675392 0.003059906041807492 0.018255130786357657] 5 952.8396351337433s
2022-04-25 21:47:35.834929 (1.0, 100000.0, 16, 10.0, 0.3, 0.292, 2.0, 3) [0.20944885151596232 0.0038319303892568476 0.0050157011190127936] 5 1334.6230299472809s
2022-04-25 21:47:47.545104 (1.0, 100000.0, 15, 10.0, 0.3, 0.319, 2.0, 3) [0.18400735936753435 0.005975606688016195 0.016306054384358046] 5 1234.0506043434143s
2022-04-25 21:57:55.206250 (1.0, 100000.0, 14, 10.0, 0.3, 0.299, 2.0, 3) [0.221149357470803 0.005588439264164028 0.008345640662903355] 5 1002.2176661491394s
2022-04-25 22:08:59.279444 (1.0, 100000.0, 15, 10.0, 0.3, 0.3, 2.0, 3) [0.20698252537425554 0.004290330533910166 0.008182335812382441] 5 1262.2078113555908s
2022-04-25 22:09:58.962792 (1.0, 100000.0, 16, 10.0, 0.3, 0.292, 2.0, 3) [0.20556653141148373 0.004707290810855178 0.0056572829289702475] 5 1343.1217844486237s
2022-04-25 22:14:39.725508 (1.0, 100000.0, 14, 10.0, 0.3, 0.299, 2.0, 3) [0.22079665992924455 0.004364970199302029 0.008414985541515542] 5 1004.488311290741s
2022-04-25 22:29:58.890841 (1.0, 100000.0, 15, 10.0, 0.3, 0.3, 2.0, 3) [0.20852673319550555 0.0034190777495889174 0.00782627689541099] 5 1259.5411098003387s
2022-04-25 22:31:23.837099 (1.0, 100000.0, 14, 10.0, 0.3, 0.299, 2.0, 3) [0.21866158562516594 0.003331739683963862 0.008932983886868522] 5 1004.1045346260071s
2022-04-25 22:35:06.055950 (1.0, 100000.0, 16, 10.0, 0.3, 0.299, 2.0, 3) [0.19391707285021667 0.003782209876077739 0.008207583912508634] 5 1499.1252882480621s
2022-04-25 22:48:09.052452 (1.0, 100000.0, 14, 10.0, 0.3, 0.299, 2.0, 3) [0.2255329536862214 0.005706163541081732 0.007404632367329881] 5 1005.2096021175385s
2022-04-25 22:50:58.165599 (1.0, 100000.0, 15, 10.0, 0.3, 0.3, 2.0, 3) [0.20814869145930198 0.0037311205420998356 0.007925763688648209] 5 1259.121123790741s
2022-04-25 23:00:05.904863 (1.0, 100000.0, 16, 10.0, 0.3, 0.299, 2.0, 3) [0.196553232872084 0.004597960630833455 0.007549496387434345] 5 1499.7946517467499s
2022-04-25 23:04:55.436557 (1.0, 100000.0, 14, 10.0, 0.3, 0.299, 2.0, 3) [0.21822022040208872 0.004263001871884199 0.009032837914257408] 5 1006.3529770374298s
2022-04-25 23:11:39.528080 (1.0, 100000.0, 15, 10.0, 0.3, 0.3, 2.0, 3) [0.20382783594501314 0.004549453817202289 0.0089783865570769] 5 1241.3570425510406s
2022-04-25 23:24:51.065097 (1.0, 100000.0, 14, 10.0, 0.3, 0.292, 2.0, 3) [0.23299516463722142 0.006183566567103375 0.006002800089134187] 5 1008.9523258209229s
2022-04-25 23:24:58.124920 (1.0, 100000.0, 16, 10.0, 0.3, 0.299, 2.0, 3) [0.19396476714955257 0.004125897807758521 0.008209749703794912] 5 1492.1936299800873s
2022-04-25 23:32:45.065961 (1.0, 100000.0, 15, 10.0, 0.3, 0.3, 2.0, 3) [0.2030478421727251 0.005414341904518677 0.009221616322672146] 5 1265.423583984375s
2022-04-25 23:41:48.713509 (1.0, 100000.0, 14, 10.0, 0.3, 0.292, 2.0, 3) [0.2304402274389267 0.005892772030780538 0.00643275618744686] 5 1017.55623960495s
2022-04-25 23:49:56.133858 (1.0, 100000.0, 16, 10.0, 0.3, 0.299, 2.0, 3) [0.19259518234503026 0.00516122432096084 0.008558265348609513] 5 1497.9852681159973s
2022-04-25 23:54:07.399143 (1.0, 100000.0, 15, 10.0, 0.3, 0.299, 2.0, 3) [0.21031273005327975 0.002756723289090197 0.007424072649829046] 5 1272.9649090766907s
2022-04-25 23:58:50.132505 (1.0, 100000.0, 14, 10.0, 0.3, 0.292, 2.0, 3) [0.23021968368494944 0.0054797894837724835 0.006466991745129318] 5 1021.4062964916229s
2022-04-26 00:14:52.677332 (1.0, 100000.0, 16, 10.0, 0.3, 0.299, 2.0, 3) [0.19485464143233858 0.0033785804529677167 0.007971500176115346] 5 1496.535455942154s
2022-04-26 00:15:50.644803 (1.0, 100000.0, 14, 10.0, 0.3, 0.292, 2.0, 3) [0.22921817764897495 0.005709701806766042 0.006641288173647773] 5 1020.4913492202759s
2022-04-26 00:16:25.884142 (1.0, 100000.0, 15, 10.0, 0.3, 0.299, 2.0, 3) [0.20776707260165786 0.0030734730437465482 0.008002137276198354] 5 1338.4801213741302s
2022-04-26 00:32:51.675384 (1.0, 100000.0, 14, 10.0, 0.3, 0.292, 2.0, 3) [0.2299729601464157 0.003573831953966189 0.006513955351588078] 5 1021.0238325595856s
2022-04-26 00:38:14.580157 (1.0, 100000.0, 15, 10.0, 0.3, 0.299, 2.0, 3) [0.20426428340362984 0.005377476898564561 0.008879654646184459] 5 1308.6884105205536s
2022-04-26 00:40:26.722786 (1.0, 100000.0, 16, 10.0, 0.3, 0.305, 2.0, 3) [0.18722092846528152 0.005068328160450703 0.010181777166654735] 5 1523.9103457927704s
2022-04-26 00:58:40.020520 (1.0, 100000.0, 15, 10.0, 0.3, 0.299, 2.0, 3) [0.20725004506225067 0.00459231106072856 0.00812390075743792] 5 1225.4357676506042s
2022-04-26 01:04:05.534825 (1.0, 100000.0, 16, 10.0, 0.3, 0.305, 2.0, 3) [0.18439555648102773 0.00224269597476685 0.01111773706275205] 5 1418.8075568675995s
2022-04-26 01:20:18.890919 (1.0, 100000.0, 15, 10.0, 0.3, 0.299, 2.0, 3) [0.20612203944587326 0.004627853581198579 0.008394610586662129] 5 1298.8144991397858s
2022-04-26 01:28:23.382157 (1.0, 100000.0, 16, 10.0, 0.3, 0.305, 2.0, 3) [0.1841701057674367 0.00420793961068014 0.01120090772350423] 5 1457.8410286903381s
2022-04-26 01:40:08.541847 (1.0, 100000.0, 15, 10.0, 0.3, 0.297, 2.0, 3) [0.20983024114383353 0.0056145788467503255 0.007517299683639455] 5 1180.045189857483s
2022-04-26 01:53:18.061658 (1.0, 100000.0, 16, 10.0, 0.3, 0.305, 2.0, 3) [0.18695443548512908 0.004933078708310007 0.01025242183405519] 5 1494.6733157634735s
2022-04-26 01:59:46.000425 (1.0, 100000.0, 15, 10.0, 0.3, 0.297, 2.0, 3) [0.20906496185066786 0.0025864305248342796 0.007711462014952217] 5 1177.4437818527222s
2022-04-26 02:18:13.899981 (1.0, 100000.0, 16, 10.0, 0.3, 0.305, 2.0, 3) [0.1894674969549012 0.0034639296669925616 0.009479458634671839] 5 1495.8146212100983s
2022-04-26 02:19:21.450936 (1.0, 100000.0, 15, 10.0, 0.3, 0.297, 2.0, 3) [0.20888988659374044 0.006315646629444943 0.00772131103100049] 5 1175.4280488491058s
2022-04-26 02:38:15.301150 (1.0, 100000.0, 15, 10.0, 0.3, 0.297, 2.0, 3) [0.21201754102708534 0.00517619261628985 0.007044527601869231] 5 1133.789186000824s
2022-04-26 02:40:16.976810 (1.0, 100000.0, 16, 10.0, 0.3, 0.312, 2.0, 3) [0.17449699923061837 0.004166302966730411 0.015192774550014188] 5 1314.1422908306122s
2022-04-26 02:56:31.787557 (1.0, 100000.0, 15, 10.0, 0.3, 0.297, 2.0, 3) [0.21076478086879366 0.004991516947931227 0.007317406787119909] 5 1096.464942932129s
2022-04-26 03:01:54.454900 (1.0, 100000.0, 16, 10.0, 0.3, 0.312, 2.0, 3) [0.17822129788629998 0.0040237812640798384 0.013562331929515198] 5 1297.4692602157593s
2022-04-26 03:14:56.301627 (1.0, 100000.0, 15, 10.0, 0.3, 0.312, 2.0, 3) [0.18971191066012397 0.005106945662905872 0.01373297323285545] 5 1096.335131406784s
2022-04-26 03:23:30.406877 (1.0, 100000.0, 16, 10.0, 0.3, 0.312, 2.0, 3) [0.17776778706855584 0.0024204048535915227 0.013744189864002216] 5 1295.946876525879s
2022-04-26 03:33:39.243479 (1.0, 100000.0, 15, 10.0, 0.3, 0.312, 2.0, 3) [0.18821766691665354 0.004819468253060997 0.01433626934529301] 5 1122.833706855774s
2022-04-26 03:45:09.456354 (1.0, 100000.0, 16, 10.0, 0.3, 0.312, 2.0, 3) [0.1779330814318606 0.004164380150839827 0.013675349886747274] 5 1299.0436482429504s
2022-04-26 03:52:21.942201 (1.0, 100000.0, 15, 10.0, 0.3, 0.312, 2.0, 3) [0.19268707023567333 0.0036022710290570764 0.012568054712605808] 5 1122.218502521515s
2022-04-26 04:06:49.591848 (1.0, 100000.0, 16, 10.0, 0.3, 0.312, 2.0, 3) [0.17426327374798162 0.004906021326404303 0.015350771213549184] 5 1300.1074528694153s
2022-04-26 04:10:58.804312 (1.0, 100000.0, 15, 10.0, 0.3, 0.312, 2.0, 3) [0.18925138743499173 0.004694032479104547 0.013911734021836429] 5 1116.8243336677551s
2022-04-26 04:27:33.902727 (1.0, 100000.0, 16, 10.0, 0.3, 0.3, 2.0, 3) [0.1968087201042438 0.005956548167503909 0.0074919632077624174] 5 1236.6312906742096s
2022-04-26 04:29:21.302135 (1.0, 100000.0, 15, 10.0, 0.3, 0.312, 2.0, 3) [0.19135339648974012 0.003509312289477073 0.013075420542451041] 5 1102.4944806098938s
2022-04-26 04:47:21.548274 (1.0, 100000.0, 16, 10.0, 0.3, 0.3, 2.0, 3) [0.19524377024135742 0.0038324333589569923 0.007872158680516087] 5 1187.6226892471313s
2022-04-26 05:07:09.098949 (1.0, 100000.0, 16, 10.0, 0.3, 0.3, 2.0, 3) [0.19253648821705338 0.004335695835354316 0.008565534948018977] 5 1187.0320916175842s
2022-04-26 05:26:56.014081 (1.0, 100000.0, 16, 10.0, 0.3, 0.3, 2.0, 3) [0.19227233117952114 0.004644130290891501 0.008648936010205605] 5 1186.8533833026886s
2022-04-26 05:46:41.446624 (1.0, 100000.0, 16, 10.0, 0.3, 0.3, 2.0, 3) [0.1921928900468917 0.002916192322285708 0.00864667240994219] 5 1185.381336927414s
2022-05-03 07:18:13.476657 (1.0, 100000.0, 11, 10.0, 0.3, 0.3, 2.0, 3) [0.27696906508135005 0.005800968807698955 0.009238793939239454] 5 751161.0944590569s
2022-05-03 07:18:34.672172 (1.0, 100000.0, 10, 10.0, 0.3, 0.285, 2.0, 3) [0.3241989209841719 0.006754828970792326 0.0062654922894215745] 5 751862.4376966953s
2022-05-03 07:19:44.215340 (1.0, 100000.0, 12, 10.0, 0.3, 0.305, 2.0, 3) [0.24459938615751234 0.007394666581880332 0.011498911450712248] 5 751305.636433363s
2022-05-03 07:22:50.554436 (1.0, 100000.0, 10, 10.0, 0.3, 0.285, 2.0, 3) [0.3278205817171822 0.005588859436341763 0.005824860731219361] 5 255.87907195091248s
2022-05-03 07:24:04.841245 (1.0, 100000.0, 11, 10.0, 0.3, 0.3, 2.0, 3) [0.27402103279759643 0.003936597485527893 0.009835565213229081] 5 351.337961435318s
2022-05-03 07:26:06.631642 (1.0, 100000.0, 13, 10.0, 0.3, 0.312, 2.0, 3) [0.21739337573890388 0.004147739024355586 0.014284111529660717] 5 751426.4109041691s
2022-05-03 07:27:00.205262 (1.0, 100000.0, 10, 10.0, 0.3, 0.285, 2.0, 3) [0.32579123492571105 0.0072855081123186895 0.006076799922881779] 5 249.64749217033386s
2022-05-03 07:27:32.381246 (1.0, 100000.0, 12, 10.0, 0.3, 0.305, 2.0, 3) [0.24671432807466057 0.005482868881595488 0.010950351276345607] 5 468.1630628108978s
2022-05-03 07:29:51.015874 (1.0, 100000.0, 11, 10.0, 0.3, 0.3, 2.0, 3) [0.27611635886650737 0.003615247079860659 0.00940133014963022] 5 346.1694531440735s
2022-05-03 07:31:31.246102 (1.0, 100000.0, 10, 10.0, 0.3, 0.319, 2.0, 3) [0.2758114936363909 0.00672839636585479 0.016470934781269583] 5 266.98548412323s
2022-05-03 07:35:21.756347 (1.0, 100000.0, 12, 10.0, 0.3, 0.305, 2.0, 3) [0.24805337063062302 0.003694655858286447 0.01060264360527885] 5 469.37053084373474s
2022-05-03 07:35:40.274794 (1.0, 100000.0, 11, 10.0, 0.3, 0.3, 2.0, 3) [0.2759210831099003 0.004058577947799378 0.009448486815658476] 5 349.2557649612427s
2022-05-03 07:35:42.517280 (1.0, 100000.0, 10, 10.0, 0.3, 0.319, 2.0, 3) [0.2770669290190032 0.00443208550286422 0.016034802630701794] 5 251.26685094833374s
2022-05-03 07:36:43.734888 (1.0, 100000.0, 13, 10.0, 0.3, 0.285, 2.0, 3) [0.2562751311497494 0.004742096260094639 0.0052008122995885805] 5 630.9031434059143s
2022-05-03 07:39:45.265974 (1.0, 100000.0, 10, 10.0, 0.3, 0.319, 2.0, 3) [0.27892911329867337 0.0038875500731522196 0.015477628967269437] 5 242.74299812316895s
2022-05-03 07:42:53.770902 (1.0, 100000.0, 12, 10.0, 0.3, 0.305, 2.0, 3) [0.24895106120528862 0.0035752199171697903 0.010365565701059832] 5 452.01097416877747s
2022-05-03 07:43:50.767444 (1.0, 100000.0, 10, 10.0, 0.3, 0.319, 2.0, 3) [0.27804276055058935 0.005740597014833199 0.01573016593758864] 5 245.4984791278839s
2022-05-03 07:46:13.963284 (1.0, 100000.0, 13, 10.0, 0.3, 0.285, 2.0, 3) [0.2591010928223341 0.007119299264531579 0.004846047597910754] 5 570.2249896526337s
2022-05-03 07:47:53.556225 (1.0, 100000.0, 10, 10.0, 0.3, 0.319, 2.0, 3) [0.276107383347403 0.0031429437326452214 0.01632082766478579] 5 242.7836515903473s
2022-05-03 07:50:25.111890 (1.0, 100000.0, 12, 10.0, 0.3, 0.305, 2.0, 3) [0.2466405795953334 0.004220864637130272 0.010981416346060072] 5 451.33780217170715s
2022-05-03 07:52:26.978907 (1.0, 100000.0, 10, 10.0, 0.3, 0.312, 2.0, 3) [0.28704663869179553 0.00767428052610828 0.01315549288664242] 5 267.5643985271454s
2022-05-03 07:55:53.371564 (1.0, 100000.0, 13, 10.0, 0.3, 0.285, 2.0, 3) [0.26015281177571137 0.0053507845177857135 0.004717449111662446] 5 579.4027664661407s
2022-05-03 07:56:28.379732 (1.0, 100000.0, 11, 10.0, 0.3, 0.319, 2.0, 3) [0.2477911165382551 0.007072390450630194 0.01746170409614746] 5 1051.1222162246704s
2022-05-03 07:56:43.002861 (1.0, 100000.0, 10, 10.0, 0.3, 0.312, 2.0, 3) [0.28928474011943517 0.005860090353049316 0.012596423232416087] 5 256.0210151672363s
2022-05-03 07:57:54.236155 (1.0, 100000.0, 12, 10.0, 0.3, 0.299, 2.0, 3) [0.25605435715335373 0.005457160283712278 0.008770343356072633] 5 443.11049365997314s
2022-05-03 08:00:53.988600 (1.0, 100000.0, 10, 10.0, 0.3, 0.312, 2.0, 3) [0.2862749814978384 0.005364465877264628 0.013344618391532191] 5 250.98242855072021s
2022-05-03 08:02:19.612193 (1.0, 100000.0, 11, 10.0, 0.3, 0.319, 2.0, 3) [0.25187169466376297 0.003363626434587616 0.016017278964006787] 5 351.22815346717834s
2022-05-03 08:04:57.889404 (1.0, 100000.0, 12, 10.0, 0.3, 0.299, 2.0, 3) [0.25592571702576344 0.0032639048442813356 0.00879145800596624] 5 423.6507656574249s
2022-05-03 08:05:04.497495 (1.0, 100000.0, 10, 10.0, 0.3, 0.312, 2.0, 3) [0.28714558055248424 0.0037622034701153746 0.013115219096001213] 5 250.5038743019104s
2022-05-03 08:05:35.790129 (1.0, 100000.0, 13, 10.0, 0.3, 0.285, 2.0, 3) [0.25773747509678396 0.0026379638548770755 0.005020045205471831] 5 582.4139506816864s
2022-05-03 08:08:09.301972 (1.0, 100000.0, 11, 10.0, 0.3, 0.319, 2.0, 3) [0.24906603949524306 0.004464783286528387 0.017042991604862043] 5 349.6793897151947s
2022-05-03 08:09:13.783664 (1.0, 100000.0, 10, 10.0, 0.3, 0.312, 2.0, 3) [0.2872101166977172 0.004137525105033911 0.013116935426636759] 5 249.2819471359253s
2022-05-03 08:11:55.204790 (1.0, 100000.0, 12, 10.0, 0.3, 0.299, 2.0, 3) [0.25668893124040626 0.004275523953430582 0.00862420043248558] 5 417.3122937679291s
2022-05-03 08:13:53.606013 (1.0, 100000.0, 11, 10.0, 0.3, 0.319, 2.0, 3) [0.24975202374505778 0.0034966442573846515 0.016740958168663656] 5 344.30039262771606s
2022-05-03 08:15:10.519545 (1.0, 100000.0, 13, 10.0, 0.3, 0.285, 2.0, 3) [0.2558478385627394 0.00481792178106103 0.00526614560123793] 5 574.7261619567871s
2022-05-03 08:16:02.831934 (1.0, 100000.0, 10, 10.0, 0.3, 0.307, 2.0, 3) [0.29159526106027406 0.003460612688460194 0.012004639876401527] 5 403.3862638473511s
2022-05-03 08:18:55.175699 (1.0, 100000.0, 12, 10.0, 0.3, 0.299, 2.0, 3) [0.25654902749845254 0.0031854068782548256 0.008647920357072113] 5 419.9674825668335s
2022-05-03 08:19:42.321851 (1.0, 100000.0, 11, 10.0, 0.3, 0.319, 2.0, 3) [0.25097520087188857 0.003644316152938752 0.016324730933426252] 5 348.7117557525635s
2022-05-03 08:20:09.853637 (1.0, 100000.0, 10, 10.0, 0.3, 0.307, 2.0, 3) [0.29485108784905756 0.0032859895448344727 0.011263802238471485] 5 247.01928973197937s
2022-05-03 08:24:16.816272 (1.0, 100000.0, 10, 10.0, 0.3, 0.307, 2.0, 3) [0.2966128535707809 0.003517001723609727 0.010865754952595076] 5 246.95836114883423s
2022-05-03 08:25:30.663515 (1.0, 100000.0, 13, 10.0, 0.3, 0.319, 2.0, 3) [0.21185466982926895 0.0060520378577583744 0.01650144345442449] 5 604.5634818077087s
2022-05-03 08:25:56.352674 (1.0, 100000.0, 12, 10.0, 0.3, 0.299, 2.0, 3) [0.25382821869399136 0.005199405107090707 0.00923097903749616] 5 421.1728332042694s
2022-05-03 08:26:15.683437 (1.0, 100000.0, 11, 10.0, 0.3, 0.302, 2.0, 3) [0.2754196254396922 0.006590108910785775 0.00956780484299868] 5 375.4429199695587s
2022-05-03 08:28:19.511786 (1.0, 100000.0, 10, 10.0, 0.3, 0.307, 2.0, 3) [0.2909437847925803 0.007266624374598159 0.012156092715197948] 5 242.69257354736328s
2022-05-03 08:31:58.608341 (1.0, 100000.0, 11, 10.0, 0.3, 0.302, 2.0, 3) [0.2691776293359646 0.004809541186819964 0.010938518742767878] 5 342.92181754112244s
2022-05-03 08:32:27.093833 (1.0, 100000.0, 10, 10.0, 0.3, 0.307, 2.0, 3) [0.2940339320227892 0.004709588170571586 0.011434568968106901] 5 247.57666850090027s
2022-05-03 08:34:41.471615 (1.0, 100000.0, 13, 10.0, 0.3, 0.319, 2.0, 3) [0.20945673303357012 0.0036176777860174383 0.01754203671077069] 5 550.8050730228424s
2022-05-03 08:36:07.610223 (1.0, 100000.0, 12, 10.0, 0.3, 0.312, 2.0, 3) [0.24061720024064207 0.0035087938157790342 0.012666142280028513] 5 603.0677478313446s
2022-05-03 08:37:37.291718 (1.0, 100000.0, 11, 10.0, 0.3, 0.302, 2.0, 3) [0.2727497759959408 0.004249727827000823 0.010119068359375852] 5 338.6789791584015s
2022-05-03 08:39:59.039991 (1.0, 100000.0, 10, 10.0, 0.3, 0.305, 2.0, 3) [0.2997867238936373 0.0027890363579229876 0.010201862244144216] 5 263.536438703537s
2022-05-03 08:43:23.294003 (1.0, 100000.0, 11, 10.0, 0.3, 0.302, 2.0, 3) [0.27113368804669763 0.003967095359317408 0.010492548144564719] 5 345.9979569911957s
2022-05-03 08:43:33.147856 (1.0, 100000.0, 12, 10.0, 0.3, 0.312, 2.0, 3) [0.2359012933320686 0.005983339018072468 0.014170529086860204] 5 445.53530263900757s
2022-05-03 08:43:57.975657 (1.0, 100000.0, 13, 10.0, 0.3, 0.319, 2.0, 3) [0.20810428021700858 0.003755004543719036 0.018187973021159896] 5 556.5011661052704s
2022-05-03 08:44:12.462433 (1.0, 100000.0, 10, 10.0, 0.3, 0.305, 2.0, 3) [0.2968285625901528 0.005701629002885877 0.010847177018533657] 5 253.41810154914856s
2022-05-03 08:48:25.365932 (1.0, 100000.0, 10, 10.0, 0.3, 0.305, 2.0, 3) [0.2999391183403075 0.0037622227250525544 0.01019567905391998] 5 252.90034079551697s
2022-05-03 08:49:10.647226 (1.0, 100000.0, 11, 10.0, 0.3, 0.302, 2.0, 3) [0.27228125116685 0.004581074271510711 0.010235971792274659] 5 347.34977555274963s
2022-05-03 08:51:00.702861 (1.0, 100000.0, 12, 10.0, 0.3, 0.312, 2.0, 3) [0.23848730031251467 0.004673642986002533 0.013338869261399182] 5 447.55186104774475s
2022-05-03 08:52:37.138440 (1.0, 100000.0, 10, 10.0, 0.3, 0.305, 2.0, 3) [0.29485474419312363 0.004849210670562423 0.011224601519415093] 5 251.7693178653717s
2022-05-03 08:53:21.920875 (1.0, 100000.0, 13, 10.0, 0.3, 0.319, 2.0, 3) [0.2126292844036816 0.003798528129221873 0.016208204483094873] 5 563.9411487579346s
2022-05-03 08:55:27.286541 (1.0, 100000.0, 11, 10.0, 0.3, 0.312, 2.0, 3) [0.25915845087448897 0.00890090702148536 0.013662836338507596] 5 370.33582758903503s
2022-05-03 08:56:45.832287 (1.0, 100000.0, 10, 10.0, 0.3, 0.305, 2.0, 3) [0.29771162029051584 0.005117003724666288 0.0106168749718875] 5 248.69002175331116s
2022-05-03 08:58:24.967317 (1.0, 100000.0, 12, 10.0, 0.3, 0.312, 2.0, 3) [0.24117158739181624 0.004149203934831994 0.012525981445620234] 5 444.2610011100769s
2022-05-03 09:01:14.049777 (1.0, 100000.0, 10, 10.0, 0.3, 0.302, 2.0, 3) [0.29848295671960856 0.0067098741096781 0.010466428066281813] 5 262.00927543640137s
2022-05-03 09:01:17.525476 (1.0, 100000.0, 11, 10.0, 0.3, 0.312, 2.0, 3) [0.26271411193319427 0.003439876330741467 0.012640407551699791] 5 350.23592233657837s
2022-05-03 09:02:39.452287 (1.0, 100000.0, 13, 10.0, 0.3, 0.319, 2.0, 3) [0.20664250839445222 0.008744429955019492 0.01880672365263109] 5 557.5276727676392s
2022-05-03 09:05:21.043044 (1.0, 100000.0, 10, 10.0, 0.3, 0.302, 2.0, 3) [0.2996657322390642 0.004745545668025371 0.01023297255560813] 5 246.98996496200562s
2022-05-03 09:05:47.133053 (1.0, 100000.0, 12, 10.0, 0.3, 0.312, 2.0, 3) [0.23856884519366495 0.005366457794894303 0.013313930954958258] 5 442.1624722480774s
2022-05-03 09:07:08.496352 (1.0, 100000.0, 11, 10.0, 0.3, 0.312, 2.0, 3) [0.25621499807225356 0.003941700762882108 0.014521591848582063] 5 350.9679946899414s
2022-05-03 09:09:27.930423 (1.0, 100000.0, 10, 10.0, 0.3, 0.302, 2.0, 3) [0.29874378142376884 0.0050022744259628224 0.010402893507696735] 5 246.8804452419281s
2022-05-03 09:12:51.136830 (1.0, 100000.0, 11, 10.0, 0.3, 0.312, 2.0, 3) [0.26105238632581207 0.004624578907577501 0.013085291124334288] 5 342.63659262657166s
2022-05-03 09:13:31.499378 (1.0, 100000.0, 10, 10.0, 0.3, 0.302, 2.0, 3) [0.298979356376231 0.0037074740748128635 0.01036385531074968] 5 243.5623836517334s
2022-05-03 09:13:46.788456 (1.0, 100000.0, 13, 10.0, 0.3, 0.292, 2.0, 3) [0.2500532005819086 0.004441940600928967 0.0061403115724362875] 5 660.8358805179596s
2022-05-03 09:14:08.786664 (1.0, 100000.0, 12, 10.0, 0.3, 0.292, 2.0, 3) [0.2686217834016306 0.005979451483362361 0.006501111859984107] 5 493.6078357696533s
2022-05-03 09:17:35.583241 (1.0, 100000.0, 10, 10.0, 0.3, 0.302, 2.0, 3) [0.3023288161479919 0.003524630982530219 0.009716624090688611] 5 244.0782241821289s
2022-05-03 09:18:32.323780 (1.0, 100000.0, 11, 10.0, 0.3, 0.312, 2.0, 3) [0.26416214371582764 0.005301987094150764 0.012260340664165975] 5 341.1829218864441s
2022-05-03 09:22:03.673292 (1.0, 100000.0, 12, 10.0, 0.3, 0.292, 2.0, 3) [0.26587546843035975 0.00402075185452705 0.006914893605329684] 5 474.88152980804443s
2022-05-03 09:22:04.814986 (1.0, 100000.0, 10, 10.0, 0.3, 0.299, 2.0, 3) [0.3051404960033164 0.0040361481246100825 0.009144378194011734] 5 262.9236059188843s
2022-05-03 09:23:32.655065 (1.0, 100000.0, 13, 10.0, 0.3, 0.292, 2.0, 3) [0.2506263650197166 0.007302082807213369 0.006049476398721847] 5 585.864137172699s
2022-05-03 09:24:47.300851 (1.0, 100000.0, 11, 10.0, 0.3, 0.292, 2.0, 3) [0.28638196359783386 0.003981845594875819 0.007500700917393794] 5 371.0944137573242s
2022-05-03 09:26:20.858379 (1.0, 100000.0, 10, 10.0, 0.3, 0.299, 2.0, 3) [0.3055151041342674 0.00584930746083902 0.00908765434581009] 5 256.0395722389221s
2022-05-03 09:30:00.501121 (1.0, 100000.0, 12, 10.0, 0.3, 0.292, 2.0, 3) [0.2676371595248631 0.005066477686007353 0.006649061944048891] 5 476.82430052757263s
2022-05-03 09:30:35.083332 (1.0, 100000.0, 10, 10.0, 0.3, 0.299, 2.0, 3) [0.3040019036191953 0.004606053900100918 0.00939228195811841] 5 254.2213568687439s
2022-05-03 09:30:42.861829 (1.0, 100000.0, 11, 10.0, 0.3, 0.292, 2.0, 3) [0.28836762330177323 0.004038783728544475 0.007186245532897059] 5 355.558078289032s
2022-05-03 09:33:16.831163 (1.0, 100000.0, 13, 10.0, 0.3, 0.292, 2.0, 3) [0.24542191005460667 0.004835859904757267 0.006900706323528919] 5 584.1729233264923s
2022-05-03 09:34:45.984368 (1.0, 100000.0, 10, 10.0, 0.3, 0.299, 2.0, 3) [0.3029276840848711 0.004656376857248162 0.009557202228790435] 5 250.8976924419403s
2022-05-03 09:36:33.762149 (1.0, 100000.0, 11, 10.0, 0.3, 0.292, 2.0, 3) [0.2904239579761174 0.004840663863436954 0.006890462564005378] 5 350.8973846435547s
2022-05-03 09:37:51.333903 (1.0, 100000.0, 12, 10.0, 0.3, 0.292, 2.0, 3) [0.2649794879120266 0.0057297108360802205 0.0070586760049060945] 5 470.82932114601135s
2022-05-03 09:38:57.252767 (1.0, 100000.0, 10, 10.0, 0.3, 0.299, 2.0, 3) [0.2997412805058067 0.005578210853605161 0.010187356464235485] 5 251.26516127586365s
2022-05-03 09:42:26.148487 (1.0, 100000.0, 11, 10.0, 0.3, 0.292, 2.0, 3) [0.29565803867735313 0.0052908170143010505 0.006146171535380341] 5 352.3827121257782s
2022-05-03 09:42:55.587906 (1.0, 100000.0, 13, 10.0, 0.3, 0.292, 2.0, 3) [0.251622561862163 0.004473805456873781 0.005908980389693294] 5 578.7522051334381s
2022-05-03 09:43:36.958958 (1.0, 100000.0, 10, 10.0, 0.3, 0.3, 2.0, 3) [0.3058104582205077 0.00484375106215224 0.009059828065457682] 5 273.3353660106659s
2022-05-03 09:45:45.430628 (1.0, 100000.0, 12, 10.0, 0.3, 0.292, 2.0, 3) [0.26157472953325195 0.005518180184136787 0.00766915117543612] 5 474.09271597862244s
2022-05-03 09:47:50.255896 (1.0, 100000.0, 10, 10.0, 0.3, 0.3, 2.0, 3) [0.3046418571327512 0.008352596543119987 0.009268172820329152] 5 253.29379606246948s
2022-05-03 09:48:20.327383 (1.0, 100000.0, 11, 10.0, 0.3, 0.292, 2.0, 3) [0.2864088664361362 0.004568654135409399 0.007498542890091826] 5 354.1729097366333s
2022-05-03 09:52:00.499431 (1.0, 100000.0, 10, 10.0, 0.3, 0.3, 2.0, 3) [0.3036049396963214 0.004293568138940218 0.009466025753634838] 5 250.24015378952026s
2022-05-03 09:52:43.604507 (1.0, 100000.0, 13, 10.0, 0.3, 0.292, 2.0, 3) [0.2509294760874248 0.0035967403794117444 0.006003275508902308] 5 588.0136699676514s
2022-05-03 09:53:47.572788 (1.0, 100000.0, 12, 10.0, 0.3, 0.302, 2.0, 3) [0.25250271245891465 0.0028302459250471156 0.009539535719057413] 5 475.90228152275085s
2022-05-03 09:54:37.850132 (1.0, 100000.0, 11, 10.0, 0.3, 0.307, 2.0, 3) [0.2694528873964691 0.00384241875481468 0.010903272162680121] 5 369.82847595214844s
2022-05-03 09:56:04.843252 (1.0, 100000.0, 10, 10.0, 0.3, 0.3, 2.0, 3) [0.29870142496824703 0.0067930640489796005 0.010399261200231455] 5 244.33996057510376s
2022-05-03 10:00:10.112784 (1.0, 100000.0, 10, 10.0, 0.3, 0.3, 2.0, 3) [0.30461263715558357 0.004116626714569971 0.009266277402861756] 5 245.26613926887512s
2022-05-03 10:00:27.990531 (1.0, 100000.0, 11, 10.0, 0.3, 0.307, 2.0, 3) [0.2691429720583243 0.004106422001857766 0.010962481064585462] 5 350.1333677768707s
2022-05-03 10:01:36.604986 (1.0, 100000.0, 12, 10.0, 0.3, 0.302, 2.0, 3) [0.2531307008312258 0.005293931928181156 0.009386079654702216] 5 469.0294623374939s
2022-05-03 10:05:09.949711 (1.0, 100000.0, 13, 10.0, 0.3, 0.307, 2.0, 3) [0.22552321992094035 0.005208677670571162 0.011556753293641807] 5 733.6903281211853s
2022-05-03 10:05:35.117906 (1.0, 100000.0, 10, 10.0, 0.3, 0.297, 2.0, 3) [0.3101568189114635 0.00482939121406192 0.008296532598572463] 5 319.23120045661926s
2022-05-03 10:06:23.502254 (1.0, 100000.0, 11, 10.0, 0.3, 0.307, 2.0, 3) [0.2677500878770305 0.008610624378314585 0.011305484961984634] 5 355.50695967674255s
2022-05-03 10:09:33.705114 (1.0, 100000.0, 12, 10.0, 0.3, 0.302, 2.0, 3) [0.25421059848370814 0.004133045289639238 0.009162561798943336] 5 477.0971007347107s
2022-05-03 10:09:42.830708 (1.0, 100000.0, 10, 10.0, 0.3, 0.297, 2.0, 3) [0.30987745407213496 0.003771926407990244 0.00833757135873036] 5 247.70970153808594s
2022-05-03 10:12:18.544916 (1.0, 100000.0, 11, 10.0, 0.3, 0.307, 2.0, 3) [0.2628785109739989 0.00603527814558308 0.012534118334611063] 5 355.0389633178711s
2022-05-03 10:13:53.483524 (1.0, 100000.0, 10, 10.0, 0.3, 0.297, 2.0, 3) [0.3085079714973263 0.007099297584350204 0.008575104138792828] 5 250.65003871917725s
2022-05-03 10:15:17.647331 (1.0, 100000.0, 13, 10.0, 0.3, 0.307, 2.0, 3) [0.2281210112549511 0.0037792982544544527 0.010836789651898866] 5 607.6943635940552s
2022-05-03 10:17:40.475601 (1.0, 100000.0, 12, 10.0, 0.3, 0.302, 2.0, 3) [0.2498537164889285 0.006537768269992804 0.010144230398300175] 5 486.76688742637634s
2022-05-03 10:18:09.104022 (1.0, 100000.0, 10, 10.0, 0.3, 0.297, 2.0, 3) [0.310741648003514 0.004230911895538152 0.00820406089633079] 5 255.61350560188293s
2022-05-03 10:18:25.629444 (1.0, 100000.0, 11, 10.0, 0.3, 0.307, 2.0, 3) [0.2646299064919391 0.0048143021733921335 0.012063997259413362] 5 367.0804805755615s
2022-05-03 10:22:16.734114 (1.0, 100000.0, 10, 10.0, 0.3, 0.297, 2.0, 3) [0.30699763851225836 0.004485526009973265 0.008828487565039834] 5 247.6266918182373s
2022-05-03 10:25:31.795166 (1.0, 100000.0, 13, 10.0, 0.3, 0.307, 2.0, 3) [0.22813326208968343 0.00393197215658147 0.010809408706962747] 5 614.1442692279816s
2022-05-03 10:25:44.717776 (1.0, 100000.0, 12, 10.0, 0.3, 0.302, 2.0, 3) [0.25337246846446215 0.003511220411445139 0.009337654106238278] 5 484.2378602027893s
2022-05-03 10:29:14.702747 (1.0, 100000.0, 11, 10.0, 0.3, 0.285, 2.0, 3) [0.29905200648785524 0.004087747230222683 0.005682906004138524] 5 641.9615256786346s
2022-05-03 10:33:35.740395 (1.0, 100000.0, 12, 10.0, 0.3, 0.297, 2.0, 3) [0.25610249096821497 0.0035787160576418718 0.008744519301484928] 5 463.04652547836304s
2022-05-03 10:35:21.876953 (1.0, 100000.0, 11, 10.0, 0.3, 0.285, 2.0, 3) [0.2979021604788948 0.005339893011522278 0.005829430320140005] 5 367.17099142074585s
2022-05-03 10:35:49.401808 (1.0, 100000.0, 13, 10.0, 0.3, 0.307, 2.0, 3) [0.2262506134365707 0.003589178908800112 0.011360258031114748] 5 617.5990641117096s
2022-05-03 10:41:00.905760 (1.0, 100000.0, 12, 10.0, 0.3, 0.297, 2.0, 3) [0.2595820725718984 0.005011016486379178 0.008055852114725376] 5 445.1613965034485s
2022-05-03 10:41:27.196496 (1.0, 100000.0, 11, 10.0, 0.3, 0.285, 2.0, 3) [0.29870192258798434 0.005103368749976206 0.005734536568611107] 5 365.31356477737427s
2022-05-03 10:46:05.759422 (1.0, 100000.0, 13, 10.0, 0.3, 0.307, 2.0, 3) [0.22524881364424304 0.004848542670547756 0.011646787770900217] 5 616.3545663356781s
2022-05-03 10:47:32.408589 (1.0, 100000.0, 11, 10.0, 0.3, 0.285, 2.0, 3) [0.2973981720659486 0.00430228232756531 0.005882520076181491] 5 365.208811044693s
2022-05-03 10:48:26.153235 (1.0, 100000.0, 12, 10.0, 0.3, 0.297, 2.0, 3) [0.2579201965836477 0.0037920322189451193 0.008385168851111298] 5 445.2444398403168s
2022-05-03 10:53:36.879149 (1.0, 100000.0, 11, 10.0, 0.3, 0.285, 2.0, 3) [0.29806730451672125 0.004632257600305756 0.0058050417889144714] 5 364.46625304222107s
2022-05-03 10:55:45.524673 (1.0, 100000.0, 12, 10.0, 0.3, 0.297, 2.0, 3) [0.2649086607773559 0.005452248742038792 0.0071013460192722744] 5 439.36798310279846s
2022-05-03 10:56:14.788797 (1.0, 100000.0, 13, 10.0, 0.3, 0.3, 2.0, 3) [0.2336512029788536 0.004092262094658682 0.009370278532760852] 5 601.5656952857971s
2022-05-03 11:02:54.348350 (1.0, 100000.0, 12, 10.0, 0.3, 0.297, 2.0, 3) [0.25272814853672926 0.005119048523501716 0.00945102563572984] 5 428.81854152679443s
2022-05-03 11:05:49.770163 (1.0, 100000.0, 13, 10.0, 0.3, 0.3, 2.0, 3) [0.23769531999726806 0.003079372804164985 0.008466479780962861] 5 574.9781539440155s
2022-05-03 11:11:13.715304 (1.0, 100000.0, 12, 10.0, 0.3, 0.307, 2.0, 3) [0.24431485216300053 0.00419014745601473 0.011591939096095598] 5 493.2944190502167s
2022-05-03 11:15:38.543386 (1.0, 100000.0, 13, 10.0, 0.3, 0.3, 2.0, 3) [0.23609059221225304 0.0044289461870912405 0.008815705042595219] 5 588.7695045471191s
2022-05-03 11:19:01.681686 (1.0, 100000.0, 12, 10.0, 0.3, 0.307, 2.0, 3) [0.24413008007593776 0.008493253656305223 0.011631505244889264] 5 467.9627721309662s
2022-05-03 11:25:28.659127 (1.0, 100000.0, 13, 10.0, 0.3, 0.3, 2.0, 3) [0.23522192353977966 0.004666288829967406 0.009003954440405233] 5 590.1115520000458s
2022-05-03 11:26:51.136576 (1.0, 100000.0, 12, 10.0, 0.3, 0.307, 2.0, 3) [0.2461272283548803 0.005134150221152093 0.011131549622095796] 5 469.450501203537s
2022-05-03 11:34:37.855884 (1.0, 100000.0, 12, 10.0, 0.3, 0.307, 2.0, 3) [0.2494192665022717 0.005720789794731504 0.010285707085718092] 5 466.7155570983887s
2022-05-03 11:35:18.529277 (1.0, 100000.0, 13, 10.0, 0.3, 0.3, 2.0, 3) [0.243440383958243 0.008120122944176652 0.007303014370586935] 5 589.8559772968292s
2022-05-03 11:42:15.118642 (1.0, 100000.0, 12, 10.0, 0.3, 0.307, 2.0, 3) [0.24462086987096368 0.004124741774258712 0.011505073469754164] 5 457.25899481773376s
2022-05-03 11:45:19.256784 (1.0, 100000.0, 13, 10.0, 0.3, 0.297, 2.0, 3) [0.24172762524031072 0.006753218549870285 0.007614802901845174] 5 589.1647379398346s
2022-05-03 11:54:45.989644 (1.0, 100000.0, 13, 10.0, 0.3, 0.297, 2.0, 3) [0.2389137368543484 0.003749831480848965 0.008183838848802609] 5 566.7298426628113s
2022-05-03 12:04:12.350681 (1.0, 100000.0, 13, 10.0, 0.3, 0.297, 2.0, 3) [0.2373065768012913 0.00522986142087579 0.008514621766172414] 5 564.4838626384735s
2022-05-03 12:13:36.874058 (1.0, 100000.0, 13, 10.0, 0.3, 0.297, 2.0, 3) [0.240197179806328 0.002857452362064739 0.007916784115856865] 5 564.4880404472351s
2022-05-03 12:23:01.563982 (1.0, 100000.0, 13, 10.0, 0.3, 0.297, 2.0, 3) [0.2411495598490694 0.004960164837753406 0.007715052454150193] 5 564.662252664566s
2022-05-03 12:34:31.753134 (1.0, 100000.0, 13, 10.0, 0.3, 0.305, 2.0, 3) [0.22718830350132627 0.005848246314949131 0.011075625834941823] 5 683.6505420207977s
2022-05-03 12:44:00.257981 (1.0, 100000.0, 13, 10.0, 0.3, 0.305, 2.0, 3) [0.23253550523958902 0.00492338065533019 0.00966755137883178] 5 568.4798238277435s
2022-05-03 12:53:27.499464 (1.0, 100000.0, 13, 10.0, 0.3, 0.305, 2.0, 3) [0.22644282469984245 0.005994374977109569 0.011270994113191282] 5 567.2352266311646s
2022-05-03 13:02:54.773443 (1.0, 100000.0, 13, 10.0, 0.3, 0.305, 2.0, 3) [0.22832472142814478 0.005139785444742252 0.010760505935299168] 5 567.2582376003265s
2022-05-03 13:12:22.152413 (1.0, 100000.0, 13, 10.0, 0.3, 0.305, 2.0, 3) [0.2303975082572418 0.004542601776051377 0.010209932945038629] 5 567.371239900589s
2022-05-03 13:22:26.627824 (1.0, 100000.0, 13, 10.0, 0.3, 0.302, 2.0, 3) [0.23780593228772623 0.003701814276185845 0.008456327288890921] 5 598.8999900817871s
2022-05-03 13:32:06.276539 (1.0, 100000.0, 13, 10.0, 0.3, 0.302, 2.0, 3) [0.23203116339995344 0.004961347050486018 0.009786888480940038] 5 579.6314537525177s
2022-05-03 13:41:45.927304 (1.0, 100000.0, 13, 10.0, 0.3, 0.302, 2.0, 3) [0.23466350568419375 0.005443499229866374 0.009135113439288517] 5 579.6468887329102s
2022-05-03 13:51:19.447271 (1.0, 100000.0, 13, 10.0, 0.3, 0.302, 2.0, 3) [0.23084554764333942 0.005817401397381464 0.010089344516027353] 5 573.5025672912598s
2022-05-03 14:00:50.929186 (1.0, 100000.0, 13, 10.0, 0.3, 0.302, 2.0, 3) [0.23123081174425125 0.003815262919112281 0.00997797391795948] 5 571.4532873630524s
