2022-07-16 16:19:19.744672 (1.0, 100000.0, 25, 10.0, 0.3, 0.2955, 2.0, 3) [0.12658092751716968 0.0025145714582277437 0.007217866303152901] 10 17782.02774643898s
2022-07-16 19:02:31.525535 (1.0, 100000.0, 27, 10.0, 0.3, 0.2955, 2.0, 3) [0.11589040151381196 0.00274033769835999 0.007731616401569706] 10 27573.379136800766s
2022-07-16 21:14:47.109002 (1.0, 100000.0, 25, 10.0, 0.3, 0.2955, 2.0, 3) [0.12600037966207683 0.003793037390256793 0.007411705455665967] 10 17727.218428850174s
2022-07-16 21:39:41.544551 (1.0, 100000.0, 29, 10.0, 0.3, 0.2955, 2.0, 3) [0.10730374351829473 0.003430852629874984 0.007990434143374725] 10 37004.11868453026s
2022-07-16 22:06:27.877664 (1.0, 100000.0, 30, 10.0, 0.3, 0.2948, 2.0, 3) [0.10648986410654102 0.0025324480470761425 0.006784749860579359] 10 38610.13398241997s
2022-07-17 01:33:58.676391 (1.0, 100000.0, 26, 10.0, 0.3, 0.2945, 2.0, 3) [0.12599139024303746 0.003985432760710337 0.005777438598821151] 10 51060.98239827156s
2022-07-17 02:08:28.769671 (1.0, 100000.0, 25, 10.0, 0.3, 0.2955, 2.0, 3) [0.12574935933227085 0.001779473004727404 0.007522947747401942] 10 17621.621280670166s
2022-07-17 02:29:24.942561 (1.0, 100000.0, 28, 10.0, 0.3, 0.2933, 2.0, 3) [0.11684478944506174 0.0031659067736169617 0.005834416367324689] 10 54387.30730128288s
2022-07-17 02:41:25.301108 (1.0, 100000.0, 27, 10.0, 0.3, 0.2955, 2.0, 3) [0.11808276647658035 0.0018670320114246297 0.006872672062738725] 10 27533.77369952202s
2022-07-17 07:00:50.544094 (1.0, 100000.0, 25, 10.0, 0.3, 0.2955, 2.0, 3) [0.12753826434729149 0.0030528200686220346 0.006896910298835116] 10 17541.771882534027s
2022-07-17 07:53:08.144577 (1.0, 100000.0, 30, 10.0, 0.3, 0.2948, 2.0, 3) [0.10226422971646011 0.0038310315398717345 0.008706626888304427] 10 35200.264571905136s
2022-07-17 08:04:24.131006 (1.0, 100000.0, 29, 10.0, 0.3, 0.2955, 2.0, 3) [0.11137411425568423 0.005562198250900789 0.006336919425320739] 10 37482.584411621094s
2022-07-17 10:41:35.197104 (1.0, 100000.0, 27, 10.0, 0.3, 0.2955, 2.0, 3) [0.11807697348827216 0.003588664106557698 0.00687789614277139] 10 28809.89336681366s
2022-07-17 11:42:51.389036 (1.0, 100000.0, 28, 10.0, 0.3, 0.2933, 2.0, 3) [0.1131372753043212 0.004028236957401582 0.00716304838126432] 10 33206.44419312477s
2022-07-17 11:48:18.139025 (1.0, 100000.0, 24, 10.0, 0.3, 0.2933, 2.0, 3) [0.13850240771909386 0.003006313435343449 0.005256070112201107] 10 87908.49804091454s
2022-07-17 11:53:25.917256 (1.0, 100000.0, 25, 10.0, 0.3, 0.2955, 2.0, 3) [0.13041419712731414 0.0030491812918381307 0.005971063392351885] 10 17555.352642297745s
2022-07-17 14:44:55.884445 (1.0, 100000.0, 26, 10.0, 0.3, 0.2945, 2.0, 3) [0.1225824744800702 0.0032433771180402646 0.006879089250507515] 10 47457.20594334602s
2022-07-17 16:47:36.898684 (1.0, 100000.0, 25, 10.0, 0.3, 0.2955, 2.0, 3) [0.1285727024366462 0.0032546672637768447 0.006549003072602509] 10 17650.97892689705s
2022-07-17 17:45:00.277260 (1.0, 100000.0, 30, 10.0, 0.3, 0.2948, 2.0, 3) [0.10633843430872784 0.0027992242600103235 0.006836330232703457] 10 35512.130205631256s
2022-07-17 18:28:10.908778 (1.0, 100000.0, 27, 10.0, 0.3, 0.2955, 2.0, 3) [0.11900229987867882 0.0025483012526436697 0.006536571989070745] 10 27995.70916247368s
2022-07-17 18:34:18.271766 (1.0, 100000.0, 29, 10.0, 0.3, 0.2955, 2.0, 3) [0.10968635620521577 0.003361366526110541 0.006977054564426634] 10 37794.138548374176s
2022-07-17 21:10:05.288021 (1.0, 100000.0, 28, 10.0, 0.3, 0.2933, 2.0, 3) [0.11516068404824119 0.003968211152125802 0.006394149744707289] 10 34033.89364027977s
2022-07-17 21:44:08.720377 (1.0, 100000.0, 25, 10.0, 0.3, 0.2955, 2.0, 3) [0.13165258789412893 0.0031697711022631754 0.0056229731639724865] 10 17791.819144248962s
2022-07-18 02:19:17.073231 (1.0, 100000.0, 27, 10.0, 0.3, 0.2955, 2.0, 3) [0.1177065660754917 0.0028916950266051297 0.007030246216290737] 10 28266.161906719208s
2022-07-18 02:45:50.744260 (1.0, 100000.0, 25, 10.0, 0.3, 0.2955, 2.0, 3) [0.13228269129935025 0.002907994043827518 0.005446201563688125] 10 18102.021396398544s
2022-07-18 05:05:20.132417 (1.0, 100000.0, 29, 10.0, 0.3, 0.2955, 2.0, 3) [0.11027220787539216 0.002981638141614457 0.006744636354622042] 10 37861.85829329491s
2022-07-18 05:25:35.348838 (1.0, 100000.0, 30, 10.0, 0.3, 0.2948, 2.0, 3) [0.10865241212047681 0.0023209597429468803 0.005975090247494405] 10 42035.068695783615s
2022-07-18 05:55:31.609390 (1.0, 100000.0, 26, 10.0, 0.3, 0.2945, 2.0, 3) [0.12628009870138712 0.003148400816305553 0.005702411573688939] 10 54635.72235774994s
2022-07-18 06:37:29.566680 (1.0, 100000.0, 28, 10.0, 0.3, 0.2933, 2.0, 3) [0.11532323525091845 0.002646834785790622 0.006330171963473834] 10 34044.27413368225s
2022-07-18 07:44:36.236783 (1.0, 100000.0, 25, 10.0, 0.3, 0.2955, 2.0, 3) [0.1287743605938744 0.0040999907018895165 0.006477402401870418] 10 17925.490010499954s
2022-07-18 10:32:48.712416 (1.0, 100000.0, 27, 10.0, 0.3, 0.2955, 2.0, 3) [0.11926270603855439 0.0025684667449130854 0.006464347269702056] 10 29611.617242336273s
2022-07-18 11:26:58.361500 (1.0, 100000.0, 24, 10.0, 0.3, 0.2933, 2.0, 3) [0.1345079440952999 0.003029457111078416 0.006348832417902326] 10 85120.21602869034s
2022-07-18 12:46:21.971058 (1.0, 100000.0, 25, 10.0, 0.3, 0.2955, 2.0, 3) [0.12941125214074026 0.002981350601594505 0.006278015031396018] 10 18105.73185658455s
2022-07-18 15:28:19.174193 (1.0, 100000.0, 29, 10.0, 0.3, 0.2955, 2.0, 3) [0.1097870042233289 0.0019300326797336126 0.006933420982028306] 10 37379.03930974007s
2022-07-18 15:53:45.399835 (1.0, 100000.0, 28, 10.0, 0.3, 0.2933, 2.0, 3) [0.11781260015756598 0.004725856701700733 0.005527549145713103] 10 33375.813178539276s
2022-07-18 17:26:55.752155 (1.0, 100000.0, 25, 10.0, 0.3, 0.294, 2.0, 3) [0.13004411377163277 0.0031945020620228618 0.006075964756994706] 10 16829.457907676697s
2022-07-18 17:39:19.988283 (1.0, 100000.0, 30, 10.0, 0.3, 0.2948, 2.0, 3) [0.1074212085456255 0.002717250786041007 0.006421480185619083] 10 44024.63303613663s
2022-07-18 18:40:13.067901 (1.0, 100000.0, 27, 10.0, 0.3, 0.2955, 2.0, 3) [0.11632624189658086 0.003918279761930567 0.007536688090616789] 10 29244.352736234665s
2022-07-18 22:06:18.664189 (1.0, 100000.0, 25, 10.0, 0.3, 0.294, 2.0, 3) [0.13059103441279712 0.0028175649961040914 0.005910295997525677] 10 16762.90984892845s
2022-07-19 01:21:07.238101 (1.0, 100000.0, 28, 10.0, 0.3, 0.2933, 2.0, 3) [0.1165414073879808 0.00222969685783691 0.005924464730031887] 10 34041.83431100845s
2022-07-19 01:53:19.314271 (1.0, 100000.0, 29, 10.0, 0.3, 0.2955, 2.0, 3) [0.10657882378153236 0.0017482887303034852 0.008343608679483949] 10 37500.1374874115s
2022-07-19 02:37:58.091546 (1.0, 100000.0, 27, 10.0, 0.3, 0.2955, 2.0, 3) [0.11742441335490003 0.002283647729806193 0.0071252691271774336] 10 28665.02057313919s
2022-07-19 02:48:26.107342 (1.0, 100000.0, 25, 10.0, 0.3, 0.294, 2.0, 3) [0.1265850333045234 0.0033357599800492767 0.007211311058563554] 10 16927.439521551132s
2022-07-19 06:17:05.918051 (1.0, 100000.0, 30, 10.0, 0.3, 0.2948, 2.0, 3) [0.10526917821553529 0.003977615762697387 0.007288207315231235] 10 45465.92206120491s
2022-07-19 07:30:24.873433 (1.0, 100000.0, 25, 10.0, 0.3, 0.294, 2.0, 3) [0.13266145065824334 0.0024226805590109464 0.0053387230217855014] 10 16918.76354122162s
2022-07-19 10:27:34.668498 (1.0, 100000.0, 27, 10.0, 0.3, 0.2955, 2.0, 3) [0.11568265598085267 0.0031856367621498874 0.007828069583539954] 10 28176.573912382126s
2022-07-19 11:01:23.297158 (1.0, 100000.0, 24, 10.0, 0.3, 0.2933, 2.0, 3) [0.1344316425173784 0.0023931490613015556 0.00637722014482868] 10 84864.92884230614s
2022-07-19 12:07:26.000834 (1.0, 100000.0, 25, 10.0, 0.3, 0.294, 2.0, 3) [0.12921496678448033 0.002316887648104458 0.006325943841143282] 10 16621.12490415573s
2022-07-19 16:40:10.162413 (1.0, 100000.0, 30, 10.0, 0.3, 0.2948, 2.0, 3) [0.1031328876103265 0.002636362509896561 0.008269235375746373] 10 37384.239805698395s
2022-07-19 16:42:34.306866 (1.0, 100000.0, 25, 10.0, 0.3, 0.294, 2.0, 3) [0.13118869271637215 0.004722935836419903 0.005742103598272547] 10 16508.284011363983s
2022-07-19 17:55:04.440312 (1.0, 100000.0, 26, 10.0, 0.3, 0.2945, 2.0, 3) [0.12567025943198354 0.002009474211751009 0.0058917547018606615] 10 129572.82453942299s
2022-07-19 19:11:58.201161 (1.0, 100000.0, 27, 10.0, 0.3, 0.2955, 2.0, 3) [0.11716225906177646 0.0024715289990379138 0.007226894973847112] 10 31463.530343532562s
2022-07-19 21:16:27.756199 (1.0, 100000.0, 25, 10.0, 0.3, 0.294, 2.0, 3) [0.12694706895350777 0.0038639079459407764 0.007075274144959891] 10 16433.44651412964s
2022-07-20 01:50:13.775102 (1.0, 100000.0, 25, 10.0, 0.3, 0.294, 2.0, 3) [0.13166843718435242 0.003794506430536401 0.005605327530235744] 10 16426.01629304886s
2022-07-20 02:20:06.270506 (1.0, 100000.0, 30, 10.0, 0.3, 0.2948, 2.0, 3) [0.10859136640898037 0.0034016145453167872 0.005994019739760814] 10 34796.105046749115s
2022-07-20 02:54:48.438320 (1.0, 100000.0, 28, 10.0, 0.3, 0.2933, 2.0, 3) [0.11686042518990103 0.003144713927281338 0.005811928270039184] 10 92021.19778132439s
2022-07-20 03:04:41.195418 (1.0, 100000.0, 29, 10.0, 0.3, 0.2955, 2.0, 3) [0.10721636053048887 0.0025031461723821796 0.008030673472840876] 10 90681.87882065773s
2022-07-20 06:24:38.704573 (1.0, 100000.0, 25, 10.0, 0.3, 0.294, 2.0, 3) [0.12718496817120337 0.002654107432778821 0.006988742651536057] 10 16464.927041769028s
2022-07-20 08:30:15.271618 (1.0, 100000.0, 27, 10.0, 0.3, 0.2948, 2.0, 3) [0.11642340973839138 0.0032150283028242106 0.007510934446582624] 10 47892.710813999176s
2022-07-20 10:37:08.797686 (1.0, 100000.0, 24, 10.0, 0.3, 0.2933, 2.0, 3) [0.13474076323109505 0.0032791977973907526 0.0062898995248847] 10 84945.49381422997s
2022-07-20 10:52:28.700299 (1.0, 100000.0, 26, 10.0, 0.3, 0.2945, 2.0, 3) [0.12252584793797823 0.0030502747502669405 0.0069059200885639195] 10 61044.256905555725s
2022-07-20 10:58:19.287607 (1.0, 100000.0, 30, 10.0, 0.3, 0.2948, 2.0, 3) [0.10586921561695167 0.004065320550282132 0.00705020343216582] 10 31093.013957977295s
2022-07-20 10:58:32.899887 (1.0, 100000.0, 25, 10.0, 0.3, 0.294, 2.0, 3) [0.130878220274641 0.0029732839956863326 0.005819158227399766] 10 16434.18082523346s
2022-07-20 11:49:28.390746 (1.0, 100000.0, 28, 10.0, 0.3, 0.2933, 2.0, 3) [0.11226974745410676 0.003925214955560918 0.007498743855153825] 10 32079.94973564148s
2022-07-20 13:34:13.240014 (1.0, 100000.0, 29, 10.0, 0.3, 0.2955, 2.0, 3) [0.10893893934827378 0.002594367823107152 0.007287205546495442] 10 37772.042164087296s
2022-07-20 15:38:39.965119 (1.0, 100000.0, 25, 10.0, 0.3, 0.2948, 2.0, 3) [0.12935729931715062 0.003402650068773171 0.006298171242009158] 10 16799.174295425415s
2022-07-20 19:36:34.138381 (1.0, 100000.0, 30, 10.0, 0.3, 0.2948, 2.0, 3) [0.1060310578517141 0.0021846437521687656 0.006970153369706787] 10 31094.84823489189s
2022-07-20 20:23:07.627516 (1.0, 100000.0, 25, 10.0, 0.3, 0.2948, 2.0, 3) [0.13013480542108843 0.0028623777442243837 0.006057322823792734] 10 17067.66011071205s
2022-07-20 21:16:23.128040 (1.0, 100000.0, 28, 10.0, 0.3, 0.2933, 2.0, 3) [0.11530850898946021 0.0030734349386229757 0.006333023196706307] 10 34014.73492836952s
2022-07-20 23:35:48.010018 (1.0, 100000.0, 27, 10.0, 0.3, 0.2948, 2.0, 3) [0.12047005374562564 0.002238441542515126 0.006056617935360675] 10 54332.728586912155s
2022-07-21 00:10:37.367680 (1.0, 100000.0, 29, 10.0, 0.3, 0.2955, 2.0, 3) [0.10855604786477861 0.002123367395432986 0.0074435155968269745] 10 38184.125453948975s
2022-07-21 01:05:40.817663 (1.0, 100000.0, 25, 10.0, 0.3, 0.2948, 2.0, 3) [0.12846692605409962 0.004738952047478136 0.006580278571337506] 10 16953.18003630638s
2022-07-21 04:42:58.733948 (1.0, 100000.0, 30, 10.0, 0.3, 0.2945, 2.0, 3) [0.10588016278042311 0.003261210962016461 0.007026579992312839] 10 32780.06052279472s
2022-07-21 05:45:38.361857 (1.0, 100000.0, 25, 10.0, 0.3, 0.2948, 2.0, 3) [0.1299280099087961 0.004482676724254713 0.006120921090790937] 10 16797.542054653168s
2022-07-21 06:22:02.911872 (1.0, 100000.0, 28, 10.0, 0.3, 0.2933, 2.0, 3) [0.1142408922489448 0.003424554604625105 0.006724278299304553] 10 32739.76229453087s
2022-07-21 10:16:15.186296 (1.0, 100000.0, 24, 10.0, 0.3, 0.2933, 2.0, 3) [0.13775273160241042 0.0038726008126086825 0.005443392741733696] 10 85146.38160014153s
2022-07-21 10:25:16.228950 (1.0, 100000.0, 25, 10.0, 0.3, 0.2948, 2.0, 3) [0.13119899050528444 0.0029673724775174273 0.005735226550995948] 10 16777.864579916s
2022-07-21 10:58:08.997329 (1.0, 100000.0, 29, 10.0, 0.3, 0.2955, 2.0, 3) [0.1081885932192476 0.004225452361973312 0.007596435901251627] 10 38851.62495350838s
2022-07-21 13:15:29.336369 (1.0, 100000.0, 30, 10.0, 0.3, 0.2945, 2.0, 3) [0.10541158416300447 0.004194897431497011 0.0072270366954313315] 10 30750.578463315964s
2022-07-21 14:14:33.572751 (1.0, 100000.0, 26, 10.0, 0.3, 0.2945, 2.0, 3) [0.12294849733936417 0.004254454327043591 0.006764021458801924] 10 98524.87008571625s
2022-07-21 15:06:14.784269 (1.0, 100000.0, 25, 10.0, 0.3, 0.2948, 2.0, 3) [0.12831881739779394 0.003231847373450433 0.006611022033598041] 10 16858.55289554596s
2022-07-21 16:08:14.193802 (1.0, 100000.0, 28, 10.0, 0.3, 0.2955, 2.0, 3) [0.11367073923533447 0.0018343978506734039 0.006957808979521493] 10 35167.189280986786s
2022-07-21 19:46:27.268383 (1.0, 100000.0, 25, 10.0, 0.3, 0.2948, 2.0, 3) [0.12820322498870954 0.0021538520111093746 0.006651839744054586] 10 16812.481679677963s
2022-07-21 21:18:59.609760 (1.0, 100000.0, 29, 10.0, 0.3, 0.2945, 2.0, 3) [0.11334493109777381 0.0058711302413234434 0.0056509635320337575] 10 37246.226410865784s
2022-07-21 21:32:33.755876 (1.0, 100000.0, 30, 10.0, 0.3, 0.2945, 2.0, 3) [0.10472125624219182 0.0027762895855020313 0.007526834277986973] 10 29824.284152030945s
2022-07-21 22:08:16.535572 (1.0, 100000.0, 27, 10.0, 0.3, 0.2948, 2.0, 3) [0.12085811503323161 0.004230318813110442 0.005944371044724911] 10 81148.52267193794s
2022-07-22 00:27:40.043773 (1.0, 100000.0, 25, 10.0, 0.3, 0.2948, 2.0, 3) [0.12928359813195167 0.003412652416382909 0.0063138260205467915] 10 16872.754997015s
2022-07-22 01:57:29.692569 (1.0, 100000.0, 28, 10.0, 0.3, 0.2955, 2.0, 3) [0.11283832094646011 0.00264963614705736 0.007300900095847846] 10 35355.48358106613s
2022-07-22 05:05:18.051790 (1.0, 100000.0, 25, 10.0, 0.3, 0.2948, 2.0, 3) [0.12966548657218083 0.004025531499849537 0.00618835585301332] 10 16657.96753025055s
2022-07-22 06:11:21.302394 (1.0, 100000.0, 30, 10.0, 0.3, 0.2945, 2.0, 3) [0.10690793846592482 0.004314692107972769 0.006613550728377376] 10 31127.54320693016s
2022-07-22 07:54:14.584354 (1.0, 100000.0, 29, 10.0, 0.3, 0.2945, 2.0, 3) [0.11201632807932346 0.0029641034643240983 0.006104717096329502] 10 38114.944278240204s
2022-07-22 09:42:52.940403 (1.0, 100000.0, 25, 10.0, 0.3, 0.2948, 2.0, 3) [0.1258837522714297 0.004462465918650518 0.00745701185635457] 10 16654.87773990631s
2022-07-22 09:56:06.546585 (1.0, 100000.0, 24, 10.0, 0.3, 0.2933, 2.0, 3) [0.13532925535280307 0.0028076040309461233 0.006112233403569041] 10 85191.35329508781s
2022-07-22 11:39:41.940332 (1.0, 100000.0, 28, 10.0, 0.3, 0.2955, 2.0, 3) [0.11528939209780037 0.0020811412861091436 0.006358568509947627] 10 34932.244539260864s
2022-07-22 14:23:12.170832 (1.0, 100000.0, 25, 10.0, 0.3, 0.2933, 2.0, 3) [0.1322469103417586 0.005009454961441888 0.005445193244291885] 10 16815.076466321945s
2022-07-22 14:36:29.375854 (1.0, 100000.0, 30, 10.0, 0.3, 0.2945, 2.0, 3) [0.10889419206140942 0.004446347605784859 0.005887373998531024] 10 30308.056181907654s
