2022-05-18 19:32:00.916580 (1.0, 100000.0, 8, 10.0, 0.3, 0.294, 2.0, 3) [0.3738928439044989 0.003752922042054793 0.010367802274037923] 10 123.46206283569336s
2022-05-18 19:32:46.135081 (1.0, 100000.0, 9, 10.0, 0.3, 0.292, 2.0, 3) [0.3481375951639626 0.005162622673687709 0.007800705023433237] 10 168.70971846580505s
2022-05-18 19:33:49.076471 (1.0, 100000.0, 8, 10.0, 0.3, 0.294, 2.0, 3) [0.38545307819874236 0.004756497757964695 0.008649171742423713] 10 108.15661787986755s
2022-05-18 19:35:28.737586 (1.0, 100000.0, 9, 10.0, 0.3, 0.292, 2.0, 3) [0.34959482568220956 0.006730690042014377 0.007609717265915334] 10 162.59994983673096s
2022-05-18 19:35:36.525931 (1.0, 100000.0, 8, 10.0, 0.3, 0.294, 2.0, 3) [0.379516459721362 0.008565994820425504 0.009493480130528796] 10 107.44617629051208s
2022-05-18 19:37:24.562432 (1.0, 100000.0, 8, 10.0, 0.3, 0.294, 2.0, 3) [0.3807035104330906 0.007253184071690852 0.009303316740695575] 10 108.03450679779053s
2022-05-18 19:38:11.647717 (1.0, 100000.0, 9, 10.0, 0.3, 0.292, 2.0, 3) [0.3454014712198772 0.005305574592777725 0.008190243923558127] 10 162.76399731636047s
2022-05-18 19:39:11.283464 (1.0, 100000.0, 8, 10.0, 0.3, 0.294, 2.0, 3) [0.3865025699263837 0.004042617963102796 0.008524977838650917] 10 106.70152616500854s
2022-05-18 19:40:54.451501 (1.0, 100000.0, 9, 10.0, 0.3, 0.292, 2.0, 3) [0.3475211959916232 0.004585605419586884 0.007887665981622837] 10 162.8017454147339s
2022-05-18 19:40:56.583743 (1.0, 100000.0, 8, 10.0, 0.3, 0.294, 2.0, 3) [0.38716444208596407 0.009475470312789098 0.008417024195787735] 10 105.27966523170471s
2022-05-18 19:42:45.294296 (1.0, 100000.0, 8, 10.0, 0.3, 0.294, 2.0, 3) [0.3796969731048932 0.006286906846732852 0.009463016133812199] 10 108.70827627182007s
2022-05-18 19:43:37.524407 (1.0, 100000.0, 9, 10.0, 0.3, 0.292, 2.0, 3) [0.34757132280204733 0.006736262941526991 0.007876335056366996] 10 163.05489993095398s
2022-05-18 19:44:33.777356 (1.0, 100000.0, 8, 10.0, 0.3, 0.294, 2.0, 3) [0.38430042608153725 0.005222908441536014 0.008809776375359601] 10 108.4807722568512s
2022-05-18 19:46:20.760419 (1.0, 100000.0, 9, 10.0, 0.3, 0.292, 2.0, 3) [0.3431469276042742 0.005679427974531886 0.00853015690494904] 10 163.2326636314392s
2022-05-18 19:46:21.847362 (1.0, 100000.0, 8, 10.0, 0.3, 0.294, 2.0, 3) [0.3831032415292715 0.01058124606530398 0.008951630927156085] 10 108.06722784042358s
2022-05-18 19:48:08.026663 (1.0, 100000.0, 8, 10.0, 0.3, 0.294, 2.0, 3) [0.38107912759572293 0.003934161327939213 0.009259797286390058] 10 106.17734289169312s
2022-05-18 19:49:03.288961 (1.0, 100000.0, 9, 10.0, 0.3, 0.292, 2.0, 3) [0.34480105821070317 0.006187686452041006 0.00829723623349804] 10 162.5261697769165s
2022-05-18 19:49:45.171452 (1.0, 100000.0, 8, 10.0, 0.3, 0.3001, 2.0, 3) [0.36909895291788286 0.007628012783510432 0.011201803740184941] 10 90.38927245140076s
2022-05-18 19:51:24.725630 (1.0, 100000.0, 8, 10.0, 0.3, 0.3001, 2.0, 3) [0.37171382961720706 0.003485765028237835 0.010740712848906897] 10 99.55227589607239s
2022-05-18 19:51:45.346620 (1.0, 100000.0, 9, 10.0, 0.3, 0.292, 2.0, 3) [0.34484979453309816 0.003995961805659225 0.008262961836192328] 10 162.0542664527893s
2022-05-18 19:53:11.389578 (1.0, 100000.0, 8, 10.0, 0.3, 0.3001, 2.0, 3) [0.3764175331633879 0.008570049438320362 0.010001603741212452] 10 106.6596245765686s
2022-05-18 19:54:27.492196 (1.0, 100000.0, 9, 10.0, 0.3, 0.292, 2.0, 3) [0.3459602370477283 0.004385054957036287 0.008102209605590042] 10 162.14384627342224s
2022-05-18 19:54:58.329902 (1.0, 100000.0, 8, 10.0, 0.3, 0.3001, 2.0, 3) [0.37302944627778306 0.00933072328338202 0.010522804897912822] 10 106.93708205223083s
2022-05-18 19:56:45.153835 (1.0, 100000.0, 8, 10.0, 0.3, 0.3001, 2.0, 3) [0.3783254068091025 0.004952409851886401 0.00969015945139308] 10 106.81855773925781s
2022-05-18 19:57:09.765394 (1.0, 100000.0, 9, 10.0, 0.3, 0.292, 2.0, 3) [0.34707875180988274 0.004463878527538824 0.007957119258231582] 10 162.2708764076233s
2022-05-18 19:58:32.176866 (1.0, 100000.0, 8, 10.0, 0.3, 0.3001, 2.0, 3) [0.37183851746660646 0.004278229293468015 0.010724542214709188] 10 107.01127195358276s
2022-05-18 20:00:02.282867 (1.0, 100000.0, 9, 10.0, 0.3, 0.288, 2.0, 3) [0.35306694815890943 0.005868243634572971 0.007143574407030635] 10 167.40505075454712s
2022-05-18 20:00:18.995351 (1.0, 100000.0, 8, 10.0, 0.3, 0.3001, 2.0, 3) [0.3716819432304274 0.005762004138503078 0.01074811806874776] 10 106.81497883796692s
2022-05-18 20:02:06.151423 (1.0, 100000.0, 8, 10.0, 0.3, 0.3001, 2.0, 3) [0.3724719049775734 0.006048314790375084 0.010615371394538083] 10 107.15393447875977s
2022-05-18 20:02:38.261625 (1.0, 100000.0, 9, 10.0, 0.3, 0.288, 2.0, 3) [0.35407713939366137 0.007242441784240761 0.0070087261857751555] 10 155.97672820091248s
2022-05-18 20:03:53.126759 (1.0, 100000.0, 8, 10.0, 0.3, 0.3001, 2.0, 3) [0.3755314752457541 0.004287987170066989 0.010126527235181244] 10 106.97290420532227s
2022-05-18 20:05:14.763449 (1.0, 100000.0, 9, 10.0, 0.3, 0.288, 2.0, 3) [0.35010610211629467 0.005468538073122076 0.007523377238442228] 10 156.49968814849854s
2022-05-18 20:05:40.161536 (1.0, 100000.0, 8, 10.0, 0.3, 0.3001, 2.0, 3) [0.371575714518181 0.005073296666346634 0.010748089270820702] 10 107.03253769874573s
2022-05-18 20:07:49.816656 (1.0, 100000.0, 8, 10.0, 0.3, 0.303, 2.0, 3) [0.3701952893840577 0.005466772420556182 0.011030180423222489] 10 125.43478536605835s
2022-05-18 20:07:51.476290 (1.0, 100000.0, 9, 10.0, 0.3, 0.288, 2.0, 3) [0.34914077370264707 0.003539390607411424 0.007656782762238308] 10 156.7092480659485s
2022-05-18 20:09:36.354030 (1.0, 100000.0, 8, 10.0, 0.3, 0.303, 2.0, 3) [0.3675053665660889 0.008033750638613397 0.011498532001420777] 10 106.53085923194885s
2022-05-18 20:10:27.356548 (1.0, 100000.0, 9, 10.0, 0.3, 0.288, 2.0, 3) [0.35224528620421236 0.005902033103704504 0.007235360503978208] 10 155.8783838748932s
2022-05-18 20:11:22.022481 (1.0, 100000.0, 8, 10.0, 0.3, 0.303, 2.0, 3) [0.36327707306759505 0.005476240522918669 0.012288487060716056] 10 105.66608691215515s
2022-05-18 20:13:03.198050 (1.0, 100000.0, 9, 10.0, 0.3, 0.288, 2.0, 3) [0.3529270419759825 0.005247102002119766 0.007170001801462745] 10 155.8386447429657s
2022-05-18 20:13:08.448545 (1.0, 100000.0, 8, 10.0, 0.3, 0.303, 2.0, 3) [0.37099239652094235 0.004646674360137255 0.010874555451971442] 10 106.41438674926758s
2022-05-18 20:14:54.978650 (1.0, 100000.0, 8, 10.0, 0.3, 0.303, 2.0, 3) [0.3683722366873908 0.0077677671529501275 0.011331097317050785] 10 106.52796959877014s
2022-05-18 20:15:39.466475 (1.0, 100000.0, 9, 10.0, 0.3, 0.288, 2.0, 3) [0.35468752141779697 0.0061623283087124964 0.0069374705353977845] 10 156.26642894744873s
2022-05-18 20:16:41.426124 (1.0, 100000.0, 8, 10.0, 0.3, 0.303, 2.0, 3) [0.37191419816062526 0.005104542948506328 0.010718106536126279] 10 106.44532513618469s
2022-05-18 20:18:15.598630 (1.0, 100000.0, 9, 10.0, 0.3, 0.288, 2.0, 3) [0.34970018010749715 0.00294035742045999 0.007574322508010667] 10 156.13010907173157s
2022-05-18 20:18:28.191255 (1.0, 100000.0, 8, 10.0, 0.3, 0.303, 2.0, 3) [0.3710245018024466 0.0036857110731604477 0.010901460765218068] 10 106.76275873184204s
2022-05-18 20:20:15.198588 (1.0, 100000.0, 8, 10.0, 0.3, 0.303, 2.0, 3) [0.3704374996761621 0.007124112583700745 0.010965492455298405] 10 107.00478339195251s
2022-05-18 20:20:51.090897 (1.0, 100000.0, 9, 10.0, 0.3, 0.288, 2.0, 3) [0.3494242022023835 0.0053333586323174535 0.007610167323174521] 10 155.48865723609924s
2022-05-18 20:22:01.291439 (1.0, 100000.0, 8, 10.0, 0.3, 0.303, 2.0, 3) [0.3669103247820577 0.005999390857989888 0.01162232682147112] 10 106.09032559394836s
2022-05-18 20:23:26.711572 (1.0, 100000.0, 9, 10.0, 0.3, 0.288, 2.0, 3) [0.34809239176302964 0.008964001451307385 0.007780226672137038] 10 155.61671948432922s
2022-05-18 20:23:47.877264 (1.0, 100000.0, 8, 10.0, 0.3, 0.303, 2.0, 3) [0.3688481206666467 0.008506505389398827 0.01124975933082538] 10 106.5836877822876s
2022-05-18 20:25:52.331639 (1.0, 100000.0, 8, 10.0, 0.3, 0.306, 2.0, 3) [0.3683866698298856 0.0053732968631999695 0.011349950263296164] 10 118.31442761421204s
2022-05-18 20:26:22.862915 (1.0, 100000.0, 9, 10.0, 0.3, 0.294, 2.0, 3) [0.340874068152903 0.0038538768640573613 0.008876243022843983] 10 165.87578320503235s
2022-05-18 20:27:39.042272 (1.0, 100000.0, 8, 10.0, 0.3, 0.306, 2.0, 3) [0.3680237519478435 0.004397390097412798 0.011403635092599567] 10 106.70888638496399s
2022-05-18 20:28:56.517560 (1.0, 100000.0, 9, 10.0, 0.3, 0.294, 2.0, 3) [0.3437683924972868 0.0024829946466080875 0.008442419779477035] 10 153.65258073806763s
2022-05-18 20:29:25.603202 (1.0, 100000.0, 8, 10.0, 0.3, 0.306, 2.0, 3) [0.3658039681147332 0.006617678409646437 0.011808182690338252] 10 106.5564968585968s
2022-05-18 20:31:10.496976 (1.0, 100000.0, 8, 10.0, 0.3, 0.306, 2.0, 3) [0.3638177396292605 0.004597364171130549 0.012182622110703598] 10 104.89165210723877s
2022-05-18 20:31:30.137641 (1.0, 100000.0, 9, 10.0, 0.3, 0.294, 2.0, 3) [0.34797938059311234 0.0033275702757269853 0.007840342177083041] 10 153.61777353286743s
2022-05-18 20:32:55.843587 (1.0, 100000.0, 8, 10.0, 0.3, 0.306, 2.0, 3) [0.3641524015766469 0.004564031317380823 0.012122522060678308] 10 105.34128546714783s
2022-05-18 20:34:02.347030 (1.0, 100000.0, 9, 10.0, 0.3, 0.294, 2.0, 3) [0.34515839119805275 0.005270802757393715 0.008223572108491794] 10 152.20628786087036s
2022-05-18 20:34:42.171648 (1.0, 100000.0, 8, 10.0, 0.3, 0.306, 2.0, 3) [0.3623799759800497 0.005130193742059563 0.01245699001745083] 10 106.32578611373901s
2022-05-18 20:36:27.632278 (1.0, 100000.0, 8, 10.0, 0.3, 0.306, 2.0, 3) [0.3681894062818305 0.006857831629577721 0.011392252791209765] 10 105.4586455821991s
2022-05-18 20:36:34.592924 (1.0, 100000.0, 9, 10.0, 0.3, 0.294, 2.0, 3) [0.34443846341222906 0.006714015584849825 0.008339586446143236] 10 152.24355173110962s
2022-05-18 20:38:14.519815 (1.0, 100000.0, 8, 10.0, 0.3, 0.306, 2.0, 3) [0.3645845167447983 0.004071704065583963 0.012073126789078572] 10 106.88368344306946s
2022-05-18 20:39:06.548766 (1.0, 100000.0, 9, 10.0, 0.3, 0.294, 2.0, 3) [0.3436699366738575 0.004953292772132633 0.008453191162914563] 10 151.95348405838013s
2022-05-18 20:40:01.314185 (1.0, 100000.0, 8, 10.0, 0.3, 0.306, 2.0, 3) [0.36576544230175967 0.005330957345706148 0.011801116918318295] 10 106.68908095359802s
2022-05-18 20:41:38.588805 (1.0, 100000.0, 9, 10.0, 0.3, 0.294, 2.0, 3) [0.34259424065523647 0.004881107086005621 0.008618808760281359] 10 152.0295639038086s
2022-05-18 20:41:47.310704 (1.0, 100000.0, 8, 10.0, 0.3, 0.306, 2.0, 3) [0.365428810007373 0.003983173022955684 0.011875313252743583] 10 105.99409484863281s
2022-05-18 20:44:02.310787 (1.0, 100000.0, 8, 10.0, 0.3, 0.314, 2.0, 3) [0.35477291167917124 0.0059276815875009105 0.014077109680300869] 10 123.86145853996277s
2022-05-18 20:44:10.580931 (1.0, 100000.0, 9, 10.0, 0.3, 0.294, 2.0, 3) [0.3397727505696379 0.006574149859540269 0.00904668873291416] 10 151.98996710777283s
2022-05-18 20:45:44.493532 (1.0, 100000.0, 8, 10.0, 0.3, 0.314, 2.0, 3) [0.35601993709637786 0.004360564631985442 0.013834158476664317] 10 102.1771194934845s
2022-05-18 20:46:42.783119 (1.0, 100000.0, 9, 10.0, 0.3, 0.294, 2.0, 3) [0.3432129045457042 0.003172229061321216 0.008514802465630123] 10 152.19977927207947s
2022-05-18 20:47:30.614381 (1.0, 100000.0, 8, 10.0, 0.3, 0.314, 2.0, 3) [0.35700945116383564 0.00681446438347969 0.013630960847080245] 10 106.11829161643982s
2022-05-18 20:49:15.126110 (1.0, 100000.0, 9, 10.0, 0.3, 0.294, 2.0, 3) [0.3423306264680642 0.004906523663101901 0.008647320458128233] 10 152.33973693847656s
2022-05-18 20:49:16.751113 (1.0, 100000.0, 8, 10.0, 0.3, 0.314, 2.0, 3) [0.353199537807894 0.006845130195705228 0.014433884179058847] 10 106.13421320915222s
2022-05-18 20:51:03.032254 (1.0, 100000.0, 8, 10.0, 0.3, 0.314, 2.0, 3) [0.3523282413704352 0.00608517694432207 0.014631448922720489] 10 106.27916526794434s
2022-05-18 20:52:10.621722 (1.0, 100000.0, 9, 10.0, 0.3, 0.297, 2.0, 3) [0.3412055285069581 0.0038769618850860036 0.008846613141589956] 10 171.64905500411987s
2022-05-18 20:52:49.742197 (1.0, 100000.0, 8, 10.0, 0.3, 0.314, 2.0, 3) [0.3471157531379516 0.0068235348092839515 0.015867873121940566] 10 106.70339179039001s
2022-05-18 20:54:36.541737 (1.0, 100000.0, 8, 10.0, 0.3, 0.314, 2.0, 3) [0.3575269757662975 0.007480881974466508 0.013498452708620266] 10 106.797358751297s
2022-05-18 20:54:51.940472 (1.0, 100000.0, 9, 10.0, 0.3, 0.297, 2.0, 3) [0.3367181405932527 0.005772743482143589 0.009566346920425179] 10 161.30816006660461s
2022-05-18 20:56:24.639321 (1.0, 100000.0, 8, 10.0, 0.3, 0.314, 2.0, 3) [0.3517234623774418 0.011803251439446489 0.014798086106270762] 10 108.0951235294342s
2022-05-18 20:57:32.961597 (1.0, 100000.0, 9, 10.0, 0.3, 0.297, 2.0, 3) [0.3414745275127205 0.007109639242489647 0.008812754905871982] 10 161.01832175254822s
2022-05-18 20:58:11.157168 (1.0, 100000.0, 8, 10.0, 0.3, 0.314, 2.0, 3) [0.35369927235820164 0.004181954117253869 0.014331270609550707] 10 106.51513624191284s
2022-05-18 20:59:57.562810 (1.0, 100000.0, 8, 10.0, 0.3, 0.314, 2.0, 3) [0.35058153855804625 0.006002664942307753 0.015044745329071905] 10 106.40289664268494s
2022-05-18 21:00:13.775727 (1.0, 100000.0, 9, 10.0, 0.3, 0.297, 2.0, 3) [0.34308093735000905 0.0029668960548380682 0.008530851987024874] 10 160.81157755851746s
2022-05-18 21:02:00.454323 (1.0, 100000.0, 8, 10.0, 0.3, 0.267, 2.0, 3) [0.41895340758381305 0.007181146506094119 0.005046104347437377] 10 115.66486477851868s
2022-05-18 21:02:54.170483 (1.0, 100000.0, 9, 10.0, 0.3, 0.297, 2.0, 3) [0.33663647987493633 0.008586355301505673 0.009601683847640373] 10 160.3837707042694s
2022-05-18 21:03:45.842008 (1.0, 100000.0, 8, 10.0, 0.3, 0.267, 2.0, 3) [0.4237989504364141 0.004763924949741876 0.004680195429185755] 10 105.38578915596008s
2022-05-18 21:05:31.096491 (1.0, 100000.0, 8, 10.0, 0.3, 0.267, 2.0, 3) [0.42285798935107305 0.0068773491517930725 0.004752419676964862] 10 105.25250244140625s
2022-05-18 21:05:34.381888 (1.0, 100000.0, 9, 10.0, 0.3, 0.297, 2.0, 3) [0.3392122921166875 0.005991537903756445 0.009163081985208835] 10 160.2091042995453s
2022-05-18 21:07:14.412970 (1.0, 100000.0, 8, 10.0, 0.3, 0.267, 2.0, 3) [0.4234140613592273 0.007759706132800983 0.00470294268796275] 10 103.3134400844574s
2022-05-18 21:08:10.494309 (1.0, 100000.0, 9, 10.0, 0.3, 0.297, 2.0, 3) [0.3389263001163798 0.0074736733539412245 0.009194152323180561] 10 156.11043500900269s
2022-05-18 21:08:51.578855 (1.0, 100000.0, 8, 10.0, 0.3, 0.267, 2.0, 3) [0.4286868005909079 0.007456667640270578 0.004337129761620727] 10 97.16326427459717s
2022-05-18 21:10:28.901637 (1.0, 100000.0, 8, 10.0, 0.3, 0.267, 2.0, 3) [0.42536331705960345 0.004548656289742315 0.004568712277214549] 10 97.31714224815369s
2022-05-18 21:10:48.707073 (1.0, 100000.0, 9, 10.0, 0.3, 0.297, 2.0, 3) [0.3397216287144624 0.005470329552459744 0.009065243023704553] 10 158.21065759658813s
2022-05-18 21:12:12.733526 (1.0, 100000.0, 8, 10.0, 0.3, 0.267, 2.0, 3) [0.42731855008788633 0.007065927029789609 0.004434120731423657] 10 103.82956004142761s
2022-05-18 21:13:28.871067 (1.0, 100000.0, 9, 10.0, 0.3, 0.297, 2.0, 3) [0.34061108958953573 0.005067553658570455 0.008946724852539716] 10 160.16171193122864s
2022-05-18 21:13:56.566806 (1.0, 100000.0, 8, 10.0, 0.3, 0.267, 2.0, 3) [0.4308680222496338 0.006294303568576398 0.004183300819699541] 10 103.83084082603455s
2022-05-18 21:15:40.723177 (1.0, 100000.0, 8, 10.0, 0.3, 0.267, 2.0, 3) [0.4225661864873817 0.005491020996866254 0.004768184381095496] 10 104.1541337966919s
2022-05-18 21:16:08.714159 (1.0, 100000.0, 9, 10.0, 0.3, 0.297, 2.0, 3) [0.34101595486392905 0.006381393898369276 0.008873749167934653] 10 159.83159947395325s
2022-05-18 21:17:23.974458 (1.0, 100000.0, 8, 10.0, 0.3, 0.267, 2.0, 3) [0.4224035035475737 0.005470103698809363 0.0047835814072474305] 10 103.24881148338318s
2022-05-18 21:19:06.752577 (1.0, 100000.0, 9, 10.0, 0.3, 0.314, 2.0, 3) [0.31675018145748346 0.004273462237647986 0.013730852084087353] 10 172.9844868183136s
2022-05-18 21:19:28.496705 (1.0, 100000.0, 8, 10.0, 0.3, 0.327, 2.0, 3) [0.33844553539158867 0.005022990980531134 0.01832792323268314] 10 119.86769914627075s
2022-05-18 21:21:15.911757 (1.0, 100000.0, 8, 10.0, 0.3, 0.327, 2.0, 3) [0.3391801306736446 0.006321851508898089 0.0180871644623295] 10 107.4086549282074s
2022-05-18 21:21:48.192025 (1.0, 100000.0, 9, 10.0, 0.3, 0.314, 2.0, 3) [0.3162951718986098 0.006734314257794733 0.01384237985033709] 10 160.98868012428284s
2022-05-18 21:23:02.859285 (1.0, 100000.0, 8, 10.0, 0.3, 0.327, 2.0, 3) [0.33753536002413576 0.004134734175071914 0.018539034957741757] 10 106.94536352157593s
2022-05-18 21:24:28.156247 (1.0, 100000.0, 9, 10.0, 0.3, 0.314, 2.0, 3) [0.3149175995096494 0.003920864466374264 0.014137165591179937] 10 159.96226501464844s
2022-05-18 21:24:49.886862 (1.0, 100000.0, 8, 10.0, 0.3, 0.327, 2.0, 3) [0.33216376043047774 0.00811454461119245 0.02016567929703131] 10 107.02443194389343s
2022-05-18 21:26:36.883322 (1.0, 100000.0, 8, 10.0, 0.3, 0.327, 2.0, 3) [0.3374931693458525 0.006488629706031703 0.018565846893964108] 10 106.98516821861267s
2022-05-18 21:27:08.617779 (1.0, 100000.0, 9, 10.0, 0.3, 0.314, 2.0, 3) [0.31393934601970985 0.004156995566190759 0.014406358434513619] 10 160.45909762382507s
2022-05-18 21:28:23.372451 (1.0, 100000.0, 8, 10.0, 0.3, 0.327, 2.0, 3) [0.33663529661822705 0.0043270954934363426 0.018797647051861852] 10 106.48670053482056s
2022-05-18 21:29:48.994021 (1.0, 100000.0, 9, 10.0, 0.3, 0.314, 2.0, 3) [0.31854925839279574 0.00516489643487487 0.013268762595832628] 10 160.37416291236877s
2022-05-18 21:30:10.822815 (1.0, 100000.0, 8, 10.0, 0.3, 0.327, 2.0, 3) [0.3343270418024364 0.004950246572130422 0.019518905493656643] 10 107.44709610939026s
2022-05-18 21:31:58.597204 (1.0, 100000.0, 8, 10.0, 0.3, 0.327, 2.0, 3) [0.33178534631119255 0.005393368452244944 0.02030752870041339] 10 107.77184391021729s
2022-05-18 21:32:29.331542 (1.0, 100000.0, 9, 10.0, 0.3, 0.314, 2.0, 3) [0.3122228710488712 0.004819563432428798 0.014856517026104167] 10 160.33524632453918s
2022-05-18 21:33:45.747024 (1.0, 100000.0, 8, 10.0, 0.3, 0.327, 2.0, 3) [0.334853247908755 0.0049027556245494815 0.019354310121946938] 10 107.14702272415161s
2022-05-18 21:35:09.620538 (1.0, 100000.0, 9, 10.0, 0.3, 0.314, 2.0, 3) [0.3148533618312271 0.005015996669531211 0.014207498198017796] 10 160.28703022003174s
2022-05-18 21:35:32.042688 (1.0, 100000.0, 8, 10.0, 0.3, 0.327, 2.0, 3) [0.33015339754674944 0.006646596558593985 0.02080569789759518] 10 106.2933738231659s
2022-05-18 21:37:40.718943 (1.0, 100000.0, 8, 10.0, 0.3, 0.297, 2.0, 3) [0.37485475999712436 0.008109264380153351 0.01020519237335881] 10 120.41834497451782s
2022-05-18 21:37:50.141891 (1.0, 100000.0, 9, 10.0, 0.3, 0.314, 2.0, 3) [0.31551893008266957 0.005935295497281589 0.014034053375440633] 10 160.5138475894928s
2022-05-18 21:39:26.980737 (1.0, 100000.0, 8, 10.0, 0.3, 0.297, 2.0, 3) [0.3784082801318828 0.0051822703525492425 0.009647667002690671] 10 106.25983381271362s
2022-05-18 21:40:30.882809 (1.0, 100000.0, 9, 10.0, 0.3, 0.314, 2.0, 3) [0.31092518864782065 0.004072279881946304 0.01519290790211933] 10 160.73870158195496s
2022-05-18 21:41:13.722958 (1.0, 100000.0, 8, 10.0, 0.3, 0.297, 2.0, 3) [0.3758931061851368 0.006849741371801437 0.010060754069590234] 10 106.73933553695679s
2022-05-18 21:42:57.547659 (1.0, 100000.0, 8, 10.0, 0.3, 0.297, 2.0, 3) [0.37694147511581133 0.006618969156116974 0.009886004109476813] 10 103.81610608100891s
2022-05-18 21:43:11.167683 (1.0, 100000.0, 9, 10.0, 0.3, 0.314, 2.0, 3) [0.31810230957332286 0.004146501827467613 0.0133907041350993] 10 160.2827115058899s
2022-05-18 21:44:41.338463 (1.0, 100000.0, 8, 10.0, 0.3, 0.297, 2.0, 3) [0.37603681781637627 0.0037910539777268317 0.010011987205066823] 10 103.78720951080322s
2022-05-18 21:46:24.907386 (1.0, 100000.0, 8, 10.0, 0.3, 0.297, 2.0, 3) [0.3791195011205327 0.004348368929826865 0.009555513833708206] 10 103.56463813781738s
2022-05-18 21:46:55.782960 (1.0, 100000.0, 9, 10.0, 0.3, 0.327, 2.0, 3) [0.2986030041480793 0.004210504538807875 0.018957359324892592] 10 171.72436451911926s
2022-05-18 21:48:11.561236 (1.0, 100000.0, 8, 10.0, 0.3, 0.297, 2.0, 3) [0.3770083857860598 0.004617517750414383 0.009865038141192757] 10 106.65082049369812s
2022-05-18 21:49:39.991775 (1.0, 100000.0, 9, 10.0, 0.3, 0.327, 2.0, 3) [0.29843351466000534 0.004712488953338492 0.019033393715214293] 10 164.2059543132782s
2022-05-18 21:49:58.916550 (1.0, 100000.0, 8, 10.0, 0.3, 0.297, 2.0, 3) [0.38060906167350494 0.004163308884529818 0.009325529618144623] 10 107.35223913192749s
2022-05-18 21:51:43.461204 (1.0, 100000.0, 8, 10.0, 0.3, 0.297, 2.0, 3) [0.38018593645326965 0.007202025858587028 0.009406761151416646] 10 104.54224276542664s
2022-05-18 21:52:20.752260 (1.0, 100000.0, 9, 10.0, 0.3, 0.327, 2.0, 3) [0.2940218314496708 0.006057819898650932 0.020538465833246644] 10 160.52928233146667s
2022-05-18 21:53:29.246109 (1.0, 100000.0, 8, 10.0, 0.3, 0.297, 2.0, 3) [0.3826866964216149 0.007005754119468298 0.009059261339922813] 10 105.78170442581177s
2022-05-18 21:55:01.740996 (1.0, 100000.0, 9, 10.0, 0.3, 0.327, 2.0, 3) [0.2999791996455584 0.0058156607450562505 0.018511279426353163] 10 160.983704328537s
2022-05-18 21:55:48.326952 (1.0, 100000.0, 8, 10.0, 0.3, 0.28, 2.0, 3) [0.4043630476549879 0.004153561345733997 0.006391557795007115] 10 132.5457739830017s
2022-05-18 21:57:33.550459 (1.0, 100000.0, 8, 10.0, 0.3, 0.28, 2.0, 3) [0.40345959795770003 0.005767964040942882 0.006466254160505175] 10 105.22089076042175s
2022-05-18 21:57:42.906607 (1.0, 100000.0, 9, 10.0, 0.3, 0.327, 2.0, 3) [0.2950491857784218 0.009170349592935478 0.020187487066669788] 10 161.13610434532166s
2022-05-18 21:59:18.773278 (1.0, 100000.0, 8, 10.0, 0.3, 0.28, 2.0, 3) [0.4023607420721668 0.006360813436833553 0.006587248756553434] 10 105.18922281265259s
2022-05-18 22:00:23.375132 (1.0, 100000.0, 9, 10.0, 0.3, 0.327, 2.0, 3) [0.29538419577229963 0.0057860974252336335 0.020085589872161136] 10 160.4656274318695s
2022-05-18 22:01:01.560067 (1.0, 100000.0, 8, 10.0, 0.3, 0.28, 2.0, 3) [0.4047106821825253 0.00388808290267767 0.006346875692973312] 10 102.78185272216797s
2022-05-18 22:02:44.478793 (1.0, 100000.0, 8, 10.0, 0.3, 0.28, 2.0, 3) [0.4054552394586341 0.005022923188852624 0.006271785882699913] 10 102.91545534133911s
2022-05-18 22:03:03.884353 (1.0, 100000.0, 9, 10.0, 0.3, 0.327, 2.0, 3) [0.3015296270562013 0.004205979435647548 0.01801123454680973] 10 160.50120854377747s
2022-05-18 22:04:27.867419 (1.0, 100000.0, 8, 10.0, 0.3, 0.28, 2.0, 3) [0.40445058911515414 0.00655543995154921 0.006379117959090095] 10 103.38546133041382s
2022-05-18 22:05:44.255515 (1.0, 100000.0, 9, 10.0, 0.3, 0.327, 2.0, 3) [0.29720594728758537 0.003366679952594091 0.019438122060880598] 10 160.36809277534485s
2022-05-18 22:06:12.463234 (1.0, 100000.0, 8, 10.0, 0.3, 0.28, 2.0, 3) [0.40391536346747126 0.004754098248362497 0.006430999223305429] 10 104.58586692810059s
2022-05-18 22:07:58.293830 (1.0, 100000.0, 8, 10.0, 0.3, 0.28, 2.0, 3) [0.402526440448778 0.006354544624373048 0.006563001155456705] 10 105.82640790939331s
2022-05-18 22:08:23.899000 (1.0, 100000.0, 9, 10.0, 0.3, 0.327, 2.0, 3) [0.29933350220003296 0.004828271526124266 0.018720445873612067] 10 159.63367128372192s
2022-05-18 22:09:43.924205 (1.0, 100000.0, 8, 10.0, 0.3, 0.28, 2.0, 3) [0.4043544031656249 0.005182721110979351 0.006378707325053725] 10 105.58740234375s
2022-05-18 22:11:04.418004 (1.0, 100000.0, 9, 10.0, 0.3, 0.327, 2.0, 3) [0.2948022718689765 0.006171885358837576 0.020272449653482454] 10 160.51534819602966s
2022-05-18 22:11:27.525372 (1.0, 100000.0, 8, 10.0, 0.3, 0.28, 2.0, 3) [0.4091993107244127 0.007033479386302642 0.005939401591861133] 10 103.59579539299011s
2022-05-18 22:13:33.934378 (1.0, 100000.0, 8, 10.0, 0.3, 0.288, 2.0, 3) [0.3959629513948711 0.004460887200774803 0.007313545363516427] 10 123.84056949615479s
2022-05-18 22:14:03.993533 (1.0, 100000.0, 9, 10.0, 0.3, 0.306, 2.0, 3) [0.3338072394694179 0.003557141982250426 0.010134187676319762] 10 169.46215391159058s
2022-05-18 22:15:22.336718 (1.0, 100000.0, 8, 10.0, 0.3, 0.288, 2.0, 3) [0.3821327664669421 0.006525904078036202 0.009080144625324724] 10 108.39657497406006s
2022-05-18 22:16:46.731625 (1.0, 100000.0, 9, 10.0, 0.3, 0.306, 2.0, 3) [0.32514557354593376 0.006426346435241801 0.011808436055633887] 10 162.73606991767883s
2022-05-18 22:17:09.385192 (1.0, 100000.0, 8, 10.0, 0.3, 0.288, 2.0, 3) [0.38980539122671426 0.004275357073699935 0.008041569552419229] 10 107.04590320587158s
2022-05-18 22:18:58.361444 (1.0, 100000.0, 8, 10.0, 0.3, 0.288, 2.0, 3) [0.38921649005385645 0.004970168967528439 0.008116719492233387] 10 108.97399926185608s
2022-05-18 22:19:25.047815 (1.0, 100000.0, 9, 10.0, 0.3, 0.306, 2.0, 3) [0.3243301868325874 0.006304584877904225 0.011940913808952685] 10 158.3133566379547s
2022-05-18 22:20:44.673019 (1.0, 100000.0, 8, 10.0, 0.3, 0.288, 2.0, 3) [0.3875717948498279 0.007522883083956481 0.008325101630565029] 10 106.30849027633667s
2022-05-18 22:22:04.008522 (1.0, 100000.0, 9, 10.0, 0.3, 0.306, 2.0, 3) [0.33123829455009557 0.008128520073284374 0.010577224898443467] 10 158.95797538757324s
2022-05-18 22:22:32.930084 (1.0, 100000.0, 8, 10.0, 0.3, 0.288, 2.0, 3) [0.3886015333498799 0.0038765966304655803 0.008197134315608917] 10 108.25427865982056s
2022-05-18 22:24:20.445098 (1.0, 100000.0, 8, 10.0, 0.3, 0.288, 2.0, 3) [0.39052554649151605 0.00512953268357963 0.007958496334498655] 10 107.51222920417786s
2022-05-18 22:24:43.238949 (1.0, 100000.0, 9, 10.0, 0.3, 0.306, 2.0, 3) [0.32434034720689725 0.005413566001635345 0.011945374437161153] 10 159.2277591228485s
2022-05-18 22:26:09.737596 (1.0, 100000.0, 8, 10.0, 0.3, 0.288, 2.0, 3) [0.39553589688525426 0.005449062370469788 0.007372073968754245] 10 109.2742247581482s
2022-05-18 22:27:23.311513 (1.0, 100000.0, 9, 10.0, 0.3, 0.306, 2.0, 3) [0.321154540359704 0.006141761711090003 0.012641628328553046] 10 160.07049179077148s
2022-05-18 22:27:57.769181 (1.0, 100000.0, 8, 10.0, 0.3, 0.288, 2.0, 3) [0.386995128744971 0.00642675604243777 0.008416196424996667] 10 108.02888512611389s
2022-05-18 22:29:44.107830 (1.0, 100000.0, 8, 10.0, 0.3, 0.288, 2.0, 3) [0.38904681665050056 0.004239160879810991 0.008149311672847213] 10 106.31897497177124s
2022-05-18 22:30:15.855763 (1.0, 100000.0, 9, 10.0, 0.3, 0.306, 2.0, 3) [0.3230484413575855 0.005916692592446232 0.012209489627665738] 10 172.53770804405212s
2022-05-18 22:31:37.773335 (1.0, 100000.0, 8, 10.0, 0.3, 0.292, 2.0, 3) [0.3839895737079325 0.005727885686290199 0.008832856230824119] 10 111.09457063674927s
2022-05-18 22:32:56.879608 (1.0, 100000.0, 9, 10.0, 0.3, 0.306, 2.0, 3) [0.3260952031580676 0.008121949212724666 0.011588740608262562] 10 161.0208134651184s
2022-05-18 22:33:24.795950 (1.0, 100000.0, 8, 10.0, 0.3, 0.292, 2.0, 3) [0.38550529562842656 0.002803993932285855 0.008649865847688051] 10 106.96222925186157s
2022-05-18 22:35:10.848894 (1.0, 100000.0, 8, 10.0, 0.3, 0.292, 2.0, 3) [0.389393401626312 0.003868329689785208 0.008124054382096964] 10 106.04946112632751s
2022-05-18 22:35:38.900614 (1.0, 100000.0, 9, 10.0, 0.3, 0.306, 2.0, 3) [0.3242235008288444 0.0050985445125345495 0.01198131268486873] 10 162.0170772075653s
2022-05-18 22:36:57.625164 (1.0, 100000.0, 8, 10.0, 0.3, 0.292, 2.0, 3) [0.3789205544904212 0.005991791788109444 0.0095558022670109] 10 106.77236008644104s
2022-05-18 22:38:20.263303 (1.0, 100000.0, 9, 10.0, 0.3, 0.306, 2.0, 3) [0.3251934564250836 0.005441673566441787 0.011772697615163396] 10 161.3595094680786s
2022-05-18 22:38:44.700649 (1.0, 100000.0, 8, 10.0, 0.3, 0.292, 2.0, 3) [0.38543031002913597 0.0039376932325518085 0.00864590208733915] 10 107.07129216194153s
2022-05-18 22:40:31.970646 (1.0, 100000.0, 8, 10.0, 0.3, 0.292, 2.0, 3) [0.38763419665214177 0.005510881257901418 0.00835121369000715] 10 107.26783204078674s
2022-05-18 22:41:14.658458 (1.0, 100000.0, 9, 10.0, 0.3, 0.267, 2.0, 3) [0.3858700473691542 0.0070043146220519995 0.0039473584988221665] 10 169.7369568347931s
2022-05-18 22:42:17.324755 (1.0, 100000.0, 8, 10.0, 0.3, 0.292, 2.0, 3) [0.3810971121724277 0.004765597168793488 0.00925061973764145] 10 105.35062265396118s
2022-05-18 22:43:53.511626 (1.0, 100000.0, 9, 10.0, 0.3, 0.267, 2.0, 3) [0.38529412999978474 0.006621125453588124 0.0039965861137910876] 10 158.85072255134583s
2022-05-18 22:44:02.931287 (1.0, 100000.0, 8, 10.0, 0.3, 0.292, 2.0, 3) [0.38944701535861814 0.00501843960607701 0.008111685898615151] 10 105.6038920879364s
2022-05-18 22:45:49.411426 (1.0, 100000.0, 8, 10.0, 0.3, 0.292, 2.0, 3) [0.3874481605675006 0.0033759809112502057 0.008361030938817213] 10 106.47733068466187s
2022-05-18 22:46:32.498266 (1.0, 100000.0, 9, 10.0, 0.3, 0.267, 2.0, 3) [0.3893172196972 0.0033087769098526783 0.0037199582778088647] 10 158.8263759613037s
2022-05-18 22:47:36.804748 (1.0, 100000.0, 8, 10.0, 0.3, 0.292, 2.0, 3) [0.38498142130032303 0.004477455616395496 0.008710988693907441] 10 107.39024591445923s
2022-05-18 22:49:06.476803 (1.0, 100000.0, 9, 10.0, 0.3, 0.267, 2.0, 3) [0.38463184458862754 0.0037531165742426984 0.004035060401536277] 10 153.7650921344757s
2022-05-18 22:51:40.363869 (1.0, 100000.0, 9, 10.0, 0.3, 0.267, 2.0, 3) [0.38342242787092723 0.004987344618762598 0.004137139272805816] 10 153.87938809394836s
2022-05-18 22:54:14.889050 (1.0, 100000.0, 9, 10.0, 0.3, 0.267, 2.0, 3) [0.3886977514214135 0.008955829420434018 0.003771828291753917] 10 154.50264048576355s
2022-05-18 22:56:49.225645 (1.0, 100000.0, 9, 10.0, 0.3, 0.267, 2.0, 3) [0.3857315325010086 0.004328407953249568 0.003966660362656857] 10 154.33169960975647s
2022-05-18 22:59:23.359330 (1.0, 100000.0, 9, 10.0, 0.3, 0.267, 2.0, 3) [0.38632204413655524 0.0054467661905659775 0.003926712595806669] 10 154.12668371200562s
2022-05-18 23:01:57.169370 (1.0, 100000.0, 9, 10.0, 0.3, 0.267, 2.0, 3) [0.38194022838031655 0.006311345357755369 0.004238761696402911] 10 153.7694127559662s
2022-05-18 23:04:31.000943 (1.0, 100000.0, 9, 10.0, 0.3, 0.267, 2.0, 3) [0.3757997618503962 0.008129604365098126 0.0047299907943130545] 10 153.82866191864014s
2022-05-18 23:11:04.394162 (1.0, 100000.0, 9, 10.0, 0.3, 0.28, 2.0, 3) [0.36163701229533063 0.008644581644126575 0.006109527214735338] 10 157.31324863433838s
2022-05-18 23:13:18.845479 (1.0, 100000.0, 9, 10.0, 0.3, 0.28, 2.0, 3) [0.36392748561543603 0.006078857746226288 0.005878418908573033] 10 134.39858198165894s
2022-05-18 23:15:59.593983 (1.0, 100000.0, 9, 10.0, 0.3, 0.28, 2.0, 3) [0.36583448551392056 0.0032548410499684383 0.005680396404811826] 10 160.74572801589966s
2022-05-18 23:18:13.336548 (1.0, 100000.0, 9, 10.0, 0.3, 0.28, 2.0, 3) [0.3650824603436676 0.006137993466908008 0.005764609248161] 10 133.73854398727417s
2022-05-18 23:20:27.457454 (1.0, 100000.0, 9, 10.0, 0.3, 0.28, 2.0, 3) [0.3673430913520554 0.005464074021843305 0.005522039646795901] 10 134.0947141647339s
2022-05-18 23:22:41.566523 (1.0, 100000.0, 9, 10.0, 0.3, 0.28, 2.0, 3) [0.36328443089989176 0.006367185058246658 0.005929041195137921] 10 134.10436010360718s
2022-05-18 23:25:12.455090 (1.0, 100000.0, 9, 10.0, 0.3, 0.28, 2.0, 3) [0.3616419306348056 0.007352362892938647 0.00611659968940256] 10 150.88561272621155s
2022-05-18 23:27:47.506716 (1.0, 100000.0, 9, 10.0, 0.3, 0.28, 2.0, 3) [0.36332735225856116 0.004020808140775269 0.005926623810545425] 10 155.03118109703064s
2022-05-18 23:30:29.882843 (1.0, 100000.0, 9, 10.0, 0.3, 0.28, 2.0, 3) [0.36541755062491066 0.005507108608414944 0.005721551121087858] 10 162.29383635520935s
2022-05-18 23:33:06.877081 (1.0, 100000.0, 9, 10.0, 0.3, 0.28, 2.0, 3) [0.3676880266234826 0.004617709015038704 0.005497719863121195] 10 156.98975801467896s
2022-05-18 23:36:07.034873 (1.0, 100000.0, 9, 10.0, 0.3, 0.3001, 2.0, 3) [0.3312682663719851 0.0024389889455870457 0.010545924222184548] 10 174.593900680542s
2022-05-18 23:38:42.991250 (1.0, 100000.0, 9, 10.0, 0.3, 0.3001, 2.0, 3) [0.3307983317556753 0.005830000444277411 0.01064597745489941] 10 155.95390605926514s
2022-05-18 23:41:18.693821 (1.0, 100000.0, 9, 10.0, 0.3, 0.3001, 2.0, 3) [0.3302787040575263 0.003944026193155832 0.010733561213534474] 10 155.6782932281494s
2022-05-18 23:43:53.304291 (1.0, 100000.0, 9, 10.0, 0.3, 0.3001, 2.0, 3) [0.33423613444576195 0.005151063726405795 0.01002364307412482] 10 154.59544801712036s
2022-05-18 23:46:29.041526 (1.0, 100000.0, 9, 10.0, 0.3, 0.3001, 2.0, 3) [0.3366201317338201 0.006794537445377381 0.009599999594601021] 10 155.66919112205505s
2022-05-18 23:49:06.970421 (1.0, 100000.0, 9, 10.0, 0.3, 0.3001, 2.0, 3) [0.3374060230499625 0.005181925037230608 0.009485554081798587] 10 157.9108645915985s
2022-05-18 23:51:46.273191 (1.0, 100000.0, 9, 10.0, 0.3, 0.3001, 2.0, 3) [0.337734067600828 0.006139802434919455 0.009414577717398535] 10 159.30015873908997s
2022-05-18 23:54:21.045171 (1.0, 100000.0, 9, 10.0, 0.3, 0.3001, 2.0, 3) [0.33834270910854447 0.003808446047939913 0.009293734009570773] 10 154.76839232444763s
2022-05-18 23:56:54.722915 (1.0, 100000.0, 9, 10.0, 0.3, 0.3001, 2.0, 3) [0.3314228680402892 0.004864911757813763 0.010506800150557891] 10 153.67474746704102s
2022-05-18 23:59:29.539273 (1.0, 100000.0, 9, 10.0, 0.3, 0.3001, 2.0, 3) [0.33111664746368463 0.004611347423011273 0.01056237982713006] 10 154.79983615875244s
2022-05-19 00:02:29.616545 (1.0, 100000.0, 9, 10.0, 0.3, 0.303, 2.0, 3) [0.32791830736422123 0.005648235129122428 0.01120280041535948] 10 171.4508798122406s
2022-05-19 00:05:17.942089 (1.0, 100000.0, 9, 10.0, 0.3, 0.303, 2.0, 3) [0.33273120958673846 0.003494687962401698 0.010294077651832607] 10 168.23305988311768s
2022-05-19 00:07:53.707314 (1.0, 100000.0, 9, 10.0, 0.3, 0.303, 2.0, 3) [0.3308784760136148 0.0055903991201677996 0.010620697527486114] 10 155.76173782348633s
2022-05-19 00:10:27.238192 (1.0, 100000.0, 9, 10.0, 0.3, 0.303, 2.0, 3) [0.33327552951437367 0.004217509361945019 0.010191391452810769] 10 153.52741169929504s
2022-05-19 00:13:01.305115 (1.0, 100000.0, 9, 10.0, 0.3, 0.303, 2.0, 3) [0.329073159790818 0.003152307074916441 0.01098283268233382] 10 154.06339502334595s
2022-05-19 00:15:35.634498 (1.0, 100000.0, 9, 10.0, 0.3, 0.303, 2.0, 3) [0.3271356978832187 0.006786329793369915 0.011363829173451865] 10 154.2749810218811s
2022-05-19 00:18:09.970929 (1.0, 100000.0, 9, 10.0, 0.3, 0.303, 2.0, 3) [0.32934332484293827 0.00687423024964986 0.010925075429908605] 10 154.2936589717865s
2022-05-19 00:20:31.037050 (1.0, 100000.0, 9, 10.0, 0.3, 0.303, 2.0, 3) [0.3322422827124161 0.004515698038546702 0.010394188008716573] 10 141.02452540397644s
2022-05-19 00:22:58.382209 (1.0, 100000.0, 9, 10.0, 0.3, 0.303, 2.0, 3) [0.3299807606560424 0.003683515342184445 0.010834163337892633] 10 147.28674125671387s
2022-05-19 00:25:17.648630 (1.0, 100000.0, 9, 10.0, 0.3, 0.303, 2.0, 3) [0.3296812391089844 0.0068161182993406585 0.010856716155880915] 10 139.263032913208s
