2022-04-14 21:53:14.467801 (1.0, 100000.0, 11, 10.0, 0.3, 0.302, 2.0, 3) [0.2741399432070956 0.005501791667605247 0.00983150650272689] 10 1171.9649369716644s
2022-04-14 22:03:37.037770 (1.0, 100000.0, 11, 10.0, 0.3, 0.302, 2.0, 3) [0.2711017409052957 0.005434356511646948 0.01050192212350203] 10 622.5656745433807s
2022-04-14 22:12:38.440441 (1.0, 100000.0, 11, 10.0, 0.3, 0.302, 2.0, 3) [0.27286609060508366 0.003946350650772497 0.010087737932731298] 10 541.3987610340118s
2022-04-14 22:21:39.857294 (1.0, 100000.0, 11, 10.0, 0.3, 0.302, 2.0, 3) [0.27504718655672244 0.003173059571889618 0.009613305290425112] 10 541.3967463970184s
2022-04-14 22:30:41.069691 (1.0, 100000.0, 11, 10.0, 0.3, 0.302, 2.0, 3) [0.27822769618126225 0.003715526255196562 0.008975893860335583] 10 541.2087726593018s
2022-04-14 22:39:42.731198 (1.0, 100000.0, 11, 10.0, 0.3, 0.302, 2.0, 3) [0.27754597574463963 0.0028475805306810765 0.009123586214956736] 10 541.6409349441528s
2022-04-14 22:48:47.787013 (1.0, 100000.0, 11, 10.0, 0.3, 0.302, 2.0, 3) [0.273312690067544 0.004360760640915889 0.009997841988789292] 10 545.0518810749054s
2022-04-14 22:57:52.664621 (1.0, 100000.0, 11, 10.0, 0.3, 0.302, 2.0, 3) [0.2740483119699297 0.005140133708578965 0.009852829972093266] 10 544.8735661506653s
2022-04-14 23:06:53.400605 (1.0, 100000.0, 11, 10.0, 0.3, 0.302, 2.0, 3) [0.2764489358568401 0.004878672028742012 0.009367794709420582] 10 540.7296180725098s
2022-04-14 23:15:54.690704 (1.0, 100000.0, 11, 10.0, 0.3, 0.302, 2.0, 3) [0.2736460336756039 0.004467469783650329 0.009937834292271913] 10 541.2858266830444s
2022-04-14 23:20:45.379921 (1.0, 100000.0, 13, 10.0, 0.3, 0.305, 2.0, 3) [0.23181361090735964 0.003465289538772359 0.009871520702581285] 10 841.9691133499146s
2022-04-14 23:35:00.368386 (1.0, 100000.0, 13, 10.0, 0.3, 0.305, 2.0, 3) [0.2269709974712936 0.0023207145136604134 0.011150600126971054] 10 854.9864709377289s
2022-04-14 23:48:36.668768 (1.0, 100000.0, 13, 10.0, 0.3, 0.305, 2.0, 3) [0.21996175035996948 0.007540002122456682 0.013341816757995482] 10 816.2973453998566s
2022-04-14 23:48:46.745805 (1.0, 100000.0, 14, 10.0, 0.3, 0.319, 2.0, 3) [0.19601819563859288 0.004052480014041544 0.01684377272550502] 10 1185.2786321640015s
2022-04-15 00:08:19.141219 (1.0, 100000.0, 14, 10.0, 0.3, 0.319, 2.0, 3) [0.19345957119752558 0.0045000005316761784 0.018026648560709603] 10 1172.3927209377289s
2022-04-15 00:16:07.314145 (1.0, 100000.0, 11, 10.0, 0.3, 0.299, 2.0, 3) [0.28237208528985586 0.004543175771522158 0.008229655482981156] 10 3604.752952337265s
2022-04-15 00:22:13.547280 (1.0, 100000.0, 13, 10.0, 0.3, 0.305, 2.0, 3) [0.23109910911315898 0.004717510978980734 0.010053111198632246] 10 2016.875525712967s
2022-04-15 00:27:50.469283 (1.0, 100000.0, 14, 10.0, 0.3, 0.319, 2.0, 3) [0.1951499877111048 0.004011408371185661 0.017219487798683333] 10 1171.3253002166748s
2022-04-15 00:47:25.494340 (1.0, 100000.0, 14, 10.0, 0.3, 0.319, 2.0, 3) [0.1969229237684936 0.004614535856771353 0.016394061441963842] 10 1175.0198256969452s
2022-04-15 01:07:00.374259 (1.0, 100000.0, 14, 10.0, 0.3, 0.319, 2.0, 3) [0.19539742796979284 0.003018562086010382 0.017132609803578492] 10 1174.8768782615662s
2022-04-15 01:07:20.484521 (1.0, 100000.0, 11, 10.0, 0.3, 0.299, 2.0, 3) [0.2852223498430236 0.004477669088089612 0.0077177301872434385] 10 3073.1658046245575s
2022-04-15 01:26:33.243547 (1.0, 100000.0, 14, 10.0, 0.3, 0.319, 2.0, 3) [0.19215351694776606 0.0034191324970726236 0.018715249252018805] 10 1172.865978717804s
2022-04-15 01:45:59.764225 (1.0, 100000.0, 14, 10.0, 0.3, 0.319, 2.0, 3) [0.1956093513552511 0.006161807405851189 0.017007874546983024] 10 1166.5179553031921s
2022-04-15 01:57:19.408919 (1.0, 100000.0, 11, 10.0, 0.3, 0.299, 2.0, 3) [0.27465197024118027 0.003129367069836812 0.00970932325266848] 10 2998.9181513786316s
2022-04-15 02:05:16.136509 (1.0, 100000.0, 14, 10.0, 0.3, 0.319, 2.0, 3) [0.1943024508202691 0.002614932422508553 0.017623007516363812] 10 1156.3692831993103s
2022-04-15 02:25:21.586958 (1.0, 100000.0, 14, 10.0, 0.3, 0.319, 2.0, 3) [0.19531893669465009 0.005882205536427469 0.017115162211373304] 10 1205.44571352005s
2022-04-15 02:45:08.117975 (1.0, 100000.0, 14, 10.0, 0.3, 0.319, 2.0, 3) [0.1972319388790014 0.005344562556988049 0.01628304524282413] 10 1186.5266506671906s
2022-04-15 03:10:09.465142 (1.0, 100000.0, 10, 10.0, 0.3, 0.299, 2.0, 3) [0.3020103821869811 0.007013362362845194 0.00976060162179448] 10 20187.6344974041s
2022-04-15 03:11:01.315251 (1.0, 100000.0, 14, 10.0, 0.3, 0.305, 2.0, 3) [0.21515347636997698 0.004424995855471753 0.009847208451826494] 10 1547.578409910202s
2022-04-15 03:22:01.386261 (1.0, 100000.0, 11, 10.0, 0.3, 0.299, 2.0, 3) [0.27688926045799456 0.0057213861311121595 0.009247469586470282] 10 5081.972763061523s
2022-04-15 03:29:23.830376 (1.0, 100000.0, 14, 10.0, 0.3, 0.305, 2.0, 3) [0.21464674037915202 0.005701319265885423 0.01001677234782733] 10 1102.5124390125275s
2022-04-15 03:49:00.929588 (1.0, 100000.0, 14, 10.0, 0.3, 0.305, 2.0, 3) [0.21360904550781407 0.008154985249119878 0.010275583868019252] 10 1177.095768213272s
2022-04-15 03:50:48.980357 (1.0, 100000.0, 13, 10.0, 0.3, 0.305, 2.0, 3) [0.2334650046626286 0.004669560817109423 0.00944346764508867] 10 12515.430094242096s
2022-04-15 04:45:24.895177 (1.0, 100000.0, 14, 10.0, 0.3, 0.305, 2.0, 3) [0.21321510505519303 0.00459365538562951 0.010396206228251686] 10 3383.9607503414154s
2022-04-15 05:06:11.274229 (1.0, 100000.0, 14, 10.0, 0.3, 0.305, 2.0, 3) [0.21316371649305318 0.004229985622718063 0.010404293909613139] 10 1246.376549243927s
2022-04-15 05:24:33.138218 (1.0, 100000.0, 14, 10.0, 0.3, 0.305, 2.0, 3) [0.21412050436734759 0.004706720932987974 0.01015086436046163] 10 1101.8609611988068s
2022-04-15 05:33:03.306572 (1.0, 100000.0, 11, 10.0, 0.3, 0.299, 2.0, 3) [0.2763779780752797 0.00789037880950435 0.009379550439454676] 10 7861.905340909958s
2022-04-15 05:40:58.426863 (1.0, 100000.0, 14, 10.0, 0.3, 0.305, 2.0, 3) [0.21427600916149941 0.004501932407898362 0.010096685462235732] 10 985.2862584590912s
2022-04-15 06:16:18.493010 (1.0, 100000.0, 13, 10.0, 0.3, 0.305, 2.0, 3) [0.22944508080715467 0.0031169704293325666 0.010447047281218017] 10 8729.509739160538s
2022-04-15 07:20:36.668480 (1.0, 100000.0, 13, 10.0, 0.3, 0.305, 2.0, 3) [0.23255443131479525 0.0037163574394623172 0.009690084628540303] 10 3858.1728711128235s
2022-04-15 07:31:57.658877 (1.0, 100000.0, 14, 10.0, 0.3, 0.305, 2.0, 3) [0.21267178859581895 0.0038836586159773636 0.010542521456394992] 10 6659.229608535767s
2022-04-15 07:51:16.575762 (1.0, 100000.0, 13, 10.0, 0.3, 0.305, 2.0, 3) [0.22807957832982978 0.003994879059186943 0.010824192295884182] 10 1839.9045543670654s
2022-04-15 08:08:58.420748 (1.0, 100000.0, 11, 10.0, 0.3, 0.299, 2.0, 3) [0.2809353310739979 0.005584110425233811 0.008479666080895617] 10 9355.10378575325s
2022-04-15 08:31:23.896568 (1.0, 100000.0, 14, 10.0, 0.3, 0.305, 2.0, 3) [0.21511200757306856 0.003901170025777721 0.009887066804030793] 10 3566.235426902771s
2022-04-15 08:41:21.687115 (1.0, 100000.0, 13, 10.0, 0.3, 0.305, 2.0, 3) [0.232034665579444 0.004179522825337525 0.009790512820112474] 10 3005.1087946891785s
2022-04-15 08:55:50.945716 (1.0, 100000.0, 14, 10.0, 0.3, 0.305, 2.0, 3) [0.20974897402782736 0.0035222872266323286 0.01143192615655527] 10 1467.0466425418854s
2022-04-15 09:08:33.665102 (1.0, 100000.0, 11, 10.0, 0.3, 0.299, 2.0, 3) [0.2755667941859587 0.006837496716179644 0.009509147333290389] 10 3575.2401943206787s
2022-04-15 09:17:39.287063 (1.0, 100000.0, 14, 10.0, 0.3, 0.292, 2.0, 3) [0.23364449816119076 0.006042505270889563 0.005885413158201788] 10 1303.6870024204254s
2022-04-15 09:36:56.975184 (1.0, 100000.0, 14, 10.0, 0.3, 0.292, 2.0, 3) [0.23208097407237974 0.00487352785531115 0.0061435559499192875] 10 1157.6845407485962s
2022-04-15 09:39:33.251965 (1.0, 100000.0, 10, 10.0, 0.3, 0.299, 2.0, 3) [0.3010593079371295 0.004515446943129353 0.009931286519528383] 10 23363.491896629333s
2022-04-15 09:56:14.123103 (1.0, 100000.0, 14, 10.0, 0.3, 0.292, 2.0, 3) [0.22869229839558197 0.004764106714324185 0.006742524942722998] 10 1157.1448392868042s
2022-04-15 10:15:05.313663 (1.0, 100000.0, 11, 10.0, 0.3, 0.299, 2.0, 3) [0.2805946538529996 0.00530130370244035 0.008541643937503363] 10 3991.6418430805206s
2022-04-15 10:23:50.568982 (1.0, 100000.0, 14, 10.0, 0.3, 0.292, 2.0, 3) [0.22977368920911095 0.00561857470064947 0.0065585291990719425] 10 1656.4406599998474s
2022-04-15 10:46:41.602839 (1.0, 100000.0, 14, 10.0, 0.3, 0.292, 2.0, 3) [0.23397729972472922 0.004166043561598856 0.005825985004204511] 10 1371.029414176941s
2022-04-15 10:56:00.728730 (1.0, 100000.0, 11, 10.0, 0.3, 0.299, 2.0, 3) [0.27942198234094234 0.004918016829773641 0.008755617542019237] 10 2455.4102022647858s
2022-04-15 11:05:35.052475 (1.0, 100000.0, 14, 10.0, 0.3, 0.292, 2.0, 3) [0.2310085049799886 0.005049480686233459 0.006318686767823029] 10 1133.447093963623s
2022-04-15 12:01:21.090951 (1.0, 100000.0, 13, 10.0, 0.3, 0.305, 2.0, 3) [0.23392722952858058 0.004949293929111032 0.009329321752996455] 10 11999.40116238594s
2022-04-15 12:27:21.361266 (1.0, 100000.0, 11, 10.0, 0.3, 0.299, 2.0, 3) [0.2808216742237978 0.003953535453667468 0.008512475334047335] 10 5480.626752614975s
2022-04-15 12:42:33.413707 (1.0, 100000.0, 11, 10.0, 0.3, 0.297, 2.0, 3) [0.27880311696429805 0.005798310599922949 0.00887057147140699] 10 906.1715455055237s
2022-04-15 12:52:00.054037 (1.0, 100000.0, 11, 10.0, 0.3, 0.297, 2.0, 3) [0.28376373844373126 0.005500224991079652 0.007975017531052531] 10 566.6198422908783s
2022-04-15 13:01:24.620940 (1.0, 100000.0, 11, 10.0, 0.3, 0.297, 2.0, 3) [0.27783008715663593 0.0067318606371459516 0.009041856607558121] 10 564.5584540367126s
2022-04-15 13:10:40.649618 (1.0, 100000.0, 11, 10.0, 0.3, 0.297, 2.0, 3) [0.2815651126782584 0.0036209697839882887 0.008350418600468045] 10 556.0248322486877s
2022-04-15 13:36:55.584302 (1.0, 100000.0, 14, 10.0, 0.3, 0.292, 2.0, 3) [0.2338094989226161 0.004182430366215833 0.005856076559268592] 10 9080.526116371155s
2022-04-15 14:16:54.838739 (1.0, 100000.0, 14, 10.0, 0.3, 0.292, 2.0, 3) [0.23480555170801304 0.004780739922254771 0.005699958432665303] 10 2399.2511591911316s
2022-04-15 14:28:41.109824 (1.0, 100000.0, 13, 10.0, 0.3, 0.312, 2.0, 3) [0.22023558088275885 0.004245616386559284 0.013295493425023773] 10 8834.161839008331s
2022-04-15 14:34:49.467058 (1.0, 100000.0, 14, 10.0, 0.3, 0.292, 2.0, 3) [0.2316169759138419 0.0034104310553846003 0.006219516656243047] 10 1074.6253118515015s
2022-04-15 14:36:45.159618 (1.0, 100000.0, 11, 10.0, 0.3, 0.297, 2.0, 3) [0.280264620661445 0.004235566075822096 0.008584630409076976] 10 5164.50661277771s
2022-04-15 14:55:10.669199 (1.0, 100000.0, 14, 10.0, 0.3, 0.292, 2.0, 3) [0.235646871668055 0.004176806263732269 0.005564934018405711] 10 1221.1997616291046s
2022-04-15 14:57:13.813889 (1.0, 100000.0, 13, 10.0, 0.3, 0.312, 2.0, 3) [0.22183658483368648 0.003103816478875562 0.012762515048926145] 10 1712.7014422416687s
2022-04-15 15:14:27.092154 (1.0, 100000.0, 13, 10.0, 0.3, 0.312, 2.0, 3) [0.22244637986915528 0.004552903115793083 0.012571488460632961] 10 1033.275720357895s
2022-04-15 15:19:19.599758 (1.0, 100000.0, 14, 10.0, 0.3, 0.3, 2.0, 3) [0.22168142966694268 0.004409513507180158 0.00822159920927658] 10 1442.787914276123s
2022-04-15 15:28:09.810713 (1.0, 100000.0, 11, 10.0, 0.3, 0.297, 2.0, 3) [0.2773233910110939 0.0028991113025981746 0.009141093700150333] 10 3084.5922923088074s
2022-04-15 15:41:04.237063 (1.0, 100000.0, 13, 10.0, 0.3, 0.312, 2.0, 3) [0.21861930370604113 0.004216104301013947 0.013842635651659153] 10 1597.1417381763458s
2022-04-15 15:44:10.583584 (1.0, 100000.0, 14, 10.0, 0.3, 0.3, 2.0, 3) [0.21678876475192288 0.005347908564578507 0.009393345768911914] 10 1490.9816739559174s
2022-04-15 15:45:08.807363 (1.0, 100000.0, 12, 10.0, 0.3, 0.299, 2.0, 3) [0.25786268246884275 0.004809152870880874 0.008385571247632692] 10 64948.21154642105s
2022-04-15 16:02:55.256759 (1.0, 100000.0, 14, 10.0, 0.3, 0.3, 2.0, 3) [0.21820744398972616 0.0070412564122613935 0.00904311059829944] 10 1124.6702570915222s
2022-04-15 16:07:42.059526 (1.0, 100000.0, 13, 10.0, 0.3, 0.312, 2.0, 3) [0.22178816298753481 0.003928983967727511 0.012766746550235701] 10 1597.8185513019562s
2022-04-15 16:08:43.563696 (1.0, 100000.0, 10, 10.0, 0.3, 0.299, 2.0, 3) [0.3045409195383401 0.004678691811747353 0.009287207146214126] 10 23350.1732609272s
2022-04-15 16:14:45.960159 (1.0, 100000.0, 12, 10.0, 0.3, 0.299, 2.0, 3) [0.26306720044364795 0.005270181383595144 0.007416614554019035] 10 1777.1503627300262s
2022-04-15 16:20:00.430131 (1.0, 100000.0, 14, 10.0, 0.3, 0.3, 2.0, 3) [0.21828113714301617 0.0031505282927270883 0.009015214709747739] 10 1025.111419916153s
2022-04-15 16:24:42.204340 (1.0, 100000.0, 12, 10.0, 0.3, 0.299, 2.0, 3) [0.25950577160119737 0.0042260135049534695 0.00806319082440353] 10 596.2412576675415s
2022-04-15 16:32:24.811475 (1.0, 100000.0, 13, 10.0, 0.3, 0.312, 2.0, 3) [0.222149926931237 0.007268099761906063 0.012660665412467454] 10 1482.7485032081604s
2022-04-15 16:35:15.443309 (1.0, 100000.0, 14, 10.0, 0.3, 0.3, 2.0, 3) [0.2165339964359432 0.0072580855048975604 0.009453535625675278] 10 914.9307463169098s
2022-04-15 16:48:30.759804 (1.0, 100000.0, 11, 10.0, 0.3, 0.297, 2.0, 3) [0.2813305861215085 0.003989000209185674 0.008381522921105765] 10 4820.739467144012s
2022-04-15 16:50:44.000677 (1.0, 100000.0, 14, 10.0, 0.3, 0.3, 2.0, 3) [0.22193904886246477 0.004477862445468283 0.00815070532443165] 10 928.5506553649902s
2022-04-15 16:56:56.613560 (1.0, 100000.0, 12, 10.0, 0.3, 0.299, 2.0, 3) [0.2565597703495514 0.005498299712095234 0.008646259660998214] 10 1934.4058747291565s
2022-04-15 17:00:23.053009 (1.0, 100000.0, 13, 10.0, 0.3, 0.312, 2.0, 3) [0.21966315314099852 0.00409408878161862 0.013471191183454094] 10 1678.2390615940094s
2022-04-15 17:05:55.715844 (1.0, 100000.0, 14, 10.0, 0.3, 0.3, 2.0, 3) [0.21670301835396238 0.004131569444757571 0.009421717786172767] 10 911.7127244472504s
2022-04-15 17:16:26.253145 (1.0, 100000.0, 13, 10.0, 0.3, 0.312, 2.0, 3) [0.22064000002213396 0.0041356635903245275 0.013143014383393714] 10 963.1972496509552s
2022-04-15 17:22:01.393953 (1.0, 100000.0, 12, 10.0, 0.3, 0.299, 2.0, 3) [0.2527370771972363 0.003966897063185085 0.009464944040699492] 10 1504.7780220508575s
2022-04-15 17:23:24.316571 (1.0, 100000.0, 14, 10.0, 0.3, 0.3, 2.0, 3) [0.21949312388447498 0.00348524098219197 0.008729529036580044] 10 1048.598559141159s
2022-04-15 17:40:18.905349 (1.0, 100000.0, 12, 10.0, 0.3, 0.299, 2.0, 3) [0.25659805159312116 0.002676440377524694 0.008637161329610838] 10 1097.5088288784027s
2022-04-15 17:41:52.819980 (1.0, 100000.0, 14, 10.0, 0.3, 0.3, 2.0, 3) [0.21910538230758797 0.006369426184530395 0.008819478094094198] 10 1108.5007514953613s
2022-04-15 17:53:44.134570 (1.0, 100000.0, 13, 10.0, 0.3, 0.312, 2.0, 3) [0.2213508457475651 0.003908888865259827 0.012929964832200378] 10 2237.8789868354797s
2022-04-15 17:56:33.767341 (1.0, 100000.0, 10, 10.0, 0.3, 0.299, 2.0, 3) [0.3085017684097553 0.004136627079709214 0.008591297170437943] 10 6470.1964790821075s
2022-04-15 17:57:31.254494 (1.0, 100000.0, 14, 10.0, 0.3, 0.3, 2.0, 3) [0.21992109146979355 0.0030815718235035782 0.008638932901908421] 10 938.4319167137146s
2022-04-15 18:03:45.523718 (1.0, 100000.0, 10, 10.0, 0.3, 0.299, 2.0, 3) [0.30234776780173955 0.004624377315717543 0.009694332118889424] 10 431.7544810771942s
2022-04-15 18:10:46.984080 (1.0, 100000.0, 10, 10.0, 0.3, 0.299, 2.0, 3) [0.30289215657214297 0.0038993247892595275 0.009597498808338826] 10 421.45770812034607s
2022-04-15 18:16:33.770213 (1.0, 100000.0, 14, 10.0, 0.3, 0.297, 2.0, 3) [0.22414371678459988 0.004237453541470032 0.007662342238578453] 10 1136.3977754116058s
2022-04-15 18:17:41.938770 (1.0, 100000.0, 10, 10.0, 0.3, 0.299, 2.0, 3) [0.30103543552200707 0.003927899894565087 0.009927473638889064] 10 414.9312925338745s
2022-04-15 18:22:54.984374 (1.0, 100000.0, 10, 10.0, 0.3, 0.299, 2.0, 3) [0.303314649065282 0.004015375012080978 0.009497992890643186] 10 313.0432343482971s
2022-04-15 18:28:22.288754 (1.0, 100000.0, 10, 10.0, 0.3, 0.299, 2.0, 3) [0.30594846119970487 0.004443249427993152 0.009026191764529993] 10 327.2893154621124s
2022-04-15 18:31:03.239588 (1.0, 100000.0, 13, 10.0, 0.3, 0.312, 2.0, 3) [0.21809254618733512 0.002927464782816482 0.014008118536544567] 10 2239.1023530960083s
2022-04-15 18:31:28.882381 (1.0, 100000.0, 14, 10.0, 0.3, 0.297, 2.0, 3) [0.22131188203004185 0.00489729958984241 0.008297906625227251] 10 895.1101882457733s
2022-04-15 18:34:09.346643 (1.0, 100000.0, 10, 10.0, 0.3, 0.299, 2.0, 3) [0.3061435923894561 0.006518936824394095 0.008992000328502876] 10 346.99471735954285s
2022-04-15 18:46:23.129918 (1.0, 100000.0, 14, 10.0, 0.3, 0.297, 2.0, 3) [0.22374380012005296 0.003351328317657906 0.007758376258522986] 10 894.2447934150696s
2022-04-15 18:48:08.091420 (1.0, 100000.0, 12, 10.0, 0.3, 0.299, 2.0, 3) [0.25764746260937593 0.002837255432591495 0.008433757478579978] 10 4069.1836087703705s
2022-04-15 18:51:15.778695 (1.0, 100000.0, 13, 10.0, 0.3, 0.319, 2.0, 3) [0.20775516121052778 0.002601066650022097 0.01829977019176324] 10 1207.9449484348297s
2022-04-15 19:01:17.355882 (1.0, 100000.0, 14, 10.0, 0.3, 0.297, 2.0, 3) [0.22116258875979256 0.0039172199627419925 0.008316825832582924] 10 894.2231588363647s
2022-04-15 19:10:24.108827 (1.0, 100000.0, 13, 10.0, 0.3, 0.319, 2.0, 3) [0.21150822538523625 0.004565346298653623 0.016695236198152115] 10 1148.3278076648712s
2022-04-15 19:16:11.940159 (1.0, 100000.0, 14, 10.0, 0.3, 0.297, 2.0, 3) [0.22360045907420772 0.004615064107178129 0.00778249389610164] 10 894.5820164680481s
2022-04-15 19:20:21.048620 (1.0, 100000.0, 12, 10.0, 0.3, 0.299, 2.0, 3) [0.2569508501738536 0.0031493854424687077 0.008578281675730793] 10 1932.9544541835785s
2022-04-15 19:31:06.803016 (1.0, 100000.0, 14, 10.0, 0.3, 0.297, 2.0, 3) [0.22276020508967975 0.005314114990301866 0.0079707705821037] 10 894.8604347705841s
2022-04-15 19:33:24.757955 (1.0, 100000.0, 13, 10.0, 0.3, 0.319, 2.0, 3) [0.21075878784655055 0.0040797944091095495 0.016983040315040436] 10 1380.646814584732s
2022-04-15 19:46:01.229400 (1.0, 100000.0, 14, 10.0, 0.3, 0.297, 2.0, 3) [0.22400502285931506 0.004872661369939579 0.007696721398977056] 10 894.4207074642181s
2022-04-15 19:52:56.119662 (1.0, 100000.0, 13, 10.0, 0.3, 0.319, 2.0, 3) [0.20912149828367096 0.0045034976610435215 0.017691132682442035] 10 1171.3591799736023s
2022-04-15 20:00:43.865452 (1.0, 100000.0, 14, 10.0, 0.3, 0.297, 2.0, 3) [0.22468231548264758 0.0037385284127247325 0.007559487362951741] 10 882.6325833797455s
2022-04-15 20:05:21.253736 (1.0, 100000.0, 12, 10.0, 0.3, 0.299, 2.0, 3) [0.2565530357914402 0.003089108805111675 0.008646785402706228] 10 2700.202924966812s
2022-04-15 20:09:32.386365 (1.0, 100000.0, 13, 10.0, 0.3, 0.319, 2.0, 3) [0.2096274030178634 0.008219128805450875 0.017472286396422558] 10 996.2644181251526s
2022-04-15 20:15:26.728195 (1.0, 100000.0, 14, 10.0, 0.3, 0.297, 2.0, 3) [0.22512660690489347 0.0030924505682425724 0.007458408725242092] 10 882.860152721405s
2022-04-15 20:30:09.646113 (1.0, 100000.0, 14, 10.0, 0.3, 0.297, 2.0, 3) [0.2266331800857353 0.004246212003392755 0.00717145509473406] 10 882.9136562347412s
2022-04-15 20:33:34.240166 (1.0, 100000.0, 12, 10.0, 0.3, 0.299, 2.0, 3) [0.25797837787238886 0.003493109126464256 0.008380239124526668] 10 1692.9838857650757s
2022-04-15 20:35:24.791208 (1.0, 100000.0, 13, 10.0, 0.3, 0.319, 2.0, 3) [0.207388321681887 0.005058977064893138 0.018480346127138655] 10 1552.402424812317s
2022-04-15 20:44:53.678128 (1.0, 100000.0, 12, 10.0, 0.3, 0.292, 2.0, 3) [0.2640378657954255 0.0042119333792356144 0.00722466389749054] 10 675.5171446800232s
2022-04-15 20:46:16.415561 (1.0, 100000.0, 14, 10.0, 0.3, 0.299, 2.0, 3) [0.22418684052870264 0.0035959072071063314 0.00767884298538377] 10 962.1357507705688s
2022-04-15 20:54:45.968262 (1.0, 100000.0, 12, 10.0, 0.3, 0.292, 2.0, 3) [0.2683791371521297 0.00512300774202085 0.006519513542428991] 10 592.2879400253296s
2022-04-15 20:56:26.160821 (1.0, 100000.0, 13, 10.0, 0.3, 0.319, 2.0, 3) [0.21093395787286176 0.0033760898213302903 0.016932660828586986] 10 1261.367366552353s
2022-04-15 21:02:11.014585 (1.0, 100000.0, 14, 10.0, 0.3, 0.299, 2.0, 3) [0.22016674844782297 0.004600608637350919 0.008557897509542204] 10 954.5962626934052s
2022-04-15 21:04:37.299277 (1.0, 100000.0, 12, 10.0, 0.3, 0.292, 2.0, 3) [0.26739932038029185 0.0032873127968110804 0.006687875203394943] 10 591.3286101818085s
2022-04-15 21:13:13.225535 (1.0, 100000.0, 13, 10.0, 0.3, 0.319, 2.0, 3) [0.20683468011789669 0.006160094199550336 0.01874706431462467] 10 1007.0621614456177s
2022-04-15 21:14:28.428009 (1.0, 100000.0, 12, 10.0, 0.3, 0.292, 2.0, 3) [0.2664386460615856 0.0034355008571454217 0.006829250015476933] 10 591.126143693924s
2022-04-15 21:18:06.962709 (1.0, 100000.0, 14, 10.0, 0.3, 0.299, 2.0, 3) [0.2189767634216561 0.0034878884821205056 0.008839423269604936] 10 955.945187330246s
2022-04-15 21:24:17.587907 (1.0, 100000.0, 12, 10.0, 0.3, 0.292, 2.0, 3) [0.2706973867166096 0.006085318582304914 0.006185100956152882] 10 589.1574397087097s
2022-04-15 21:31:46.768195 (1.0, 100000.0, 13, 10.0, 0.3, 0.319, 2.0, 3) [0.2090465798809204 0.004403221931699946 0.01774279996445345] 10 1113.540073633194s
2022-04-15 21:34:23.908944 (1.0, 100000.0, 12, 10.0, 0.3, 0.292, 2.0, 3) [0.2617604011961549 0.004360315528660926 0.00762699456497193] 10 606.3185305595398s
2022-04-15 21:44:15.090236 (1.0, 100000.0, 12, 10.0, 0.3, 0.292, 2.0, 3) [0.26927939041032395 0.004355015543715627 0.006376523205147393] 10 591.1781995296478s
2022-04-15 21:49:51.245901 (1.0, 100000.0, 13, 10.0, 0.3, 0.319, 2.0, 3) [0.21037071896651924 0.004424453248892971 0.01715330778902888] 10 1084.475349187851s
2022-04-15 21:54:06.664449 (1.0, 100000.0, 12, 10.0, 0.3, 0.292, 2.0, 3) [0.2691984306051504 0.00377484899878824 0.006385759160272151] 10 591.5710799694061s
2022-04-15 22:03:58.508442 (1.0, 100000.0, 12, 10.0, 0.3, 0.292, 2.0, 3) [0.26596404640778815 0.005398733784937757 0.006900654264376056] 10 591.8416147232056s
2022-04-15 22:04:15.685472 (1.0, 100000.0, 13, 10.0, 0.3, 0.3, 2.0, 3) [0.23214902851350308 0.00489075184146077 0.009717894032883473] 10 860.8023154735565s
2022-04-15 22:16:16.088574 (1.0, 100000.0, 12, 10.0, 0.3, 0.292, 2.0, 3) [0.2663729626679748 0.0032117379397942486 0.006828115005930213] 10 737.5776026248932s
2022-04-15 22:18:40.532747 (1.0, 100000.0, 13, 10.0, 0.3, 0.3, 2.0, 3) [0.23473597306744823 0.003860826924347996 0.009123784927332073] 10 864.8450655937195s
2022-04-15 22:33:10.843320 (1.0, 100000.0, 13, 10.0, 0.3, 0.3, 2.0, 3) [0.23702976266654802 0.005063771904228934 0.008594879773379818] 10 870.3076801300049s
2022-04-15 22:36:38.887695 (1.0, 100000.0, 12, 10.0, 0.3, 0.3, 2.0, 3) [0.2570269632633179 0.0038383353528416543 0.008558964005076521] 10 1219.055359840393s
2022-04-15 22:43:29.651253 (1.0, 100000.0, 11, 10.0, 0.3, 0.297, 2.0, 3) [0.2813376188586077 0.007617659559304888 0.008375347753924976] 10 21298.83186864853s
2022-04-15 22:53:01.428608 (1.0, 100000.0, 12, 10.0, 0.3, 0.3, 2.0, 3) [0.2613665667576793 0.0053444364723521 0.007731358704866163] 10 982.5384769439697s
2022-04-15 22:59:15.414813 (1.0, 100000.0, 13, 10.0, 0.3, 0.3, 2.0, 3) [0.2353663361711644 0.009528617037697373 0.008986099757686187] 10 1564.5656926631927s
2022-04-15 23:09:17.117075 (1.0, 100000.0, 12, 10.0, 0.3, 0.3, 2.0, 3) [0.25677218611613584 0.003111115997114207 0.00861429592811411] 10 975.6858475208282s
2022-04-15 23:21:59.467254 (1.0, 100000.0, 13, 10.0, 0.3, 0.3, 2.0, 3) [0.2341553972217267 0.0043463157833449366 0.009250188740304453] 10 1364.047753572464s
2022-04-15 23:23:44.513600 (1.0, 100000.0, 12, 10.0, 0.3, 0.3, 2.0, 3) [0.25247729301086774 0.006167954859483116 0.009525689439568765] 10 867.3941032886505s
2022-04-15 23:32:41.778871 (1.0, 100000.0, 10, 10.0, 0.3, 0.292, 2.0, 3) [0.3128189911558367 0.003593674055692312 0.00785365518271635] 10 17899.958034276962s
2022-04-15 23:34:37.289981 (1.0, 100000.0, 12, 10.0, 0.3, 0.3, 2.0, 3) [0.25695376863162517 0.003590338161083004 0.008569315293286325] 10 652.7736823558807s
2022-04-15 23:37:05.222554 (1.0, 100000.0, 13, 10.0, 0.3, 0.3, 2.0, 3) [0.24137105503442707 0.00487565978153922 0.007702997699626635] 10 905.7529661655426s
2022-04-15 23:44:27.635335 (1.0, 100000.0, 12, 10.0, 0.3, 0.3, 2.0, 3) [0.2525410156918358 0.005123420848558484 0.009509291660381294] 10 590.3397982120514s
2022-04-15 23:51:35.713669 (1.0, 100000.0, 13, 10.0, 0.3, 0.3, 2.0, 3) [0.2384377763819907 0.007611135278160443 0.008297470710302167] 10 870.4886705875397s
2022-04-15 23:54:51.573571 (1.0, 100000.0, 12, 10.0, 0.3, 0.3, 2.0, 3) [0.2554702133978446 0.002949191256775562 0.00888009162233028] 10 623.9338698387146s
2022-04-16 00:04:41.313749 (1.0, 100000.0, 12, 10.0, 0.3, 0.3, 2.0, 3) [0.25277162002430875 0.00333766476053365 0.009449241865478231] 10 589.7374300956726s
2022-04-16 00:05:57.213994 (1.0, 100000.0, 13, 10.0, 0.3, 0.3, 2.0, 3) [0.23783467880142645 0.003845354272114567 0.008437277735570608] 10 861.4978301525116s
2022-04-16 00:14:29.258018 (1.0, 100000.0, 12, 10.0, 0.3, 0.3, 2.0, 3) [0.2542050427913134 0.004458510829970003 0.009146742590650622] 10 587.9414837360382s
2022-04-16 00:19:54.457049 (1.0, 100000.0, 13, 10.0, 0.3, 0.3, 2.0, 3) [0.23394167392172222 0.0026607792834363883 0.009297178100953284] 10 837.2405006885529s
2022-04-16 00:24:17.584574 (1.0, 100000.0, 12, 10.0, 0.3, 0.3, 2.0, 3) [0.2583643065578665 0.0050857931388990085 0.00829740214562167] 10 588.3241393566132s
2022-04-16 00:45:49.571324 (1.0, 100000.0, 13, 10.0, 0.3, 0.3, 2.0, 3) [0.23687028702778037 0.003040773984501633 0.008623924880159103] 10 1555.111741065979s
2022-04-16 01:00:33.268389 (1.0, 100000.0, 12, 10.0, 0.3, 0.285, 2.0, 3) [0.27432455780917936 0.006973871506483578 0.005642338277357236] 10 2171.4974541664124s
2022-04-16 01:12:08.930759 (1.0, 100000.0, 13, 10.0, 0.3, 0.285, 2.0, 3) [0.2577115975891741 0.0039060502125614015 0.0050339186575298145] 10 1574.2772538661957s
2022-04-16 01:12:46.011516 (1.0, 100000.0, 12, 10.0, 0.3, 0.285, 2.0, 3) [0.27930938455204285 0.004705012233997212 0.005022050951989306] 10 732.7410595417023s
2022-04-16 01:18:09.586314 (1.0, 100000.0, 10, 10.0, 0.3, 0.292, 2.0, 3) [0.30982424367814615 0.0048851476065165725 0.008332964201902522] 10 6327.803579092026s
2022-04-16 01:27:57.502126 (1.0, 100000.0, 10, 10.0, 0.3, 0.292, 2.0, 3) [0.31434694765158283 0.005714256007626891 0.00762592314836028] 10 587.9092302322388s
2022-04-16 01:28:04.869244 (1.0, 100000.0, 12, 10.0, 0.3, 0.285, 2.0, 3) [0.28187409091622545 0.004598110077876312 0.004728818395254874] 10 918.8550090789795s
2022-04-16 01:30:42.622956 (1.0, 100000.0, 13, 10.0, 0.3, 0.285, 2.0, 3) [0.2597222315523365 0.006350145052950834 0.004772676952504737] 10 1113.6902375221252s
2022-04-16 01:32:56.193168 (1.0, 100000.0, 10, 10.0, 0.3, 0.292, 2.0, 3) [0.31487048022901154 0.00639190046551358 0.007535056140546322] 10 298.6858260631561s
2022-04-16 01:37:59.558734 (1.0, 100000.0, 10, 10.0, 0.3, 0.292, 2.0, 3) [0.3205446642968898 0.005390865290559974 0.006769425894899204] 10 303.3629574775696s
2022-04-16 01:42:58.461723 (1.0, 100000.0, 10, 10.0, 0.3, 0.292, 2.0, 3) [0.31253892487449847 0.004332601614420101 0.007908440302031814] 10 298.9003381729126s
2022-04-16 01:44:25.331475 (1.0, 100000.0, 12, 10.0, 0.3, 0.285, 2.0, 3) [0.27681619973535737 0.005667509997148057 0.0053271605624239295] 10 980.4567284584045s
2022-04-16 01:46:11.997394 (1.0, 100000.0, 13, 10.0, 0.3, 0.285, 2.0, 3) [0.2590349203804655 0.003076423119081244 0.004849893060988255] 10 929.3721613883972s
2022-04-16 01:47:53.520522 (1.0, 100000.0, 10, 10.0, 0.3, 0.292, 2.0, 3) [0.3110437661494551 0.005166057821685029 0.008129526509555049] 10 295.05502223968506s
2022-04-16 02:08:04.442415 (1.0, 100000.0, 13, 10.0, 0.3, 0.285, 2.0, 3) [0.25449780353519935 0.0065713197765575855 0.005468755773142111] 10 1312.4427516460419s
2022-04-16 02:24:00.926013 (1.0, 100000.0, 12, 10.0, 0.3, 0.285, 2.0, 3) [0.2734969496942863 0.006675815842927761 0.005749988571306628] 10 2375.5899522304535s
2022-04-16 02:26:14.894926 (1.0, 100000.0, 10, 10.0, 0.3, 0.292, 2.0, 3) [0.31456352207515076 0.006618523893288002 0.007599311182747847] 10 2301.3715121746063s
2022-04-16 02:38:00.303009 (1.0, 100000.0, 12, 10.0, 0.3, 0.285, 2.0, 3) [0.27661159103118027 0.004999547177053965 0.005361891709716369] 10 839.3739495277405s
2022-04-16 02:48:27.292932 (1.0, 100000.0, 11, 10.0, 0.3, 0.297, 2.0, 3) [0.28014144656475404 0.006615410532141622 0.008612106962936034] 10 14697.62976717949s
2022-04-16 03:05:14.617336 (1.0, 100000.0, 12, 10.0, 0.3, 0.285, 2.0, 3) [0.27766711746469586 0.004264348638141936 0.005227406984251679] 10 1634.311583995819s
2022-04-16 03:17:07.789601 (1.0, 100000.0, 13, 10.0, 0.3, 0.285, 2.0, 3) [0.2574072959657508 0.003306203301264368 0.005068122443307078] 10 4143.344545841217s
2022-04-16 03:43:23.103845 (1.0, 100000.0, 12, 10.0, 0.3, 0.285, 2.0, 3) [0.2758429178982483 0.0028708790745723954 0.005451553383322023] 10 2288.4837789535522s
2022-04-16 03:55:58.389024 (1.0, 100000.0, 13, 10.0, 0.3, 0.285, 2.0, 3) [0.25739318068075745 0.0029771011387712625 0.005070825833401795] 10 2330.5967588424683s
2022-04-16 04:00:06.368238 (1.0, 100000.0, 10, 10.0, 0.3, 0.292, 2.0, 3) [0.3166802459871718 0.00511606919794171 0.007275567065713378] 10 5631.469979047775s
2022-04-16 04:07:08.127383 (1.0, 100000.0, 10, 10.0, 0.3, 0.292, 2.0, 3) [0.3136296167454414 0.005491484982849453 0.007726227009086912] 10 421.7560863494873s
2022-04-16 04:28:27.403690 (1.0, 100000.0, 12, 10.0, 0.3, 0.285, 2.0, 3) [0.2835825834708734 0.007584962091519484 0.004533490159014218] 10 2704.297104358673s
2022-04-16 04:43:40.186300 (1.0, 100000.0, 13, 10.0, 0.3, 0.285, 2.0, 3) [0.25858676184606433 0.006567784320749862 0.00491513246715227] 10 2861.794690847397s
2022-04-16 04:50:58.480186 (1.0, 100000.0, 12, 10.0, 0.3, 0.285, 2.0, 3) [0.27832338944975027 0.0034823963032242127 0.005138165860854172] 10 1351.0645139217377s
2022-04-16 05:01:03.868760 (1.0, 100000.0, 12, 10.0, 0.3, 0.307, 2.0, 3) [0.25174721863946686 0.004726378094890018 0.009744392986433795] 10 601.5453622341156s
2022-04-16 05:12:54.758996 (1.0, 100000.0, 12, 10.0, 0.3, 0.307, 2.0, 3) [0.24092327359678184 0.00765513805436259 0.01254109046580274] 10 710.888192653656s
2022-04-16 05:22:37.880999 (1.0, 100000.0, 12, 10.0, 0.3, 0.307, 2.0, 3) [0.24159019156333525 0.004495434585422751 0.012372805260317222] 10 583.119556427002s
2022-04-16 05:31:55.471810 (1.0, 100000.0, 13, 10.0, 0.3, 0.285, 2.0, 3) [0.2546273150442587 0.003387039577621266 0.005440405927100289] 10 2895.282830476761s
2022-04-16 05:32:23.855949 (1.0, 100000.0, 12, 10.0, 0.3, 0.307, 2.0, 3) [0.24776582320367366 0.005785443133655694 0.01068365304283025] 10 585.9723556041718s
2022-04-16 05:42:04.049967 (1.0, 100000.0, 12, 10.0, 0.3, 0.307, 2.0, 3) [0.24490479519425257 0.004860814984951634 0.01140096412377628] 10 580.1915521621704s
2022-04-16 05:42:43.321586 (1.0, 100000.0, 11, 10.0, 0.3, 0.297, 2.0, 3) [0.2817950681460427 0.005416909904915323 0.008308712657759397] 10 10456.020007133484s
2022-04-16 05:48:32.339295 (1.0, 100000.0, 13, 10.0, 0.3, 0.285, 2.0, 3) [0.256316136854656 0.002554258080221962 0.005201690134973822] 10 996.8650593757629s
2022-04-16 05:49:54.616021 (1.0, 100000.0, 10, 10.0, 0.3, 0.312, 2.0, 3) [0.2889553522832547 0.005412157033957623 0.012675163137129937] 10 6161.976845502853s
2022-04-16 05:51:43.906489 (1.0, 100000.0, 12, 10.0, 0.3, 0.307, 2.0, 3) [0.23788880994750253 0.006050020523969246 0.013456895900617948] 10 579.8541584014893s
2022-04-16 06:01:29.367348 (1.0, 100000.0, 12, 10.0, 0.3, 0.307, 2.0, 3) [0.2452417390023588 0.0036514411877673473 0.011336398538668415] 10 585.458331823349s
2022-04-16 06:11:14.855986 (1.0, 100000.0, 12, 10.0, 0.3, 0.307, 2.0, 3) [0.24420149716833597 0.005802808175256687 0.011628423898285181] 10 585.4862341880798s
2022-04-16 06:14:22.782857 (1.0, 100000.0, 13, 10.0, 0.3, 0.285, 2.0, 3) [0.2591331205391857 0.0029103136175096947 0.00484278702788408] 10 1550.4413104057312s
2022-04-16 06:21:37.298256 (1.0, 100000.0, 12, 10.0, 0.3, 0.307, 2.0, 3) [0.24812792010038606 0.004801980395649196 0.010626192645338109] 10 622.4399018287659s
2022-04-16 06:36:06.547418 (1.0, 100000.0, 12, 10.0, 0.3, 0.307, 2.0, 3) [0.2447258315970012 0.004092577802431096 0.011483661755389243] 10 869.246787071228s
2022-04-16 06:46:38.743097 (1.0, 100000.0, 10, 10.0, 0.3, 0.312, 2.0, 3) [0.28752095181628456 0.005672558648024763 0.013038345507662214] 10 3404.120843410492s
2022-04-16 07:05:46.604650 (1.0, 100000.0, 10, 10.0, 0.3, 0.312, 2.0, 3) [0.288378374122177 0.008621155629297517 0.012798621016706618] 10 1147.8565118312836s
2022-04-16 07:06:08.073205 (1.0, 100000.0, 13, 10.0, 0.3, 0.299, 2.0, 3) [0.23775382334765863 0.003930246821645847 0.008428882882989186] 10 3101.736852169037s
2022-04-16 07:13:56.318295 (1.0, 100000.0, 12, 10.0, 0.3, 0.319, 2.0, 3) [0.22712483741083425 0.0038539427651530147 0.017513446949547727] 10 2266.249971628189s
2022-04-16 07:21:59.801319 (1.0, 100000.0, 11, 10.0, 0.3, 0.307, 2.0, 3) [0.2651941431932594 0.006018849879164154 0.011958794262918794] 10 5934.564381599426s
2022-04-16 07:23:40.629429 (1.0, 100000.0, 10, 10.0, 0.3, 0.312, 2.0, 3) [0.28801093493063934 0.004840472602130304 0.012907812326210103] 10 1074.0215258598328s
2022-04-16 07:28:40.752821 (1.0, 100000.0, 10, 10.0, 0.3, 0.312, 2.0, 3) [0.28783393013014846 0.0038274894033106855 0.012965563093061159] 10 300.1203143596649s
2022-04-16 07:39:22.327336 (1.0, 100000.0, 13, 10.0, 0.3, 0.299, 2.0, 3) [0.2347491117100698 0.003768043738977646 0.00910036983452342] 10 1994.2519323825836s
2022-04-16 07:44:42.905417 (1.0, 100000.0, 12, 10.0, 0.3, 0.319, 2.0, 3) [0.2330851682804992 0.005973986194044627 0.015197049724707333] 10 1846.584843635559s
2022-04-16 07:46:51.510572 (1.0, 100000.0, 10, 10.0, 0.3, 0.312, 2.0, 3) [0.28529905130906436 0.006836194705587413 0.01362571732569818] 10 1090.7547955513s
2022-04-16 07:51:53.285437 (1.0, 100000.0, 10, 10.0, 0.3, 0.312, 2.0, 3) [0.28515571147471314 0.004449299922599513 0.013648136845062416] 10 301.7719376087189s
2022-04-16 08:10:34.305026 (1.0, 100000.0, 12, 10.0, 0.3, 0.319, 2.0, 3) [0.23008959595535974 0.005036509656794534 0.016272760243875726] 10 1551.3969316482544s
2022-04-16 08:26:31.014720 (1.0, 100000.0, 10, 10.0, 0.3, 0.312, 2.0, 3) [0.28634924223429714 0.0032835974259121997 0.013323617777747196] 10 2077.725900411606s
2022-04-16 08:34:04.769577 (1.0, 100000.0, 12, 10.0, 0.3, 0.319, 2.0, 3) [0.23506030375202933 0.005102833009312986 0.0144977309179447] 10 1410.4617745876312s
2022-04-16 08:36:46.390884 (1.0, 100000.0, 10, 10.0, 0.3, 0.312, 2.0, 3) [0.28610664391308444 0.0037829630053336978 0.013396925860291592] 10 615.3733613491058s
2022-04-16 08:41:45.455919 (1.0, 100000.0, 10, 10.0, 0.3, 0.312, 2.0, 3) [0.28712579067411803 0.004140437526505331 0.013136913214567184] 10 299.06221055984497s
2022-04-16 08:44:06.839848 (1.0, 100000.0, 13, 10.0, 0.3, 0.299, 2.0, 3) [0.23851476346252193 0.0030911035050676214 0.008266577421922274] 10 3884.5102863311768s
2022-04-16 08:56:00.752039 (1.0, 100000.0, 11, 10.0, 0.3, 0.307, 2.0, 3) [0.2649689285350329 0.0032284477092211663 0.01198751578303004] 10 5640.948338508606s
2022-04-16 08:56:01.072665 (1.0, 100000.0, 12, 10.0, 0.3, 0.319, 2.0, 3) [0.23036827808308008 0.0037706566423495913 0.01616972431678212] 10 1316.3007609844208s
2022-04-16 09:09:13.902025 (1.0, 100000.0, 13, 10.0, 0.3, 0.299, 2.0, 3) [0.24298178071212123 0.0060769710783177755 0.007391926831616472] 10 1507.059909105301s
2022-04-16 09:24:00.939650 (1.0, 100000.0, 13, 10.0, 0.3, 0.299, 2.0, 3) [0.23475095606256505 0.004094819654969978 0.00911765487213051] 10 887.0353107452393s
2022-04-16 09:26:29.656942 (1.0, 100000.0, 12, 10.0, 0.3, 0.319, 2.0, 3) [0.2275322130202739 0.0030711107334098244 0.0173036179154543] 10 1828.5806677341461s
2022-04-16 09:40:16.497424 (1.0, 100000.0, 13, 10.0, 0.3, 0.299, 2.0, 3) [0.23564312516937957 0.005188262576089119 0.0088832287824715] 10 975.5554842948914s
2022-04-16 09:53:54.160668 (1.0, 100000.0, 13, 10.0, 0.3, 0.299, 2.0, 3) [0.23857014215666286 0.0035973393837926172 0.00826039903160327] 10 817.6610293388367s
2022-04-16 10:02:55.177562 (1.0, 100000.0, 12, 10.0, 0.3, 0.319, 2.0, 3) [0.23008149334468372 0.005137595447388485 0.01633482614230747] 10 2185.517989397049s
2022-04-16 10:24:16.143773 (1.0, 100000.0, 12, 10.0, 0.3, 0.319, 2.0, 3) [0.22782347778332265 0.005128825062553989 0.017204465089030754] 10 1280.963841676712s
2022-04-16 10:24:41.589303 (1.0, 100000.0, 10, 10.0, 0.3, 0.319, 2.0, 3) [0.2747668550314992 0.0036815039863215683 0.01675453553882737] 10 6171.82453250885s
2022-04-16 10:31:40.490462 (1.0, 100000.0, 13, 10.0, 0.3, 0.299, 2.0, 3) [0.23865075687748244 0.003497710434368044 0.00822628605352205] 10 2266.3272557258606s
2022-04-16 10:59:58.351939 (1.0, 100000.0, 13, 10.0, 0.3, 0.299, 2.0, 3) [0.23885470103079856 0.0031929595292574833 0.008191109933146675] 10 1697.858946800232s
2022-04-16 11:11:20.421030 (1.0, 100000.0, 12, 10.0, 0.3, 0.319, 2.0, 3) [0.22971834675295344 0.006164269966755284 0.016428443939311626] 10 2824.2743561267853s
2022-04-16 11:19:41.618715 (1.0, 100000.0, 13, 10.0, 0.3, 0.299, 2.0, 3) [0.23841537430348872 0.003933033723916117 0.008307951761831293] 10 1183.2641587257385s
2022-04-16 11:30:13.300281 (1.0, 100000.0, 10, 10.0, 0.3, 0.319, 2.0, 3) [0.2802897994634044 0.003659416174743374 0.01510732017178966] 10 3931.708520412445s
2022-04-16 11:35:26.885799 (1.0, 100000.0, 10, 10.0, 0.3, 0.319, 2.0, 3) [0.28124460462586914 0.005212195875187672 0.014765728067847128] 10 313.57922649383545s
2022-04-16 11:36:23.516162 (1.0, 100000.0, 13, 10.0, 0.3, 0.292, 2.0, 3) [0.24803803287153814 0.006277262361098805 0.006451700963575082] 10 997.9050261974335s
2022-04-16 11:49:20.774732 (1.0, 100000.0, 12, 10.0, 0.3, 0.319, 2.0, 3) [0.22694367718709033 0.0030605881537765275 0.017536239335396324] 10 2280.3513281345367s
2022-04-16 11:51:37.227364 (1.0, 100000.0, 13, 10.0, 0.3, 0.292, 2.0, 3) [0.24867470768169414 0.004901220938894618 0.006342767179028481] 10 913.7090182304382s
2022-04-16 11:54:43.704603 (1.0, 100000.0, 11, 10.0, 0.3, 0.307, 2.0, 3) [0.26609028329497625 0.006908698867822463 0.011732608973256339] 10 10722.949915885925s
2022-04-16 12:05:28.586946 (1.0, 100000.0, 13, 10.0, 0.3, 0.292, 2.0, 3) [0.2465765109328997 0.0034769058988782056 0.006696067328826974] 10 831.3569040298462s
2022-04-16 12:12:19.832893 (1.0, 100000.0, 10, 10.0, 0.3, 0.319, 2.0, 3) [0.27536763966431616 0.004950907962468478 0.016592953780213485] 10 2212.9388864040375s
2022-04-16 12:19:38.474809 (1.0, 100000.0, 13, 10.0, 0.3, 0.292, 2.0, 3) [0.24663846182504356 0.004264299520406777 0.00669775122863584] 10 849.8854651451111s
2022-04-16 12:28:37.376520 (1.0, 100000.0, 12, 10.0, 0.3, 0.312, 2.0, 3) [0.23766213060997438 0.004911616882618606 0.013596467025436001] 10 2352.777010679245s
2022-04-16 12:45:44.898268 (1.0, 100000.0, 13, 10.0, 0.3, 0.292, 2.0, 3) [0.24691958624645058 0.004694847742564395 0.006646265572813271] 10 1566.4210257530212s
2022-04-16 12:57:11.391861 (1.0, 100000.0, 12, 10.0, 0.3, 0.312, 2.0, 3) [0.2395363955625398 0.004221459952542659 0.012990554865680582] 10 1714.0130667686462s
2022-04-16 13:08:04.019741 (1.0, 100000.0, 10, 10.0, 0.3, 0.319, 2.0, 3) [0.27629794720614365 0.005176768958351582 0.01628370331679648] 10 3344.183262825012s
2022-04-16 13:13:34.108433 (1.0, 100000.0, 13, 10.0, 0.3, 0.292, 2.0, 3) [0.25016094026627567 0.0040060770377845474 0.0061155282289664615] 10 1669.2074055671692s
2022-04-16 13:16:28.922369 (1.0, 100000.0, 12, 10.0, 0.3, 0.312, 2.0, 3) [0.23495980788246576 0.004054438275334189 0.014462177002782498] 10 1157.5278732776642s
2022-04-16 13:38:09.978507 (1.0, 100000.0, 10, 10.0, 0.3, 0.319, 2.0, 3) [0.27612809532035565 0.003988175610746428 0.016361568535829416] 10 1805.9522817134857s
2022-04-16 13:39:45.009909 (1.0, 100000.0, 13, 10.0, 0.3, 0.292, 2.0, 3) [0.2428122611479585 0.0056302714003015 0.007379564412500902] 10 1570.8990697860718s
2022-04-16 13:48:10.118327 (1.0, 100000.0, 12, 10.0, 0.3, 0.312, 2.0, 3) [0.23631726516720614 0.003223587650169087 0.014006001396209791] 10 1901.1936197280884s
2022-04-16 14:10:01.505075 (1.0, 100000.0, 13, 10.0, 0.3, 0.292, 2.0, 3) [0.2513993682524503 0.0050380456251351196 0.0059211752304936145] 10 1816.4925322532654s
2022-04-16 14:13:50.960689 (1.0, 100000.0, 12, 10.0, 0.3, 0.312, 2.0, 3) [0.2406463948765152 0.0069010795174554536 0.012686660811048711] 10 1540.8397529125214s
2022-04-16 14:34:37.175933 (1.0, 100000.0, 11, 10.0, 0.3, 0.307, 2.0, 3) [0.2674856699440392 0.004034487836216031 0.011365291069958473] 10 9593.468214511871s
2022-04-16 14:44:39.104378 (1.0, 100000.0, 12, 10.0, 0.3, 0.312, 2.0, 3) [0.23820413500216017 0.0028122190701107526 0.013399865451919483] 10 1848.1414160728455s
2022-04-16 14:46:43.236154 (1.0, 100000.0, 13, 10.0, 0.3, 0.292, 2.0, 3) [0.24648615912695324 0.0041242525587610905 0.006720839632889418] 10 2201.7286901474s
2022-04-16 15:04:44.487027 (1.0, 100000.0, 12, 10.0, 0.3, 0.312, 2.0, 3) [0.24116139634893466 0.005322511396373886 0.012540512267267776] 10 1205.380182981491s
2022-04-16 15:12:35.543357 (1.0, 100000.0, 13, 10.0, 0.3, 0.292, 2.0, 3) [0.24873701159791145 0.006212851866970839 0.006338072101910006] 10 1552.3047451972961s
2022-04-16 15:16:01.354378 (1.0, 100000.0, 10, 10.0, 0.3, 0.319, 2.0, 3) [0.27411416312264336 0.005049090564177279 0.016980663706654256] 10 5871.364706039429s
2022-04-16 15:20:58.033164 (1.0, 100000.0, 10, 10.0, 0.3, 0.319, 2.0, 3) [0.2760374313991562 0.004966038934744246 0.0163703306549716] 10 296.6725399494171s
2022-04-16 15:25:55.699194 (1.0, 100000.0, 10, 10.0, 0.3, 0.319, 2.0, 3) [0.2745535150718317 0.004907308036879372 0.01686663502208322] 10 297.6611318588257s
2022-04-16 15:31:42.147429 (1.0, 100000.0, 10, 10.0, 0.3, 0.319, 2.0, 3) [0.2782291642227977 0.004783836943374437 0.0156886923112556] 10 346.4450845718384s
2022-04-16 15:42:02.408363 (1.0, 100000.0, 12, 10.0, 0.3, 0.312, 2.0, 3) [0.23616294124149026 0.003812274331202791 0.014074857202093694] 10 2237.9186174869537s
2022-04-16 16:07:28.571158 (1.0, 100000.0, 13, 10.0, 0.3, 0.307, 2.0, 3) [0.2251438652538161 0.003297045227824559 0.01170123676890794] 10 3289.4800601005554s
2022-04-16 16:18:00.118335 (1.0, 100000.0, 12, 10.0, 0.3, 0.312, 2.0, 3) [0.2387025280220515 0.0033441310604883233 0.013272223852471777] 10 2157.707536458969s
2022-04-16 16:22:01.886653 (1.0, 100000.0, 13, 10.0, 0.3, 0.307, 2.0, 3) [0.2254969999081314 0.0048156889363150275 0.011595453790526063] 10 873.3129935264587s
2022-04-16 16:29:06.140602 (1.0, 100000.0, 11, 10.0, 0.3, 0.307, 2.0, 3) [0.2677679465568774 0.004118404362004664 0.011284089708324984] 10 6868.9617285728455s
2022-04-16 16:41:39.243970 (1.0, 100000.0, 13, 10.0, 0.3, 0.307, 2.0, 3) [0.2286200053703452 0.0036376252987676046 0.01069748560780715] 10 1177.3545525074005s
2022-04-16 16:42:34.402607 (1.0, 100000.0, 12, 10.0, 0.3, 0.312, 2.0, 3) [0.2362916557384216 0.004784476228541818 0.014029129114643156] 10 1474.2817335128784s
2022-04-16 16:52:29.362647 (1.0, 100000.0, 12, 10.0, 0.3, 0.297, 2.0, 3) [0.2654875676181967 0.0033947553058599864 0.007004622634780384] 10 591.4169175624847s
2022-04-16 17:02:01.611334 (1.0, 100000.0, 12, 10.0, 0.3, 0.297, 2.0, 3) [0.2559890797064026 0.003054132560531185 0.00876178902869864] 10 572.2462484836578s
2022-04-16 17:09:35.355878 (1.0, 100000.0, 13, 10.0, 0.3, 0.307, 2.0, 3) [0.22650827374835394 0.004017864045711818 0.011287267866323931] 10 1676.109167098999s
2022-04-16 17:11:33.560121 (1.0, 100000.0, 12, 10.0, 0.3, 0.297, 2.0, 3) [0.2565155248627672 0.0044672709312381445 0.008655392175829982] 10 571.9462990760803s
2022-04-16 17:21:05.440340 (1.0, 100000.0, 12, 10.0, 0.3, 0.297, 2.0, 3) [0.2628183336277679 0.00545182402190855 0.007458732703216495] 10 571.8776819705963s
2022-04-16 17:30:38.079443 (1.0, 100000.0, 12, 10.0, 0.3, 0.297, 2.0, 3) [0.261439046926685 0.004671958604599089 0.007708380097119056] 10 572.6366450786591s
2022-04-16 17:40:12.905200 (1.0, 100000.0, 12, 10.0, 0.3, 0.297, 2.0, 3) [0.2590582390951929 0.004472446237126572 0.00813736933249623] 10 574.8235552310944s
2022-04-16 17:48:53.612091 (1.0, 100000.0, 13, 10.0, 0.3, 0.307, 2.0, 3) [0.22789956994752156 0.0052237950463161235 0.010888209076688275] 10 2358.253428220749s
2022-04-16 17:49:47.833377 (1.0, 100000.0, 12, 10.0, 0.3, 0.297, 2.0, 3) [0.25797738009123405 0.0034500612298507673 0.00835977068440592] 10 574.925764799118s
2022-04-16 17:59:20.295443 (1.0, 100000.0, 12, 10.0, 0.3, 0.297, 2.0, 3) [0.262134208250776 0.0041642695180662175 0.007582763496585695] 10 572.4596738815308s
2022-04-16 18:01:48.010345 (1.0, 100000.0, 10, 10.0, 0.3, 0.302, 2.0, 3) [0.3031569392741094 0.005215865395615119 0.009564192170700349] 10 9002.082131147385s
2022-04-16 18:08:52.886595 (1.0, 100000.0, 12, 10.0, 0.3, 0.297, 2.0, 3) [0.261985277631129 0.004778335685984386 0.0076113448611506394] 10 572.5888197422028s
2022-04-16 18:09:19.934212 (1.0, 100000.0, 13, 10.0, 0.3, 0.307, 2.0, 3) [0.22665378075247536 0.005713923719556854 0.011268283497878576] 10 1226.3164565563202s
2022-04-16 18:18:25.314138 (1.0, 100000.0, 12, 10.0, 0.3, 0.297, 2.0, 3) [0.2540544385650497 0.00560221424918612 0.009157898372998617] 10 572.4250915050507s
2022-04-16 19:04:24.595342 (1.0, 100000.0, 12, 10.0, 0.3, 0.305, 2.0, 3) [0.24964707119423674 0.005202148346267077 0.010219536752263924] 10 2756.052980899811s
2022-04-16 19:13:51.969022 (1.0, 100000.0, 13, 10.0, 0.3, 0.307, 2.0, 3) [0.22746698313161015 0.005891895646705807 0.011024705879606468] 10 3872.029741048813s
2022-04-16 19:27:45.901649 (1.0, 100000.0, 13, 10.0, 0.3, 0.307, 2.0, 3) [0.23120794447435047 0.004763524847626315 0.010018398580111356] 10 833.9299457073212s
2022-04-16 19:28:21.454548 (1.0, 100000.0, 12, 10.0, 0.3, 0.305, 2.0, 3) [0.24962421746679675 0.00626631880822744 0.010215375003025377] 10 1436.856770515442s
2022-04-16 19:29:55.214157 (1.0, 100000.0, 11, 10.0, 0.3, 0.307, 2.0, 3) [0.26561375634229467 0.004914339258424293 0.01183232921145127] 10 10849.070946455002s
2022-04-16 19:30:24.294559 (1.0, 100000.0, 10, 10.0, 0.3, 0.302, 2.0, 3) [0.2996986496064361 0.008663728016783693 0.010199530632612315] 10 5316.2818195819855s
2022-04-16 19:35:26.404351 (1.0, 100000.0, 10, 10.0, 0.3, 0.302, 2.0, 3) [0.2974273089815454 0.006586608808251254 0.010686468741917688] 10 302.10338711738586s
2022-04-16 19:43:28.674606 (1.0, 100000.0, 13, 10.0, 0.3, 0.307, 2.0, 3) [0.22877383460444126 0.003732064916585782 0.010673874926026504] 10 942.7702813148499s
2022-04-16 19:49:22.346919 (1.0, 100000.0, 12, 10.0, 0.3, 0.305, 2.0, 3) [0.24716269825270729 0.0038663127124054205 0.01083310482383282] 10 1260.8896021842957s
2022-04-16 20:01:05.124823 (1.0, 100000.0, 13, 10.0, 0.3, 0.307, 2.0, 3) [0.2229773043342147 0.0052685590043197615 0.012350679674186375] 10 1056.447877407074s
2022-04-16 20:21:27.067220 (1.0, 100000.0, 10, 10.0, 0.3, 0.302, 2.0, 3) [0.29860531545254526 0.0032679276929066864 0.010438436622037304] 10 2760.658012151718s
2022-04-16 20:26:30.593955 (1.0, 100000.0, 10, 10.0, 0.3, 0.302, 2.0, 3) [0.30291767280554033 0.003439804744985237 0.009600346074460583] 10 303.5237777233124s
2022-04-16 20:28:59.991866 (1.0, 100000.0, 12, 10.0, 0.3, 0.305, 2.0, 3) [0.2468819047115187 0.007208345893463197 0.010914292516343389] 10 2377.64231300354s
2022-04-16 20:31:29.949789 (1.0, 100000.0, 10, 10.0, 0.3, 0.302, 2.0, 3) [0.3003303313369418 0.003735741187184388 0.01008808057515893] 10 299.3529326915741s
2022-04-16 21:08:04.762062 (1.0, 100000.0, 10, 10.0, 0.3, 0.302, 2.0, 3) [0.2972309906183429 0.005693398048373254 0.01073196793618653] 10 2194.8094584941864s
2022-04-16 21:08:37.124534 (1.0, 100000.0, 12, 10.0, 0.3, 0.305, 2.0, 3) [0.2452370630743876 0.004186810451441646 0.011331960062092824] 10 2377.1298081874847s
2022-04-16 21:13:02.042531 (1.0, 100000.0, 10, 10.0, 0.3, 0.302, 2.0, 3) [0.3047327110658779 0.005263454367710893 0.00926095833117343] 10 297.2761662006378s
2022-04-16 21:17:58.884511 (1.0, 100000.0, 10, 10.0, 0.3, 0.302, 2.0, 3) [0.3031735360489557 0.005550970643221172 0.009555669991481084] 10 296.8391602039337s
2022-04-16 21:24:42.190486 (1.0, 100000.0, 13, 10.0, 0.3, 0.297, 2.0, 3) [0.2400219427691596 0.0044558248846333455 0.007957592822390981] 10 5013.2383234500885s
2022-04-16 21:27:50.160623 (1.0, 100000.0, 10, 10.0, 0.3, 0.302, 2.0, 3) [0.2982428932649455 0.004036581430511641 0.010502125316113584] 10 591.2732775211334s
2022-04-16 21:41:53.355732 (1.0, 100000.0, 12, 10.0, 0.3, 0.305, 2.0, 3) [0.24916771252331563 0.0033965830415412478 0.01032771595353911] 10 1996.2285134792328s
2022-04-16 21:52:36.501959 (1.0, 100000.0, 13, 10.0, 0.3, 0.297, 2.0, 3) [0.23934279408368925 0.004997013557567631 0.008090152206719079] 10 1674.308994293213s
2022-04-16 22:08:18.479001 (1.0, 100000.0, 13, 10.0, 0.3, 0.297, 2.0, 3) [0.24029220368343712 0.003731759027436858 0.007893107731548424] 10 941.9709379673004s
2022-04-16 22:32:29.655336 (1.0, 100000.0, 10, 10.0, 0.3, 0.285, 2.0, 3) [0.32775234490141686 0.007715454253409289 0.005850032861230827] 10 3875.672814130783s
2022-04-16 22:38:11.265991 (1.0, 100000.0, 11, 10.0, 0.3, 0.307, 2.0, 3) [0.26573495415791637 0.005096745980806585 0.011786107991424663] 10 11296.04858326912s
2022-04-16 22:46:46.475401 (1.0, 100000.0, 13, 10.0, 0.3, 0.297, 2.0, 3) [0.24558235011926371 0.005325794108379598 0.006904586621625466] 10 2307.991389989853s
2022-04-16 22:52:06.468888 (1.0, 100000.0, 12, 10.0, 0.3, 0.305, 2.0, 3) [0.2474586801658258 0.00895451698030562 0.010744316824935731] 10 4213.110756158829s
2022-04-16 23:17:49.024716 (1.0, 100000.0, 12, 10.0, 0.3, 0.305, 2.0, 3) [0.25166931767530165 0.005866169158873796 0.009738455550090806] 10 1542.5531902313232s
2022-04-16 23:20:51.435401 (1.0, 100000.0, 13, 10.0, 0.3, 0.297, 2.0, 3) [0.24573401888519503 0.009768016544210901 0.006884953737771074] 10 2044.9574739933014s
2022-04-16 23:40:34.376394 (1.0, 100000.0, 12, 10.0, 0.3, 0.305, 2.0, 3) [0.2502270731671844 0.0033872187559956615 0.010069649410229831] 10 1365.3489027023315s
2022-04-16 23:48:57.381056 (1.0, 100000.0, 13, 10.0, 0.3, 0.297, 2.0, 3) [0.24403090026361032 0.004693863072157828 0.007173176406879922] 10 1685.9431056976318s
2022-04-17 00:05:19.964561 (1.0, 100000.0, 10, 10.0, 0.3, 0.285, 2.0, 3) [0.31958119521484074 0.002902260821988625 0.006853997793472963] 10 5570.306987285614s
2022-04-17 00:05:56.452329 (1.0, 100000.0, 13, 10.0, 0.3, 0.297, 2.0, 3) [0.23815001389445162 0.004227968955339284 0.008320757747145191] 10 1019.0683598518372s
2022-04-17 00:20:19.057586 (1.0, 100000.0, 13, 10.0, 0.3, 0.297, 2.0, 3) [0.2416076065779748 0.003627006881886684 0.007624085987047215] 10 862.6027774810791s
2022-04-17 00:24:12.850418 (1.0, 100000.0, 12, 10.0, 0.3, 0.305, 2.0, 3) [0.2517739770070252 0.0059942848474915916 0.009713003737399632] 10 2618.4715621471405s
2022-04-17 00:35:45.485681 (1.0, 100000.0, 13, 10.0, 0.3, 0.297, 2.0, 3) [0.23969756941428105 0.0035245332898130376 0.00801223231899319] 10 926.4257476329803s
2022-04-17 00:51:09.285499 (1.0, 100000.0, 13, 10.0, 0.3, 0.297, 2.0, 3) [0.2396252837822437 0.003157368265064102 0.008039104180497591] 10 923.7969696521759s
2022-04-17 00:58:46.273260 (1.0, 100000.0, 12, 10.0, 0.3, 0.302, 2.0, 3) [0.2567160854046641 0.005214407230800613 0.00864323708364615] 10 2069.4358563423157s
2022-04-17 01:21:26.518017 (1.0, 100000.0, 12, 10.0, 0.3, 0.302, 2.0, 3) [0.25022361893559103 0.0032499768636367428 0.010053771847507553] 10 1360.242416381836s
2022-04-17 01:23:31.948054 (1.0, 100000.0, 13, 10.0, 0.3, 0.302, 2.0, 3) [0.23247866152081087 0.00453593823359513 0.009649495504700562] 10 1937.9504251480103s
2022-04-17 01:34:48.832011 (1.0, 100000.0, 10, 10.0, 0.3, 0.285, 2.0, 3) [0.32659853805543715 0.0062223998480298165 0.0059821021786140086] 10 5368.863695144653s
2022-04-17 01:44:31.084476 (1.0, 100000.0, 12, 10.0, 0.3, 0.302, 2.0, 3) [0.249253762565359 0.007452978820523241 0.01029070019792113] 10 1384.563928604126s
2022-04-17 01:46:33.439864 (1.0, 100000.0, 13, 10.0, 0.3, 0.302, 2.0, 3) [0.235980963375181 0.003565401032766676 0.008861574367137722] 10 1381.4890501499176s
2022-04-17 01:54:08.093813 (1.0, 100000.0, 10, 10.0, 0.3, 0.285, 2.0, 3) [0.3238000787563375 0.006012462552532672 0.006308942864250025] 10 1159.25524020195s
2022-04-17 01:58:57.422890 (1.0, 100000.0, 12, 10.0, 0.3, 0.302, 2.0, 3) [0.25594050799174506 0.004103568443576489 0.008794334085541759] 10 866.3359527587891s
2022-04-17 01:59:20.813345 (1.0, 100000.0, 10, 10.0, 0.3, 0.285, 2.0, 3) [0.32566588617769887 0.004952522369795887 0.0060850631916682585] 10 312.71446347236633s
2022-04-17 02:15:14.718003 (1.0, 100000.0, 12, 10.0, 0.3, 0.302, 2.0, 3) [0.24872324605074186 0.004804366533501965 0.010420002707113381] 10 977.292605638504s
2022-04-17 02:26:05.886021 (1.0, 100000.0, 13, 10.0, 0.3, 0.302, 2.0, 3) [0.23176388482945126 0.0031618633638300616 0.009829302415472122] 10 2372.443459510803s
2022-04-17 02:26:46.522887 (1.0, 100000.0, 10, 10.0, 0.3, 0.285, 2.0, 3) [0.32527771320472354 0.00403118686146659 0.0061379708595110044] 10 1645.7064950466156s
2022-04-17 02:31:51.516983 (1.0, 100000.0, 10, 10.0, 0.3, 0.285, 2.0, 3) [0.3231225365436215 0.00456551916385712 0.006390169890892075] 10 304.989399433136s
2022-04-17 02:32:43.618173 (1.0, 100000.0, 12, 10.0, 0.3, 0.302, 2.0, 3) [0.24950463455161162 0.00420985288738128 0.010229170412689255] 10 1048.8979771137238s
2022-04-17 02:36:55.746654 (1.0, 100000.0, 10, 10.0, 0.3, 0.285, 2.0, 3) [0.32673863569784506 0.004024022757058352 0.005944117915794956] 10 304.226336479187s
2022-04-17 02:44:30.086970 (1.0, 100000.0, 11, 10.0, 0.3, 0.307, 2.0, 3) [0.2663626732954613 0.005253622287663228 0.011658212663154633] 10 14778.81781053543s
2022-04-17 02:53:18.344111 (1.0, 100000.0, 12, 10.0, 0.3, 0.302, 2.0, 3) [0.24967540082673131 0.0035411283709027527 0.010173417540711818] 10 1234.7220332622528s
2022-04-17 03:05:11.705713 (1.0, 100000.0, 10, 10.0, 0.3, 0.285, 2.0, 3) [0.3263844273761716 0.007977945059926545 0.006004949256434643] 10 1695.955724954605s
2022-04-17 03:10:19.195578 (1.0, 100000.0, 10, 10.0, 0.3, 0.285, 2.0, 3) [0.3297207478255974 0.006122181224843033 0.0056238491339109156] 10 307.4720416069031s
2022-04-17 03:17:02.069556 (1.0, 100000.0, 12, 10.0, 0.3, 0.302, 2.0, 3) [0.2517079178877593 0.006198639123082355 0.009704957837823379] 10 1423.7230291366577s
2022-04-17 03:25:08.292029 (1.0, 100000.0, 13, 10.0, 0.3, 0.302, 2.0, 3) [0.23033994808994226 0.0049882627259829745 0.010206496327083571] 10 3542.403199195862s
2022-04-17 03:45:56.559992 (1.0, 100000.0, 12, 10.0, 0.3, 0.302, 2.0, 3) [0.25596010204582137 0.0031566667249744145 0.008795729330961365] 10 1734.4881763458252s
2022-04-17 03:50:04.873482 (1.0, 100000.0, 13, 10.0, 0.3, 0.302, 2.0, 3) [0.23238190228654934 0.006209677983436898 0.009683953864840014] 10 1496.5643808841705s
2022-04-17 04:02:24.365901 (1.0, 100000.0, 12, 10.0, 0.3, 0.302, 2.0, 3) [0.24902445457081543 0.005040751343626867 0.01034683842042616] 10 987.7679498195648s
2022-04-17 04:07:12.102760 (1.0, 100000.0, 10, 10.0, 0.3, 0.305, 2.0, 3) [0.29679417839614636 0.006228417058208281 0.010833750267303821] 10 3408.8927738666534s
2022-04-17 04:12:10.110176 (1.0, 100000.0, 10, 10.0, 0.3, 0.305, 2.0, 3) [0.2966752024110372 0.004733257884492746 0.010867866804930184] 10 298.00466990470886s
2022-04-17 04:22:00.069963 (1.0, 100000.0, 10, 10.0, 0.3, 0.305, 2.0, 3) [0.29515715231106887 0.004552962700730674 0.011214596829252084] 10 589.956294298172s
2022-04-17 04:31:18.069604 (1.0, 100000.0, 13, 10.0, 0.3, 0.302, 2.0, 3) [0.2308017061375414 0.004922649523852101 0.010097189168379012] 10 2473.193238258362s
2022-04-17 04:38:04.311583 (1.0, 100000.0, 10, 10.0, 0.3, 0.305, 2.0, 3) [0.2954788854245489 0.00440175976751077 0.0110920068823685] 10 964.2382407188416s
2022-04-17 04:43:26.739556 (1.0, 100000.0, 10, 10.0, 0.3, 0.305, 2.0, 3) [0.2964226289509284 0.0048940296751985015 0.010915693085607227] 10 322.4250235557556s
2022-04-17 04:48:26.997131 (1.0, 100000.0, 10, 10.0, 0.3, 0.305, 2.0, 3) [0.29454879498692954 0.007234691563757767 0.011316111615144597] 10 300.2548863887787s
2022-04-17 05:10:27.872537 (1.0, 100000.0, 13, 10.0, 0.3, 0.302, 2.0, 3) [0.2287350703533113 0.003571875014164451 0.010631917100590499] 10 2349.80024433136s
2022-04-17 05:42:12.633564 (1.0, 100000.0, 13, 10.0, 0.3, 0.302, 2.0, 3) [0.23734814956875366 0.007000085925203449 0.00855883560689753] 10 1904.73890209198s
2022-04-17 05:56:06.718709 (1.0, 100000.0, 13, 10.0, 0.3, 0.302, 2.0, 3) [0.2319055547980955 0.0030728805808933426 0.009794106096822854] 10 833.891982793808s
2022-04-17 06:08:07.004505 (1.0, 100000.0, 11, 10.0, 0.3, 0.307, 2.0, 3) [0.27075452128096156 0.0039005032737909444 0.010600213786431495] 10 12216.909848451614s
2022-04-17 06:09:15.801440 (1.0, 100000.0, 10, 10.0, 0.3, 0.305, 2.0, 3) [0.298988424687292 0.004624912007933564 0.010378334893025504] 10 4848.801569700241s
2022-04-17 06:15:33.098440 (1.0, 100000.0, 13, 10.0, 0.3, 0.302, 2.0, 3) [0.23464053497818999 0.005930991943925772 0.009145878154496415] 10 1166.3771705627441s
2022-04-17 06:52:50.486765 (1.0, 100000.0, 10, 10.0, 0.3, 0.305, 2.0, 3) [0.2954909524285909 0.0030449760234894717 0.01108673654483471] 10 2614.6828532218933s
2022-04-17 06:57:56.923032 (1.0, 100000.0, 10, 10.0, 0.3, 0.305, 2.0, 3) [0.292613889259139 0.006518054864741422 0.011749513275907043] 10 306.4134223461151s
2022-04-17 07:03:01.482673 (1.0, 100000.0, 10, 10.0, 0.3, 0.305, 2.0, 3) [0.2923137317883705 0.004947112884746339 0.011836357693737016] 10 304.5569906234741s
2022-04-17 07:28:35.456237 (1.0, 100000.0, 10, 10.0, 0.3, 0.307, 2.0, 3) [0.29432922813302814 0.004198214231278105 0.011379168882177937] 10 1529.4487125873566s
2022-04-17 08:38:55.959193 (1.0, 100000.0, 10, 10.0, 0.3, 0.307, 2.0, 3) [0.2909161605044812 0.004576862669766156 0.012167836903743049] 10 4220.497143507004s
2022-04-17 08:43:47.824465 (1.0, 100000.0, 10, 10.0, 0.3, 0.307, 2.0, 3) [0.2951039593290539 0.004598150494916376 0.011206785801626857] 10 291.8414647579193s
2022-04-17 08:48:52.402587 (1.0, 100000.0, 10, 10.0, 0.3, 0.307, 2.0, 3) [0.29634436424366795 0.0069461937974153185 0.010932049073465152] 10 304.57428908348083s
2022-04-17 08:58:44.447467 (1.0, 100000.0, 10, 10.0, 0.3, 0.307, 2.0, 3) [0.2915909508079 0.005188853257272841 0.012009692835240567] 10 592.0421977043152s
2022-04-17 09:07:23.263244 (1.0, 100000.0, 10, 10.0, 0.3, 0.307, 2.0, 3) [0.28842247067546833 0.006672282825059824 0.012766455798189795] 10 518.8129456043243s
2022-04-17 09:15:35.008192 (1.0, 100000.0, 10, 10.0, 0.3, 0.307, 2.0, 3) [0.2933182979046541 0.0040670578978425 0.011595269938684464] 10 491.74248719215393s
2022-04-17 09:21:13.915268 (1.0, 100000.0, 10, 10.0, 0.3, 0.307, 2.0, 3) [0.2892764854261701 0.002867845147413708 0.012565744866680599] 10 338.9034540653229s
2022-04-17 09:29:38.374170 (1.0, 100000.0, 10, 10.0, 0.3, 0.307, 2.0, 3) [0.29702359657460786 0.0061076658512403265 0.010808388131631711] 10 504.45633840560913s
2022-04-17 09:38:06.121649 (1.0, 100000.0, 10, 10.0, 0.3, 0.307, 2.0, 3) [0.29588180065288444 0.003859456542041427 0.011041819152910862] 10 507.7444360256195s
2022-04-17 09:52:11.486194 (1.0, 100000.0, 11, 10.0, 0.3, 0.307, 2.0, 3) [0.2638344030766433 0.00772018532945541 0.012306084685993412] 10 13444.47818517685s
2022-04-17 11:48:49.576992 (1.0, 100000.0, 10, 10.0, 0.3, 0.297, 2.0, 3) [0.307026012666712 0.003789087829376973 0.008809354025678135] 10 7839.60546541214s
2022-04-17 12:47:03.094757 (1.0, 100000.0, 11, 10.0, 0.3, 0.3, 2.0, 3) [0.28032413534212236 0.003229823585908587 0.008595039973916663] 10 10487.131944656372s
2022-04-17 12:50:38.157943 (1.0, 100000.0, 10, 10.0, 0.3, 0.297, 2.0, 3) [0.3036095171744836 0.004154742257217506 0.009424203333122062] 10 3708.5576202869415s
2022-04-17 13:08:41.565053 (1.0, 100000.0, 11, 10.0, 0.3, 0.3, 2.0, 3) [0.27513511905462795 0.004570368499128641 0.0096030133351935] 10 1298.3889269828796s
2022-04-17 13:15:59.722280 (1.0, 100000.0, 10, 10.0, 0.3, 0.297, 2.0, 3) [0.30631534602768734 0.0040146938645706405 0.008948740266480591] 10 1521.5618314743042s
2022-04-17 13:36:16.991594 (1.0, 100000.0, 11, 10.0, 0.3, 0.3, 2.0, 3) [0.27436527937539784 0.003814919017109897 0.009755054493105831] 10 1655.424477815628s
2022-04-17 13:42:32.125600 (1.0, 100000.0, 10, 10.0, 0.3, 0.297, 2.0, 3) [0.30295089608809306 0.00490415040179496 0.009557793979809923] 10 1592.400619983673s
2022-04-17 13:56:40.573731 (1.0, 100000.0, 11, 10.0, 0.3, 0.3, 2.0, 3) [0.27505024057376665 0.008566315164917246 0.009619520978389449] 10 1223.579871416092s
2022-04-17 14:07:23.532064 (1.0, 100000.0, 10, 10.0, 0.3, 0.297, 2.0, 3) [0.3089555456081687 0.0038073871253930425 0.008498379405200217] 10 1491.404042005539s
2022-04-17 14:16:14.217944 (1.0, 100000.0, 11, 10.0, 0.3, 0.3, 2.0, 3) [0.2779368008667863 0.004298390724503091 0.0090427712983054] 10 1173.6411237716675s
2022-04-17 14:25:03.332025 (1.0, 100000.0, 11, 10.0, 0.3, 0.3, 2.0, 3) [0.2753844428733264 0.004443405030398135 0.009545811795035015] 10 529.1114094257355s
2022-04-17 14:31:02.353974 (1.0, 100000.0, 10, 10.0, 0.3, 0.297, 2.0, 3) [0.30169345263366865 0.005173453431996999 0.009782788404383444] 10 1418.8191916942596s
2022-04-17 14:33:29.438250 (1.0, 100000.0, 11, 10.0, 0.3, 0.3, 2.0, 3) [0.2778447458497176 0.0040455757168694345 0.009070417375964531] 10 506.09878635406494s
2022-04-17 14:41:51.195283 (1.0, 100000.0, 11, 10.0, 0.3, 0.3, 2.0, 3) [0.27868667007980613 0.004552262555793901 0.008901902702394483] 10 501.75114035606384s
2022-04-17 14:47:57.734231 (1.0, 100000.0, 10, 10.0, 0.3, 0.297, 2.0, 3) [0.30806374649371104 0.0029771973478596226 0.008647165499718595] 10 1015.3773231506348s
2022-04-17 14:54:28.704473 (1.0, 100000.0, 10, 10.0, 0.3, 0.297, 2.0, 3) [0.30748755208584827 0.005992780348912024 0.008754319006917597] 10 390.9678158760071s
2022-04-17 15:00:42.718350 (1.0, 100000.0, 10, 10.0, 0.3, 0.297, 2.0, 3) [0.3041153504900236 0.0032728303137059137 0.009348373719380753] 10 374.011727809906s
2022-04-17 15:01:16.528467 (1.0, 100000.0, 11, 10.0, 0.3, 0.3, 2.0, 3) [0.27709146948704655 0.005809018678603764 0.009212677528610049] 10 1165.329661846161s
2022-04-17 15:07:56.520692 (1.0, 100000.0, 10, 10.0, 0.3, 0.297, 2.0, 3) [0.30394793396770037 0.004475199852692214 0.00938369993536928] 10 433.79994320869446s
2022-04-17 15:12:23.297349 (1.0, 100000.0, 11, 10.0, 0.3, 0.3, 2.0, 3) [0.2734124553960576 0.003741534981182529 0.009976610812883405] 10 666.7659142017365s
2022-04-17 15:14:27.690017 (1.0, 100000.0, 10, 10.0, 0.3, 0.3, 2.0, 3) [0.2989742882734259 0.0038704208345205103 0.010329853962295634] 10 382.14079904556274s
2022-04-17 15:20:49.491284 (1.0, 100000.0, 10, 10.0, 0.3, 0.3, 2.0, 3) [0.30126687135190466 0.003085537424592645 0.009887291066136998] 10 381.7989935874939s
2022-04-17 15:25:15.611836 (1.0, 100000.0, 11, 10.0, 0.3, 0.305, 2.0, 3) [0.272639908470352 0.00387060667181099 0.010158826606686195] 10 768.2634723186493s
2022-04-17 15:27:51.878451 (1.0, 100000.0, 10, 10.0, 0.3, 0.3, 2.0, 3) [0.3037037949221094 0.0039997896177408265 0.009428642317183733] 10 422.38507533073425s
2022-04-17 15:33:19.169549 (1.0, 100000.0, 10, 10.0, 0.3, 0.3, 2.0, 3) [0.30287048392577365 0.0030095019373412974 0.00959918557716316] 10 327.28883624076843s
2022-04-17 15:39:52.517826 (1.0, 100000.0, 10, 10.0, 0.3, 0.3, 2.0, 3) [0.3074458104108353 0.004150843925109709 0.00876491216951391] 10 393.3451397418976s
2022-04-17 15:45:55.093667 (1.0, 100000.0, 10, 10.0, 0.3, 0.3, 2.0, 3) [0.3041203107514357 0.0040807770583277244 0.009349925773938998] 10 362.5735514163971s
2022-04-17 15:48:48.764480 (1.0, 100000.0, 11, 10.0, 0.3, 0.305, 2.0, 3) [0.2729343973951438 0.00480189145708886 0.010111659044375809] 10 1413.1500096321106s
2022-04-17 15:52:58.540184 (1.0, 100000.0, 10, 10.0, 0.3, 0.3, 2.0, 3) [0.3002062611455279 0.005998992522750527 0.01009310971737888] 10 423.4426784515381s
2022-04-17 15:59:30.632042 (1.0, 100000.0, 10, 10.0, 0.3, 0.3, 2.0, 3) [0.3058143926249732 0.005212770135063337 0.009043153130691881] 10 392.08782029151917s
2022-04-17 16:06:44.854364 (1.0, 100000.0, 10, 10.0, 0.3, 0.3, 2.0, 3) [0.3033141881660726 0.004898488129460537 0.009509512632479811] 10 434.2190885543823s
2022-04-17 16:10:47.628993 (1.0, 100000.0, 11, 10.0, 0.3, 0.305, 2.0, 3) [0.2724013442419155 0.003538473881244502 0.010229129838694475] 10 1318.862060546875s
2022-04-17 16:14:25.946451 (1.0, 100000.0, 10, 10.0, 0.3, 0.3, 2.0, 3) [0.3029411366502957 0.0032749444176986063 0.009566137463137349] 10 461.0894675254822s
2022-04-17 16:26:00.205482 (1.0, 100000.0, 11, 10.0, 0.3, 0.305, 2.0, 3) [0.27142504301972914 0.004612664986839818 0.010448031021528798] 10 912.5733296871185s
2022-04-17 16:48:59.136383 (1.0, 100000.0, 11, 10.0, 0.3, 0.305, 2.0, 3) [0.2690635281666724 0.0030543257190652987 0.010989235840409915] 10 1378.9287431240082s
2022-04-17 18:16:04.777982 (1.0, 100000.0, 11, 10.0, 0.3, 0.305, 2.0, 3) [0.2749966417059702 0.004328631233302578 0.009658658613046893] 10 5225.639419078827s
2022-04-17 18:41:56.500644 (1.0, 100000.0, 11, 10.0, 0.3, 0.305, 2.0, 3) [0.27073953143987284 0.005021090572342936 0.01061980836297909] 10 1551.6997511386871s
2022-04-17 19:04:22.142380 (1.0, 100000.0, 11, 10.0, 0.3, 0.305, 2.0, 3) [0.26423893773895574 0.007340377903116798 0.01217997068747561] 10 1345.6390964984894s
2022-04-17 19:41:46.030047 (1.0, 100000.0, 11, 10.0, 0.3, 0.305, 2.0, 3) [0.2698751614902013 0.004544370483099851 0.010788106338567733] 10 2243.8847782611847s
2022-04-17 20:01:35.226233 (1.0, 100000.0, 11, 10.0, 0.3, 0.305, 2.0, 3) [0.2688831523399163 0.007042663043372883 0.011007495074468826] 10 1189.193729877472s
2022-04-17 20:34:17.966286 (1.0, 100000.0, 11, 10.0, 0.3, 0.312, 2.0, 3) [0.2592294494865522 0.0033692133541665587 0.013628607463749939] 10 1958.7433071136475s
2022-04-17 21:32:27.891154 (1.0, 100000.0, 11, 10.0, 0.3, 0.312, 2.0, 3) [0.25780740819302045 0.0033330723774537075 0.014013645515411025] 10 3489.9230172634125s
2022-04-18 00:39:44.785836 (1.0, 100000.0, 11, 10.0, 0.3, 0.312, 2.0, 3) [0.2593433571774799 0.0052633376734489 0.013587600130014015] 10 11236.890982627869s
2022-04-18 04:58:22.011347 (1.0, 100000.0, 11, 10.0, 0.3, 0.312, 2.0, 3) [0.26063874893023514 0.0038965090493238604 0.013220220695500703] 10 15517.193750619888s
2022-04-18 09:07:22.272922 (1.0, 100000.0, 11, 10.0, 0.3, 0.312, 2.0, 3) [0.2621885682017911 0.004622672716195685 0.012782347406561331] 10 14940.234956502914s
2022-04-18 09:31:23.408138 (1.0, 100000.0, 11, 10.0, 0.3, 0.312, 2.0, 3) [0.2571192306041766 0.004508510129594192 0.014249986451592067] 10 1441.1298530101776s
2022-04-18 09:51:17.902918 (1.0, 100000.0, 11, 10.0, 0.3, 0.312, 2.0, 3) [0.2575363961842219 0.005724967746915642 0.014122843227774795] 10 1194.490632534027s
2022-04-18 10:10:30.853854 (1.0, 100000.0, 11, 10.0, 0.3, 0.312, 2.0, 3) [0.26088185069207953 0.004885220478706002 0.013165970957137384] 10 1152.9482426643372s
2022-04-18 10:17:27.301594 (1.0, 100000.0, 11, 10.0, 0.3, 0.312, 2.0, 3) [0.2579559726792073 0.00535414528370359 0.014025971417897382] 10 416.44519996643066s
2022-04-18 10:58:32.464770 (1.0, 100000.0, 11, 10.0, 0.3, 0.312, 2.0, 3) [0.2656326569490027 0.005715140255826466 0.011860549407737118] 10 2465.1571776866913s
2022-04-18 17:31:48.098087 (1.0, 100000.0, 11, 10.0, 0.3, 0.292, 2.0, 3) [0.29534514271023365 0.005132012921734523 0.006186750565980968] 10 23582.845023870468s
2022-04-18 22:24:25.746937 (1.0, 100000.0, 11, 10.0, 0.3, 0.292, 2.0, 3) [0.28400549484088544 0.007571676454944481 0.007898781169397188] 10 17557.610381126404s
2022-04-18 22:33:50.417631 (1.0, 100000.0, 11, 10.0, 0.3, 0.292, 2.0, 3) [0.28992859151968503 0.004484637380766737 0.0069543987485088605] 10 564.6563575267792s
2022-04-18 22:42:38.258905 (1.0, 100000.0, 11, 10.0, 0.3, 0.292, 2.0, 3) [0.2908668335538467 0.00473047472048711 0.00681097375992923] 10 527.8387780189514s
2022-04-18 22:51:58.272393 (1.0, 100000.0, 11, 10.0, 0.3, 0.292, 2.0, 3) [0.28953477611568285 0.0033143765403461957 0.00701359376960874] 10 560.0105626583099s
2022-04-18 22:59:57.342112 (1.0, 100000.0, 11, 10.0, 0.3, 0.292, 2.0, 3) [0.2889063019140521 0.005492185993439159 0.007101693897087686] 10 479.0574440956116s
2022-04-18 23:08:08.420607 (1.0, 100000.0, 11, 10.0, 0.3, 0.292, 2.0, 3) [0.28572078775122084 0.00458132898763031 0.007595855937592384] 10 491.075843334198s
2022-04-19 03:34:51.959111 (1.0, 100000.0, 11, 10.0, 0.3, 0.292, 2.0, 3) [0.2907566257309219 0.002721557027680365 0.00682955117224708] 10 16003.533420085907s
2022-04-19 03:41:47.085365 (1.0, 100000.0, 11, 10.0, 0.3, 0.292, 2.0, 3) [0.29268303221156483 0.004779133461631877 0.006544528457727801] 10 415.1119911670685s
2022-04-19 03:48:42.479010 (1.0, 100000.0, 11, 10.0, 0.3, 0.292, 2.0, 3) [0.29279669412583026 0.004063446533727094 0.006536135364101504] 10 415.3907687664032s
2022-04-19 04:53:25.316724 (1.0, 100000.0, 11, 10.0, 0.3, 0.319, 2.0, 3) [0.25102420272615406 0.005487095799448165 0.016331331978007138] 10 3863.201286792755s
2022-04-19 05:02:08.617583 (1.0, 100000.0, 11, 10.0, 0.3, 0.319, 2.0, 3) [0.2520957074898513 0.004986706191561314 0.015946682697102633] 10 523.2980699539185s
2022-04-19 05:09:49.330219 (1.0, 100000.0, 11, 10.0, 0.3, 0.319, 2.0, 3) [0.24810898501892625 0.004176941784115227 0.017368026262123148] 10 460.70783948898315s
2022-04-19 05:17:02.698442 (1.0, 100000.0, 11, 10.0, 0.3, 0.319, 2.0, 3) [0.2550509390208168 0.004089292156650117 0.014974905587860065] 10 433.3637475967407s
2022-04-19 05:26:07.390111 (1.0, 100000.0, 11, 10.0, 0.3, 0.319, 2.0, 3) [0.24889942044990676 0.002989403139765918 0.017066191163622083] 10 544.6886928081512s
2022-04-19 05:33:40.383770 (1.0, 100000.0, 11, 10.0, 0.3, 0.319, 2.0, 3) [0.2468166537345146 0.00692863794705395 0.017870437903958234] 10 452.98839592933655s
2022-04-19 05:41:58.456643 (1.0, 100000.0, 11, 10.0, 0.3, 0.319, 2.0, 3) [0.2570959992736243 0.0051248704200125405 0.014334902439163903] 10 498.0695676803589s
2022-04-19 05:49:23.322664 (1.0, 100000.0, 11, 10.0, 0.3, 0.319, 2.0, 3) [0.2522921840179592 0.006224058906585159 0.01586930091960312] 10 444.86283922195435s
2022-04-19 05:57:14.895524 (1.0, 100000.0, 11, 10.0, 0.3, 0.319, 2.0, 3) [0.2477552791660032 0.004356280511066607 0.017504547005531734] 10 471.56970858573914s
2022-04-19 06:10:09.139860 (1.0, 100000.0, 11, 10.0, 0.3, 0.319, 2.0, 3) [0.2540216294274346 0.00571759101653956 0.015307788315562577] 10 774.2413694858551s
2022-04-19 06:18:05.117178 (1.0, 100000.0, 11, 10.0, 0.3, 0.285, 2.0, 3) [0.3002720073732715 0.004652009072074947 0.005545467504992258] 10 471.4995448589325s
2022-04-19 06:25:20.452201 (1.0, 100000.0, 11, 10.0, 0.3, 0.285, 2.0, 3) [0.2996612980688587 0.004485831514947403 0.005615652786604582] 10 435.332914352417s
2022-04-19 06:34:38.141015 (1.0, 100000.0, 11, 10.0, 0.3, 0.285, 2.0, 3) [0.29858246918611087 0.006014566529052729 0.0057445517692162745] 10 557.685665845871s
2022-04-19 06:41:31.322355 (1.0, 100000.0, 11, 10.0, 0.3, 0.285, 2.0, 3) [0.29816816868769885 0.004172222073170024 0.0057999165860984385] 10 413.1696116924286s
2022-04-19 06:48:23.015985 (1.0, 100000.0, 11, 10.0, 0.3, 0.285, 2.0, 3) [0.3008539677265694 0.00532005387924904 0.0054640331908763695] 10 411.69001841545105s
2022-04-19 06:55:14.675457 (1.0, 100000.0, 11, 10.0, 0.3, 0.285, 2.0, 3) [0.2997161684227737 0.00414217113230288 0.0056147338557620075] 10 411.6543986797333s
2022-04-19 07:02:04.108453 (1.0, 100000.0, 11, 10.0, 0.3, 0.285, 2.0, 3) [0.29878522303047916 0.003938507773439585 0.005722773212278192] 10 409.42815923690796s
2022-04-19 07:08:54.595422 (1.0, 100000.0, 11, 10.0, 0.3, 0.285, 2.0, 3) [0.30090231181543614 0.005213218517823471 0.005456755779240337] 10 410.4776110649109s
2022-04-19 07:15:47.941420 (1.0, 100000.0, 11, 10.0, 0.3, 0.285, 2.0, 3) [0.3048582390416333 0.00430770014793265 0.005022907386672687] 10 413.3432049751282s
2022-04-19 07:22:41.337780 (1.0, 100000.0, 11, 10.0, 0.3, 0.285, 2.0, 3) [0.30292607551188516 0.006417517389216853 0.005222618118620134] 10 413.39265155792236s
2022-04-26 05:32:50.707951 (1.0, 100000.0, 14, 10.0, 0.3, 0.299, 2.0, 3) [0.22539371345789508 0.0063941709381622434 0.007426083648932627] 10 893683.1543223858s
2022-04-26 05:48:44.126709 (1.0, 100000.0, 14, 10.0, 0.3, 0.299, 2.0, 3) [0.227621447737713 0.007347597914329579 0.006981114362574566] 10 952.7893605232239s
2022-04-26 06:04:30.699069 (1.0, 100000.0, 14, 10.0, 0.3, 0.299, 2.0, 3) [0.22386296791409213 0.004278847586643184 0.0077247146270361215] 10 946.4026927947998s
2022-04-26 06:20:40.628963 (1.0, 100000.0, 14, 10.0, 0.3, 0.299, 2.0, 3) [0.21854538312243427 0.005426984156650859 0.008947538934518304] 10 969.841757774353s
2022-04-26 06:35:48.248352 (1.0, 100000.0, 14, 10.0, 0.3, 0.299, 2.0, 3) [0.2209115700479733 0.003734637223965823 0.008394576487989915] 10 907.5976958274841s
2022-04-26 06:50:59.226889 (1.0, 100000.0, 14, 10.0, 0.3, 0.299, 2.0, 3) [0.2223631113875208 0.0027677620546077146 0.008068663694058587] 10 910.6596856117249s
2022-04-26 07:06:25.177405 (1.0, 100000.0, 14, 10.0, 0.3, 0.299, 2.0, 3) [0.21823558783574376 0.003435187554190317 0.009042158187819742] 10 925.9334535598755s
2022-04-26 07:37:27.009936 (1.0, 100000.0, 14, 10.0, 0.3, 0.302, 2.0, 3) [0.21769403115374553 0.0030786135367085123 0.009183908819891248] 10 1819.15287899971s
2022-04-26 08:23:42.610260 (1.0, 100000.0, 14, 10.0, 0.3, 0.302, 2.0, 3) [0.2155588730055437 0.0027663195608742426 0.009729073304111237] 10 2775.5588386058807s
2022-04-26 08:39:24.873033 (1.0, 100000.0, 14, 10.0, 0.3, 0.302, 2.0, 3) [0.2180951402168793 0.002590444318542313 0.0090789155766197] 10 941.884868144989s
2022-04-26 08:56:37.247715 (1.0, 100000.0, 14, 10.0, 0.3, 0.302, 2.0, 3) [0.22104564436703672 0.0036634687493358924 0.008377448315054808] 10 1032.3578207492828s
2022-04-26 09:15:26.946478 (1.0, 100000.0, 14, 10.0, 0.3, 0.302, 2.0, 3) [0.2173131403336386 0.003884663969615849 0.009275049542690168] 10 1129.6924405097961s
2022-04-26 09:34:05.120590 (1.0, 100000.0, 14, 10.0, 0.3, 0.302, 2.0, 3) [0.21889363836036319 0.003033122471203869 0.00887793868050086] 10 1118.1549184322357s
2022-04-26 09:52:39.500553 (1.0, 100000.0, 14, 10.0, 0.3, 0.302, 2.0, 3) [0.2164264694492958 0.0031889876412764208 0.009501499430956347] 10 1113.8950848579407s
2022-04-26 10:11:33.503362 (1.0, 100000.0, 14, 10.0, 0.3, 0.302, 2.0, 3) [0.21455944352161646 0.00402830633618857 0.009995977532622399] 10 1133.973212480545s
2022-04-26 10:30:23.401089 (1.0, 100000.0, 14, 10.0, 0.3, 0.302, 2.0, 3) [0.21869053653850587 0.0052666960655013235 0.00893200891056124] 10 1129.685849905014s
2022-04-26 10:49:14.791321 (1.0, 100000.0, 14, 10.0, 0.3, 0.302, 2.0, 3) [0.21989954810415935 0.004256668437947952 0.00864396174317817] 10 1131.2620661258698s
2022-04-26 12:29:37.901057 (1.0, 100000.0, 14, 10.0, 0.3, 0.307, 2.0, 3) [0.20529523998244922 0.005813374637271037 0.012961910129028885] 10 6014.813130617142s
2022-04-26 16:48:46.984557 (1.0, 100000.0, 14, 10.0, 0.3, 0.307, 2.0, 3) [0.20703358141460962 0.0032208933382405812 0.012334850316417335] 10 15549.029428720474s
2022-04-26 18:31:06.815214 (1.0, 100000.0, 14, 10.0, 0.3, 0.307, 2.0, 3) [0.20606827269531455 0.0031333962734731062 0.012671512469261778] 10 6139.802341938019s
2022-04-26 18:47:06.941292 (1.0, 100000.0, 14, 10.0, 0.3, 0.307, 2.0, 3) [0.21069862848517118 0.004323118337007019 0.01117128890535276] 10 960.0604228973389s
2022-04-26 19:03:06.531340 (1.0, 100000.0, 14, 10.0, 0.3, 0.307, 2.0, 3) [0.21245166527241613 0.004777825576869235 0.010629519180255476] 10 959.5734386444092s
2022-04-26 19:19:06.104031 (1.0, 100000.0, 14, 10.0, 0.3, 0.307, 2.0, 3) [0.21121733159783038 0.005251552602864576 0.011006425384043105] 10 959.2987408638s
2022-04-26 19:35:04.428306 (1.0, 100000.0, 14, 10.0, 0.3, 0.307, 2.0, 3) [0.2085456012778037 0.004785886223549856 0.011823239920786715] 10 958.1671938896179s
2022-04-26 19:53:17.143515 (1.0, 100000.0, 14, 10.0, 0.3, 0.307, 2.0, 3) [0.20664551478900448 0.004895345219164899 0.012471112135354859] 10 1092.533982038498s
2022-04-26 20:11:29.412221 (1.0, 100000.0, 14, 10.0, 0.3, 0.307, 2.0, 3) [0.20831296194308552 0.004014702896951008 0.01190639899367296] 10 1092.2528319358826s
2022-04-26 20:29:42.908324 (1.0, 100000.0, 14, 10.0, 0.3, 0.307, 2.0, 3) [0.2013584881670013 0.008845094694437589 0.014401297299211163] 10 1093.4675064086914s
2022-04-26 22:32:12.390736 (1.0, 100000.0, 14, 10.0, 0.3, 0.312, 2.0, 3) [0.20767160231284784 0.004232916116676112 0.012191456991107392] 10 7341.501439332962s
2022-04-26 22:47:00.419925 (1.0, 100000.0, 14, 10.0, 0.3, 0.312, 2.0, 3) [0.20777286534139758 0.005735905543819865 0.012148900856947524] 10 887.9298841953278s
2022-04-26 23:01:44.240649 (1.0, 100000.0, 14, 10.0, 0.3, 0.312, 2.0, 3) [0.20038308593605997 0.00405006512498228 0.014855855317483426] 10 883.7135591506958s
2022-04-26 23:16:22.522029 (1.0, 100000.0, 14, 10.0, 0.3, 0.312, 2.0, 3) [0.199971619300761 0.004351959526403488 0.015028957520270085] 10 878.256187915802s
2022-04-26 23:31:10.686300 (1.0, 100000.0, 14, 10.0, 0.3, 0.312, 2.0, 3) [0.20117781359960607 0.004575782765517228 0.014531651330294609] 10 887.7187309265137s
2022-04-26 23:46:26.698631 (1.0, 100000.0, 14, 10.0, 0.3, 0.312, 2.0, 3) [0.19975216528039597 0.0032042636171196533 0.015092080665804988] 10 915.9523684978485s
2022-04-27 04:44:07.326636 (1.0, 100000.0, 14, 10.0, 0.3, 0.312, 2.0, 3) [0.1961809023950163 0.004717575382242729 0.016710807666760148] 10 17860.462703227997s
2022-04-27 05:00:04.852309 (1.0, 100000.0, 14, 10.0, 0.3, 0.312, 2.0, 3) [0.20014015127221313 0.005488980840486584 0.014947126742366286] 10 957.4886918067932s
2022-04-27 06:43:18.404303 (1.0, 100000.0, 14, 10.0, 0.3, 0.312, 2.0, 3) [0.2021942084317421 0.0038487681456766624 0.01411973520611686] 10 6193.356753826141s
2022-04-27 09:09:48.740830 (1.0, 100000.0, 14, 10.0, 0.3, 0.312, 2.0, 3) [0.2032202444087991 0.0032553758927796298 0.013757271134389137] 10 8790.291146755219s
2022-04-27 09:41:18.262547 (1.0, 100000.0, 14, 10.0, 0.3, 0.285, 2.0, 3) [0.23778024645587825 0.0038162856208241633 0.005227833256909775] 10 1882.614458322525s
2022-04-27 09:57:00.705874 (1.0, 100000.0, 14, 10.0, 0.3, 0.285, 2.0, 3) [0.2457643030469898 0.004311882061163238 0.004193806718404554] 10 942.4166667461395s
2022-04-27 10:12:41.523499 (1.0, 100000.0, 14, 10.0, 0.3, 0.285, 2.0, 3) [0.24378247453269045 0.005911086016743888 0.004431398327312996] 10 940.5958776473999s
2022-04-27 10:29:50.067151 (1.0, 100000.0, 14, 10.0, 0.3, 0.285, 2.0, 3) [0.2359682160606435 0.006008511485958049 0.005506655263513379] 10 1028.5177114009857s
2022-04-27 10:51:47.044168 (1.0, 100000.0, 14, 10.0, 0.3, 0.285, 2.0, 3) [0.23857336316758565 0.005728049066607455 0.005115090449061308] 10 1308.9550902843475s
2022-04-27 11:08:59.088610 (1.0, 100000.0, 14, 10.0, 0.3, 0.285, 2.0, 3) [0.24213894847148876 0.0033011763378725735 0.004631094624621922] 10 1032.0181756019592s
2022-04-27 11:26:09.072084 (1.0, 100000.0, 14, 10.0, 0.3, 0.285, 2.0, 3) [0.24094609762244745 0.003710961570297464 0.004802159702724543] 10 1029.3461055755615s
2022-04-27 12:17:52.967022 (1.0, 100000.0, 14, 10.0, 0.3, 0.285, 2.0, 3) [0.23893988528473337 0.003844801641569626 0.0050669186868403495] 10 3103.631032705307s
2022-04-27 12:39:25.522611 (1.0, 100000.0, 14, 10.0, 0.3, 0.285, 2.0, 3) [0.2446250705810241 0.003555603248183527 0.004336597061026661] 10 1292.5047872066498s
2022-04-27 13:00:48.165125 (1.0, 100000.0, 14, 10.0, 0.3, 0.285, 2.0, 3) [0.2420005191031825 0.005669961861059375 0.004652085480905606] 10 1282.5548305511475s
