2022-07-07 19:48:15.152941 (1.0, 100000.0, 25, 10.0, 0.3, 0.295, 2.0, 3) [0.12959934851908897 0.002433011326991192 0.006213990214837329] 10 7541.027647018433s
2022-07-07 20:08:45.712407 (1.0, 100000.0, 26, 10.0, 0.3, 0.2937, 2.0, 3) [0.12733012051269377 0.004161360689174637 0.0054021457021172755] 10 8771.577658891678s
2022-07-07 21:36:18.074217 (1.0, 100000.0, 27, 10.0, 0.3, 0.295, 2.0, 3) [0.11890889229369841 0.004393570109014213 0.006597789945470819] 10 14023.522700548172s
2022-07-07 21:47:52.686985 (1.0, 100000.0, 25, 10.0, 0.3, 0.295, 2.0, 3) [0.12872474721339905 0.003934551462650684 0.006491504212381335] 10 7177.531777381897s
2022-07-07 22:13:34.514578 (1.0, 100000.0, 28, 10.0, 0.3, 0.2942, 2.0, 3) [0.11461860159048774 0.002949941125293165 0.006596467812854098] 10 16260.350989580154s
2022-07-07 22:26:33.032329 (1.0, 100000.0, 26, 10.0, 0.3, 0.2937, 2.0, 3) [0.12341413985320855 0.0028204398072979656 0.006596972804461341] 10 8267.315957069397s
2022-07-07 23:14:00.242611 (1.0, 100000.0, 29, 10.0, 0.3, 0.2915, 2.0, 3) [0.11690418610987044 0.0036599924144947848 0.004593522253557601] 10 19886.06321310997s
2022-07-07 23:47:29.271181 (1.0, 100000.0, 25, 10.0, 0.3, 0.295, 2.0, 3) [0.12845018997431798 0.0028642002222683165 0.006586821904372046] 10 7176.582238912582s
2022-07-08 00:17:41.613089 (1.0, 100000.0, 30, 10.0, 0.3, 0.286, 2.0, 3) [0.11784948232062056 0.003362304427233152 0.003434651309861525] 10 23718.901623487473s
2022-07-08 00:44:32.612985 (1.0, 100000.0, 26, 10.0, 0.3, 0.2937, 2.0, 3) [0.1215914800123137 0.0025449718340894495 0.007237075802819571] 10 8279.57849740982s
2022-07-08 01:33:31.896928 (1.0, 100000.0, 27, 10.0, 0.3, 0.295, 2.0, 3) [0.11591400824470555 0.0041033135394212385 0.007717717259440615] 10 14233.792932033539s
2022-07-08 01:47:01.599761 (1.0, 100000.0, 25, 10.0, 0.3, 0.295, 2.0, 3) [0.12840688033576933 0.0036354687415100567 0.006591487612606898] 10 7172.32627248764s
2022-07-08 02:44:51.470500 (1.0, 100000.0, 28, 10.0, 0.3, 0.2942, 2.0, 3) [0.11684525870956682 0.004184994482327124 0.005829779334879578] 10 16276.953706741333s
2022-07-08 03:02:07.050829 (1.0, 100000.0, 26, 10.0, 0.3, 0.2937, 2.0, 3) [0.12460465489938564 0.005285815938451545 0.006206034187449233] 10 8254.435190916061s
2022-07-08 03:46:37.071547 (1.0, 100000.0, 25, 10.0, 0.3, 0.295, 2.0, 3) [0.12924766612963295 0.006116390857268636 0.0063136802711063] 10 7175.469754695892s
2022-07-08 04:45:56.323502 (1.0, 100000.0, 29, 10.0, 0.3, 0.2915, 2.0, 3) [0.11651098107198561 0.002561753835636419 0.004707766806399294] 10 19916.07831311226s
2022-07-08 05:19:28.061007 (1.0, 100000.0, 26, 10.0, 0.3, 0.2937, 2.0, 3) [0.12488105422565314 0.004734693186271787 0.006117113600941494] 10 8241.007927179337s
2022-07-08 05:40:29.663593 (1.0, 100000.0, 27, 10.0, 0.3, 0.295, 2.0, 3) [0.12278633973458268 0.0025372767159564497 0.0053450676727073276] 10 14817.76255106926s
2022-07-08 05:46:03.710803 (1.0, 100000.0, 25, 10.0, 0.3, 0.295, 2.0, 3) [0.13107435041458776 0.0040888229496644475 0.00576836588025135] 10 7166.637069225311s
2022-07-08 07:00:42.547222 (1.0, 100000.0, 30, 10.0, 0.3, 0.286, 2.0, 3) [0.11741281446404153 0.0029825557018534135 0.003520132363499304] 10 24180.909723758698s
2022-07-08 07:12:38.924460 (1.0, 100000.0, 28, 10.0, 0.3, 0.2942, 2.0, 3) [0.11302957820028656 0.004391490055628854 0.007188003467628728] 10 16067.437306404114s
2022-07-08 07:36:20.864113 (1.0, 100000.0, 26, 10.0, 0.3, 0.2937, 2.0, 3) [0.12416854597006474 0.002541798558307489 0.006355030374984949] 10 8212.801143407822s
2022-07-08 07:45:18.235774 (1.0, 100000.0, 25, 10.0, 0.3, 0.295, 2.0, 3) [0.12826718041978427 0.0024303271592428445 0.006629372185216475] 10 7154.522961616516s
2022-07-08 09:43:54.384735 (1.0, 100000.0, 27, 10.0, 0.3, 0.295, 2.0, 3) [0.11792218357075779 0.0033115677624976432 0.006956597909461406] 10 14604.718781232834s
2022-07-08 09:45:09.250613 (1.0, 100000.0, 25, 10.0, 0.3, 0.295, 2.0, 3) [0.1264168761705094 0.0030267208681011197 0.007253994643989353] 10 7191.012761354446s
2022-07-08 09:53:45.831819 (1.0, 100000.0, 26, 10.0, 0.3, 0.2937, 2.0, 3) [0.1239802047957598 0.0022090573211682833 0.0064051895165941645] 10 8244.965505361557s
2022-07-08 10:09:53.292463 (1.0, 100000.0, 29, 10.0, 0.3, 0.2915, 2.0, 3) [0.11570141823912768 0.002499523837176117 0.004927735402810834] 10 19436.96523666382s
2022-07-08 11:37:10.759401 (1.0, 100000.0, 28, 10.0, 0.3, 0.2942, 2.0, 3) [0.11312751622707183 0.0029269556131124148 0.0071675329355633125] 10 15871.832167863846s
2022-07-08 11:44:23.959529 (1.0, 100000.0, 25, 10.0, 0.3, 0.295, 2.0, 3) [0.12860012360435935 0.002041314753079941 0.006528561579626713] 10 7154.706562042236s
2022-07-08 12:10:59.969160 (1.0, 100000.0, 26, 10.0, 0.3, 0.2937, 2.0, 3) [0.12466400622771358 0.0044823028034669055 0.0061898156581827145] 10 8234.134863615036s
2022-07-08 13:30:28.059866 (1.0, 100000.0, 30, 10.0, 0.3, 0.286, 2.0, 3) [0.11758915388742125 0.0038880384734275124 0.003488713631745526] 10 23385.497455835342s
2022-07-08 13:41:29.503446 (1.0, 100000.0, 27, 10.0, 0.3, 0.295, 2.0, 3) [0.1219109960285236 0.0044625840596665195 0.005608419519822335] 10 14255.108167409897s
2022-07-08 13:43:16.193043 (1.0, 100000.0, 25, 10.0, 0.3, 0.295, 2.0, 3) [0.12682634670971357 0.0021285557757499125 0.007129757466110086] 10 7132.23147559166s
2022-07-08 14:28:03.574257 (1.0, 100000.0, 26, 10.0, 0.3, 0.2937, 2.0, 3) [0.12725659729524585 0.0021042094358052037 0.005408669475031265] 10 8223.58817076683s
2022-07-08 15:32:46.329117 (1.0, 100000.0, 29, 10.0, 0.3, 0.2915, 2.0, 3) [0.11455710513637002 0.002421814181143214 0.0052695706412776286] 10 19373.032995939255s
2022-07-08 15:49:57.028389 (1.0, 100000.0, 25, 10.0, 0.3, 0.2915, 2.0, 3) [0.12963847504177745 0.002920024727789341 0.006181965704209534] 10 7597.369430541992s
2022-07-08 16:02:28.157177 (1.0, 100000.0, 28, 10.0, 0.3, 0.2942, 2.0, 3) [0.11367186888745823 0.003610919509752471 0.006954219498638374] 10 15917.390233278275s
2022-07-08 16:44:49.558877 (1.0, 100000.0, 26, 10.0, 0.3, 0.2937, 2.0, 3) [0.12517414489239573 0.002617185569803282 0.00602525270960524] 10 8205.982637643814s
2022-07-08 17:49:27.196113 (1.0, 100000.0, 25, 10.0, 0.3, 0.2915, 2.0, 3) [0.1336943781094666 0.0022093411013293747 0.005069722935458934] 10 7170.165744304657s
2022-07-08 18:20:00.794270 (1.0, 100000.0, 27, 10.0, 0.3, 0.295, 2.0, 3) [0.1207210395639098 0.0028145827097115048 0.005986282728020745] 10 16711.28805088997s
2022-07-08 19:10:03.135889 (1.0, 100000.0, 26, 10.0, 0.3, 0.295, 2.0, 3) [0.12341734709879315 0.0026408934491979766 0.006596134023409586] 10 8709.842533826828s
2022-07-08 19:48:46.490105 (1.0, 100000.0, 25, 10.0, 0.3, 0.2915, 2.0, 3) [0.13160287510514487 0.003956482294350499 0.0056213910057474085] 10 7159.275626897812s
2022-07-08 19:54:21.395222 (1.0, 100000.0, 30, 10.0, 0.3, 0.286, 2.0, 3) [0.1155728247315691 0.0019506505543407872 0.003929045393824114] 10 23033.321263313293s
2022-07-08 20:38:25.186733 (1.0, 100000.0, 28, 10.0, 0.3, 0.2942, 2.0, 3) [0.1141841287145828 0.0031639092937395218 0.006746841314139848] 10 16556.991245746613s
2022-07-08 21:06:37.469547 (1.0, 100000.0, 29, 10.0, 0.3, 0.2915, 2.0, 3) [0.11736054980269657 0.0025501530353854544 0.0044814435677429905] 10 20031.110644102097s
2022-07-08 21:34:08.358097 (1.0, 100000.0, 26, 10.0, 0.3, 0.295, 2.0, 3) [0.11935408655365096 0.0025840195181120714 0.008124825903246716] 10 8645.214554309845s
2022-07-08 21:47:07.047713 (1.0, 100000.0, 25, 10.0, 0.3, 0.2915, 2.0, 3) [0.13246018049757632 0.0027881327576859067 0.00539441856351608] 10 7100.555468320847s
2022-07-08 22:15:13.192339 (1.0, 100000.0, 27, 10.0, 0.3, 0.295, 2.0, 3) [0.11771281298903682 0.0030253841722210685 0.007016741280323417] 10 14112.37038064003s
2022-07-08 23:45:02.374075 (1.0, 100000.0, 25, 10.0, 0.3, 0.2915, 2.0, 3) [0.131320302780248 0.004606474657559051 0.0056902874794678045] 10 7075.323990106583s
2022-07-08 23:56:56.236113 (1.0, 100000.0, 26, 10.0, 0.3, 0.295, 2.0, 3) [0.12404588054040719 0.0035921288971521074 0.006392031455426199] 10 8567.871342897415s
2022-07-09 01:09:02.518799 (1.0, 100000.0, 28, 10.0, 0.3, 0.2942, 2.0, 3) [0.1148518637492546 0.0035965978920129817 0.006525362617796813] 10 16237.31732225418s
2022-07-09 01:42:55.693482 (1.0, 100000.0, 25, 10.0, 0.3, 0.2915, 2.0, 3) [0.13469956069766126 0.005182014758484375 0.0048225819115109755] 10 7073.290734291077s
2022-07-09 02:00:22.208160 (1.0, 100000.0, 27, 10.0, 0.3, 0.295, 2.0, 3) [0.11836670493083129 0.002172168751158266 0.0067691137016737644] 10 13509.006449222565s
2022-07-09 02:12:33.365930 (1.0, 100000.0, 30, 10.0, 0.3, 0.286, 2.0, 3) [0.11501804516180902 0.005728355568633528 0.004059296335587134] 10 22691.968257904053s
2022-07-09 02:19:34.380677 (1.0, 100000.0, 26, 10.0, 0.3, 0.295, 2.0, 3) [0.12320048987015154 0.0023234926099095225 0.006685285598866519] 10 8558.142277956009s
2022-07-09 02:39:01.198934 (1.0, 100000.0, 29, 10.0, 0.3, 0.2915, 2.0, 3) [0.11477508586990275 0.0027400052671304564 0.0051976170149785434] 10 19943.725980758667s
2022-07-09 03:39:37.178890 (1.0, 100000.0, 25, 10.0, 0.3, 0.2915, 2.0, 3) [0.13387315890024876 0.003348692865810828 0.005016020268947107] 10 7001.47521686554s
2022-07-09 04:39:06.914641 (1.0, 100000.0, 26, 10.0, 0.3, 0.295, 2.0, 3) [0.12528544423656512 0.0049219870113183005 0.005990629929217999] 10 8372.53186917305s
2022-07-09 05:32:49.760064 (1.0, 100000.0, 28, 10.0, 0.3, 0.2942, 2.0, 3) [0.11514469186447157 0.002578450476794342 0.006395336231620412] 10 15827.235158443451s
2022-07-09 05:36:39.246836 (1.0, 100000.0, 25, 10.0, 0.3, 0.2915, 2.0, 3) [0.13523910041675266 0.0037243240769902907 0.004696333404952811] 10 7022.045946359634s
2022-07-09 06:31:41.424601 (1.0, 100000.0, 27, 10.0, 0.3, 0.295, 2.0, 3) [0.11740832648302778 0.0026272719710244384 0.007119285141532407] 10 16279.213734149933s
2022-07-09 06:59:43.916179 (1.0, 100000.0, 26, 10.0, 0.3, 0.295, 2.0, 3) [0.12517685848545676 0.0022349555530480885 0.00605138590518103] 10 8436.983828306198s
2022-07-09 07:33:44.941617 (1.0, 100000.0, 25, 10.0, 0.3, 0.2915, 2.0, 3) [0.13248401708592514 0.003986258403390384 0.0053784720114121425] 10 7025.692268371582s
2022-07-09 07:56:57.634971 (1.0, 100000.0, 29, 10.0, 0.3, 0.2915, 2.0, 3) [0.11388438747702127 0.0019703692973604505 0.005465905862426797] 10 19076.433203458786s
2022-07-09 08:33:50.041852 (1.0, 100000.0, 30, 10.0, 0.3, 0.286, 2.0, 3) [0.12018997436661633 0.003063048380231064 0.0029890068662701457] 10 22876.673429965973s
2022-07-09 09:21:31.849226 (1.0, 100000.0, 26, 10.0, 0.3, 0.295, 2.0, 3) [0.12005594611404186 0.0026285203247961623 0.007861448624028614] 10 8507.93055486679s
2022-07-09 09:32:04.335004 (1.0, 100000.0, 25, 10.0, 0.3, 0.2915, 2.0, 3) [0.13416068518992114 0.002523632927649547 0.004953380532839968] 10 7099.375946998596s
2022-07-09 09:53:57.731794 (1.0, 100000.0, 28, 10.0, 0.3, 0.2942, 2.0, 3) [0.11585237006650526 0.0029501460222883993 0.006168840855812828] 10 15667.952954530716s
2022-07-09 10:56:59.512843 (1.0, 100000.0, 27, 10.0, 0.3, 0.295, 2.0, 3) [0.11995486887413381 0.004086644631388113 0.0062277377970550996] 10 15918.058758497238s
2022-07-09 11:34:17.641534 (1.0, 100000.0, 25, 10.0, 0.3, 0.2948, 2.0, 3) [0.13176104726596058 0.0057379573078564965 0.00558152063046082] 10 7329.249955892563s
2022-07-09 11:42:07.123107 (1.0, 100000.0, 26, 10.0, 0.3, 0.295, 2.0, 3) [0.12413986477345386 0.0027574397953572063 0.006363686733129743] 10 8435.257701158524s
2022-07-09 13:15:31.064448 (1.0, 100000.0, 29, 10.0, 0.3, 0.2915, 2.0, 3) [0.11253814812229514 0.004295543190874055 0.005912415290611015] 10 19113.41241002083s
2022-07-09 13:38:56.596869 (1.0, 100000.0, 25, 10.0, 0.3, 0.2948, 2.0, 3) [0.12871035747899826 0.005104635694714669 0.006490079055981704] 10 7478.941339731216s
2022-07-09 14:06:25.128445 (1.0, 100000.0, 26, 10.0, 0.3, 0.295, 2.0, 3) [0.12672355596143367 0.0041013210834795 0.0055695362224174065] 10 8657.977644443512s
2022-07-09 14:16:30.537460 (1.0, 100000.0, 28, 10.0, 0.3, 0.2942, 2.0, 3) [0.11293697305749656 0.0033596226018721303 0.007241647804536613] 10 15752.773951292038s
2022-07-09 14:55:46.762268 (1.0, 100000.0, 30, 10.0, 0.3, 0.286, 2.0, 3) [0.12038234601543099 0.0033281122668091354 0.002949749131991989] 10 22916.702642202377s
2022-07-09 14:57:30.502820 (1.0, 100000.0, 27, 10.0, 0.3, 0.292, 2.0, 3) [0.11978373732884766 0.004061783121218534 0.006280194895876379] 10 14419.432172060013s
2022-07-09 15:43:06.269916 (1.0, 100000.0, 25, 10.0, 0.3, 0.2948, 2.0, 3) [0.12808416171334921 0.003709524676287288 0.006688131760011278] 10 7449.650770902634s
2022-07-09 16:29:53.346282 (1.0, 100000.0, 26, 10.0, 0.3, 0.295, 2.0, 3) [0.1256150968742552 0.005172945667058922 0.005902043578610812] 10 8608.202078342438s
2022-07-09 17:46:42.793224 (1.0, 100000.0, 25, 10.0, 0.3, 0.2948, 2.0, 3) [0.12924282286301425 0.00369487599045722 0.006329316898286114] 10 7416.511264324188s
2022-07-09 18:33:00.893019 (1.0, 100000.0, 29, 10.0, 0.3, 0.2915, 2.0, 3) [0.1158293407056254 0.0027559523388823834 0.004887330963787869] 10 19049.803777217865s
2022-07-09 18:42:55.702805 (1.0, 100000.0, 28, 10.0, 0.3, 0.2937, 2.0, 3) [0.11420076551600916 0.003927286961530864 0.006745234510552045] 10 15964.990134716034s
2022-07-09 18:53:45.181425 (1.0, 100000.0, 26, 10.0, 0.3, 0.2948, 2.0, 3) [0.12969961957258266 0.005671601558023618 0.00477572808526714] 10 8627.544845819473s
2022-07-09 19:01:43.275664 (1.0, 100000.0, 27, 10.0, 0.3, 0.292, 2.0, 3) [0.12238849311895851 0.004109991113059361 0.005451667541237] 10 14652.770340442657s
2022-07-09 19:51:33.131982 (1.0, 100000.0, 25, 10.0, 0.3, 0.2948, 2.0, 3) [0.1282755989301328 0.0026235986266834347 0.006631159060691649] 10 7490.30811548233s
2022-07-09 21:10:01.742296 (1.0, 100000.0, 26, 10.0, 0.3, 0.2948, 2.0, 3) [0.12414324988698269 0.0030592161471630864 0.006365970996445308] 10 8176.558232307434s
2022-07-09 21:23:03.085989 (1.0, 100000.0, 30, 10.0, 0.3, 0.286, 2.0, 3) [0.12036181991402854 0.005316130490337379 0.0029600625463807864] 10 23236.291229963303s
2022-07-09 21:56:15.765809 (1.0, 100000.0, 25, 10.0, 0.3, 0.2948, 2.0, 3) [0.12784750490731048 0.00439409731318562 0.0067863496381150275] 10 7482.604147672653s
2022-07-09 22:55:02.807757 (1.0, 100000.0, 27, 10.0, 0.3, 0.292, 2.0, 3) [0.12367166777625069 0.005293870043551623 0.005090701919265503] 10 13999.529038906097s
2022-07-09 23:10:15.813101 (1.0, 100000.0, 28, 10.0, 0.3, 0.2937, 2.0, 3) [0.11349843260127743 0.002165592008730361 0.007011842773336263] 10 16040.107768297195s
2022-07-09 23:27:16.628699 (1.0, 100000.0, 26, 10.0, 0.3, 0.2948, 2.0, 3) [0.12293317839196286 0.003459729804347964 0.006760581217375752] 10 8234.856375932693s
2022-07-09 23:50:59.809947 (1.0, 100000.0, 29, 10.0, 0.3, 0.2915, 2.0, 3) [0.1180001493678351 0.0032010265670215326 0.004323256045075962] 10 19078.89350938797s
2022-07-10 00:01:25.146746 (1.0, 100000.0, 25, 10.0, 0.3, 0.2948, 2.0, 3) [0.12912559298880621 0.0030971100525688227 0.006361606451751379] 10 7509.370639562607s
2022-07-10 01:44:53.510652 (1.0, 100000.0, 26, 10.0, 0.3, 0.2948, 2.0, 3) [0.12527939814451133 0.0026814929331563275 0.00600632376973649] 10 8256.879408121109s
2022-07-10 02:06:58.925541 (1.0, 100000.0, 25, 10.0, 0.3, 0.2948, 2.0, 3) [0.1290640801809635 0.003141589573443772 0.006382312796696301] 10 7533.776255846024s
2022-07-10 02:33:44.727775 (1.0, 100000.0, 27, 10.0, 0.3, 0.292, 2.0, 3) [0.12235365667319273 0.003402993998531736 0.005473917917417279] 10 13121.902714967728s
2022-07-10 03:36:49.052069 (1.0, 100000.0, 28, 10.0, 0.3, 0.2937, 2.0, 3) [0.11589491372633093 0.0034823928575649352 0.006139938896196081] 10 15993.221929311752s
2022-07-10 03:54:26.690109 (1.0, 100000.0, 30, 10.0, 0.3, 0.286, 2.0, 3) [0.114832238826733 0.0038773332009023106 0.004114748943670236] 10 23483.60057091713s
2022-07-10 04:02:14.363194 (1.0, 100000.0, 26, 10.0, 0.3, 0.2948, 2.0, 3) [0.12307169668153584 0.0034865227429490627 0.006722319382158385] 10 8240.834239721298s
2022-07-10 04:12:13.224406 (1.0, 100000.0, 25, 10.0, 0.3, 0.2948, 2.0, 3) [0.12644275580952585 0.0031158510381711006 0.007268925265657201] 10 7514.29635643959s
2022-07-10 05:08:07.788041 (1.0, 100000.0, 29, 10.0, 0.3, 0.2948, 2.0, 3) [0.11217681653910835 0.003373467962110145 0.006048724640773011] 10 19021.211128473282s
2022-07-10 06:09:51.069070 (1.0, 100000.0, 27, 10.0, 0.3, 0.292, 2.0, 3) [0.12633668594247627 0.002559921624083381 0.004420495799145134] 10 12966.338655233383s
2022-07-10 06:17:26.275995 (1.0, 100000.0, 25, 10.0, 0.3, 0.2948, 2.0, 3) [0.12787738036927432 0.0038663154424577674 0.0067654779209805746] 10 7513.048905134201s
2022-07-10 06:19:37.179910 (1.0, 100000.0, 26, 10.0, 0.3, 0.2948, 2.0, 3) [0.12482932413129702 0.0036526267195061512 0.006170733261234959] 10 8242.814443588257s
2022-07-10 08:03:14.755968 (1.0, 100000.0, 28, 10.0, 0.3, 0.2937, 2.0, 3) [0.11275921873924526 0.0036208004437461895 0.007299835302752068] 10 15985.700704336166s
2022-07-10 08:18:02.551165 (1.0, 100000.0, 25, 10.0, 0.3, 0.2942, 2.0, 3) [0.12806130276397465 0.0027427736873190233 0.006706257674139895] 10 7232.218335866928s
2022-07-10 08:36:59.712143 (1.0, 100000.0, 26, 10.0, 0.3, 0.2948, 2.0, 3) [0.12465473164904523 0.003830004841231961 0.006208637630698614] 10 8242.53016257286s
2022-07-10 09:46:32.593609 (1.0, 100000.0, 27, 10.0, 0.3, 0.292, 2.0, 3) [0.12328620220925529 0.00340947326052709 0.0051898728471139795] 10 13001.521873950958s
2022-07-10 10:15:48.283685 (1.0, 100000.0, 25, 10.0, 0.3, 0.2942, 2.0, 3) [0.13016523291762222 0.0027287356411347255 0.006045836533056964] 10 7065.730639219284s
2022-07-10 10:20:19.213725 (1.0, 100000.0, 29, 10.0, 0.3, 0.2948, 2.0, 3) [0.11160192926400478 0.0038803910108098035 0.006251235034422837] 10 18731.423577547073s
2022-07-10 10:21:10.492345 (1.0, 100000.0, 30, 10.0, 0.3, 0.286, 2.0, 3) [0.11849045728855824 0.004187361091584183 0.0033006445378698404] 10 23203.79931664467s
2022-07-10 10:53:38.276651 (1.0, 100000.0, 26, 10.0, 0.3, 0.2948, 2.0, 3) [0.12452212250857 0.0036938914957273896 0.00624899353081226] 10 8198.562572956085s
2022-07-10 12:13:03.055143 (1.0, 100000.0, 25, 10.0, 0.3, 0.2942, 2.0, 3) [0.1259685519146515 0.0036437554381700144 0.00743901257431442] 10 7034.769129037857s
2022-07-10 12:28:29.516100 (1.0, 100000.0, 28, 10.0, 0.3, 0.2937, 2.0, 3) [0.1179055886907379 0.004109757698935061 0.005495050988655981] 10 15914.756803512573s
2022-07-10 13:08:53.098217 (1.0, 100000.0, 26, 10.0, 0.3, 0.2948, 2.0, 3) [0.12244963762247044 0.0025908730003468897 0.006931175788385249] 10 8114.819389343262s
2022-07-10 13:36:06.030265 (1.0, 100000.0, 27, 10.0, 0.3, 0.292, 2.0, 3) [0.1242859904665838 0.004570033937312731 0.004944908922028446] 10 13773.434425354004s
2022-07-10 14:10:26.858649 (1.0, 100000.0, 25, 10.0, 0.3, 0.2942, 2.0, 3) [0.13103156152821321 0.005022242530413552 0.005784838709650851] 10 7043.801236629486s
2022-07-10 15:26:35.929731 (1.0, 100000.0, 26, 10.0, 0.3, 0.2948, 2.0, 3) [0.12439965368818344 0.0028111499261808466 0.006272796254100658] 10 8262.829540729523s
2022-07-10 15:33:54.415767 (1.0, 100000.0, 29, 10.0, 0.3, 0.2948, 2.0, 3) [0.11434314839305477 0.003024806007452779 0.0053443472266309034] 10 18815.19857764244s
2022-07-10 16:08:43.463787 (1.0, 100000.0, 25, 10.0, 0.3, 0.2942, 2.0, 3) [0.12923280498187506 0.0037869796958850182 0.006316939493262565] 10 7096.60312795639s
2022-07-10 16:35:46.349310 (1.0, 100000.0, 30, 10.0, 0.3, 0.293, 2.0, 3) [0.10847389791856958 0.003294644966820491 0.006021768293868121] 10 22465.191237449646s
2022-07-10 16:53:24.367772 (1.0, 100000.0, 28, 10.0, 0.3, 0.2937, 2.0, 3) [0.11721812668316163 0.0040217578361064835 0.005702566698678196] 10 15894.848808050156s
2022-07-10 17:16:21.000406 (1.0, 100000.0, 27, 10.0, 0.3, 0.292, 2.0, 3) [0.12292758043356132 0.002405735994541664 0.005293236438246914] 10 13214.965736150742s
2022-07-10 17:53:04.268585 (1.0, 100000.0, 26, 10.0, 0.3, 0.292, 2.0, 3) [0.1276923103439659 0.004942481043333446 0.005287708827138479] 10 8784.244219064713s
2022-07-10 18:08:40.710231 (1.0, 100000.0, 25, 10.0, 0.3, 0.2942, 2.0, 3) [0.13094074668389755 0.0025851272834978714 0.005807049747417888] 10 7197.244007587433s
2022-07-10 20:09:16.515726 (1.0, 100000.0, 25, 10.0, 0.3, 0.2942, 2.0, 3) [0.1283364583664488 0.0035811576891532767 0.006598959099272014] 10 7235.803031682968s
2022-07-10 20:11:48.328993 (1.0, 100000.0, 26, 10.0, 0.3, 0.292, 2.0, 3) [0.12813561832323023 0.0018327837972035449 0.005164747341854385] 10 8324.058479309082s
2022-07-10 20:47:49.578990 (1.0, 100000.0, 29, 10.0, 0.3, 0.2948, 2.0, 3) [0.10931421462365923 0.002263538904496267 0.007126612198739947] 10 18835.160239219666s
2022-07-10 20:56:16.679491 (1.0, 100000.0, 27, 10.0, 0.3, 0.292, 2.0, 3) [0.12097842382185922 0.002547115456120875 0.005882541484672268] 10 13195.6763215065s
2022-07-10 21:19:04.977803 (1.0, 100000.0, 28, 10.0, 0.3, 0.2937, 2.0, 3) [0.11440510575868648 0.003080999379094859 0.006662637822527975] 10 15940.60198712349s
2022-07-10 22:10:07.348627 (1.0, 100000.0, 25, 10.0, 0.3, 0.2942, 2.0, 3) [0.12894597231693314 0.002666528357885395 0.006405930681858197] 10 7250.830586194992s
2022-07-10 22:31:02.354546 (1.0, 100000.0, 26, 10.0, 0.3, 0.292, 2.0, 3) [0.1265099341233556 0.0031384106896297993 0.005615093258721027] 10 8354.023016691208s
2022-07-10 22:53:24.603214 (1.0, 100000.0, 30, 10.0, 0.3, 0.293, 2.0, 3) [0.10605363503581366 0.003285493321198219 0.00694715837277066] 10 22658.247295856476s
2022-07-11 00:09:02.025736 (1.0, 100000.0, 25, 10.0, 0.3, 0.2942, 2.0, 3) [0.12935261307084225 0.002404695437450817 0.006286834186882043] 10 7134.664048910141s
2022-07-11 00:40:35.586744 (1.0, 100000.0, 27, 10.0, 0.3, 0.292, 2.0, 3) [0.1231439169227074 0.002972716906935843 0.005238562379266467] 10 13458.904781103134s
2022-07-11 00:48:08.435254 (1.0, 100000.0, 26, 10.0, 0.3, 0.292, 2.0, 3) [0.12666936073643462 0.003956832620736098 0.005578070972528117] 10 8226.07113957405s
2022-07-11 02:05:40.973966 (1.0, 100000.0, 28, 10.0, 0.3, 0.2937, 2.0, 3) [0.11496749076877334 0.002945505903742828 0.006458528391014305] 10 17195.992764234543s
2022-07-11 02:06:43.939162 (1.0, 100000.0, 25, 10.0, 0.3, 0.2942, 2.0, 3) [0.12989243467872566 0.002905639995045254 0.006133032741933718] 10 7061.891868114471s
2022-07-11 02:32:53.776038 (1.0, 100000.0, 29, 10.0, 0.3, 0.2948, 2.0, 3) [0.11453349138126125 0.005377196220010404 0.005286624026166679] 10 20704.194199085236s
2022-07-11 03:03:27.115540 (1.0, 100000.0, 26, 10.0, 0.3, 0.292, 2.0, 3) [0.12728140520223227 0.0038631639077595765 0.0053998010169412] 10 8118.662572383881s
2022-07-11 04:11:34.371241 (1.0, 100000.0, 25, 10.0, 0.3, 0.291, 2.0, 3) [0.13080854441502765 0.0032317398909782603 0.005841224385056391] 10 7486.099236726761s
2022-07-11 05:18:12.697583 (1.0, 100000.0, 27, 10.0, 0.3, 0.293, 2.0, 3) [0.12182392816932193 0.0019504623502395976 0.005624942348349235] 10 16651.490668058395s
2022-07-11 05:19:50.863288 (1.0, 100000.0, 26, 10.0, 0.3, 0.292, 2.0, 3) [0.12544751436622806 0.0031615843265424045 0.005936958090749638] 10 8183.733684062958s
2022-07-11 05:33:35.694193 (1.0, 100000.0, 30, 10.0, 0.3, 0.293, 2.0, 3) [0.10927522417734471 0.003731668211606842 0.005740582871991384] 10 24011.075860500336s
2022-07-11 06:09:48.057988 (1.0, 100000.0, 25, 10.0, 0.3, 0.291, 2.0, 3) [0.1335751449309224 0.0028650248815461936 0.0050965402292240895] 10 7093.675432920456s
2022-07-11 06:50:02.887882 (1.0, 100000.0, 28, 10.0, 0.3, 0.2937, 2.0, 3) [0.11864258128783367 0.002025717992902679 0.005270691245906812] 10 17061.807314157486s
2022-07-11 07:37:23.361532 (1.0, 100000.0, 26, 10.0, 0.3, 0.292, 2.0, 3) [0.12870017190330726 0.004052642819096182 0.005020300707837217] 10 8252.495949268341s
2022-07-11 08:07:44.390197 (1.0, 100000.0, 25, 10.0, 0.3, 0.291, 2.0, 3) [0.13302549268723446 0.002403636613809329 0.0052348740806023464] 10 7076.330038070679s
2022-07-11 08:16:45.270930 (1.0, 100000.0, 29, 10.0, 0.3, 0.2948, 2.0, 3) [0.11042359868995567 0.00240836086969318 0.006687040367196635] 10 20631.479675769806s
2022-07-11 09:22:32.151464 (1.0, 100000.0, 27, 10.0, 0.3, 0.293, 2.0, 3) [0.11970006350194876 0.003994840366853993 0.006297497847578319] 10 14659.451813220978s
2022-07-11 09:53:45.884159 (1.0, 100000.0, 26, 10.0, 0.3, 0.292, 2.0, 3) [0.12636520801340992 0.003611349761667697 0.005667350243758751] 10 8182.520142555237s
2022-07-11 10:06:29.108798 (1.0, 100000.0, 25, 10.0, 0.3, 0.291, 2.0, 3) [0.13457049696965867 0.002498105540004342 0.004856770072629676] 10 7124.716416597366s
2022-07-11 11:34:12.725708 (1.0, 100000.0, 28, 10.0, 0.3, 0.2937, 2.0, 3) [0.11594548210972117 0.0034106784933845037 0.006123191074899782] 10 17049.826071977615s
2022-07-11 12:06:32.038891 (1.0, 100000.0, 25, 10.0, 0.3, 0.291, 2.0, 3) [0.1336590643030363 0.0026801575143080222 0.005068316064940775] 10 7202.9281001091s
2022-07-11 12:08:50.214420 (1.0, 100000.0, 30, 10.0, 0.3, 0.293, 2.0, 3) [0.10831467765111272 0.002723992902644392 0.006089395361761916] 10 23714.51790189743s
2022-07-11 12:11:40.544803 (1.0, 100000.0, 26, 10.0, 0.3, 0.292, 2.0, 3) [0.13004712761015813 0.003419080279375701 0.004682459772778798] 10 8274.658472299576s
2022-07-11 13:03:13.742723 (1.0, 100000.0, 27, 10.0, 0.3, 0.293, 2.0, 3) [0.12310165840381723 0.0032651571087486827 0.005250124601624746] 10 13241.589023828506s
2022-07-11 13:44:19.443598 (1.0, 100000.0, 29, 10.0, 0.3, 0.2948, 2.0, 3) [0.110610633347089 0.0029140124344727452 0.00660704330244076] 10 19654.164844989777s
2022-07-11 14:06:26.124322 (1.0, 100000.0, 25, 10.0, 0.3, 0.291, 2.0, 3) [0.13368832405698913 0.0030564619183186007 0.005059543206780176] 10 7194.082635164261s
2022-07-11 14:29:17.854319 (1.0, 100000.0, 26, 10.0, 0.3, 0.292, 2.0, 3) [0.12452357661207486 0.003732202427778155 0.006236526199976382] 10 8257.307715177536s
2022-07-11 15:49:59.865248 (1.0, 100000.0, 28, 10.0, 0.3, 0.292, 2.0, 3) [0.11892275705017401 0.004110435181257344 0.005182659274604986] 10 15341.68938088417s
2022-07-11 16:06:15.374670 (1.0, 100000.0, 25, 10.0, 0.3, 0.291, 2.0, 3) [0.13483770355250307 0.0031421249788226475 0.00478111480848277] 10 7189.248022079468s
2022-07-11 16:42:19.362369 (1.0, 100000.0, 27, 10.0, 0.3, 0.293, 2.0, 3) [0.120245661849079 0.005023181746296812 0.006111805430582804] 10 13145.617302656174s
2022-07-11 16:54:45.815573 (1.0, 100000.0, 26, 10.0, 0.3, 0.293, 2.0, 3) [0.12600608328517232 0.0026206950690341037 0.0057699123396477954] 10 8724.328443527222s
2022-07-11 18:06:32.239228 (1.0, 100000.0, 25, 10.0, 0.3, 0.291, 2.0, 3) [0.1343445703849217 0.00417692764943523 0.004898841494222292] 10 7216.861853599548s
2022-07-11 18:35:06.520611 (1.0, 100000.0, 30, 10.0, 0.3, 0.293, 2.0, 3) [0.10977350824715446 0.0035857179844708625 0.005587017381391547] 10 23176.303626060486s
2022-07-11 18:59:12.052874 (1.0, 100000.0, 29, 10.0, 0.3, 0.2948, 2.0, 3) [0.11217693947620387 0.0024599754724948333 0.00603847188764889] 10 18892.60474228859s
2022-07-11 19:19:29.218626 (1.0, 100000.0, 26, 10.0, 0.3, 0.293, 2.0, 3) [0.12652050952388647 0.004101263471317022 0.005628680036912723] 10 8683.400906324387s
2022-07-11 20:05:10.572490 (1.0, 100000.0, 25, 10.0, 0.3, 0.291, 2.0, 3) [0.13412150215971835 0.0032668163011232783 0.004954925052382263] 10 7118.3306448459625s
2022-07-11 20:06:02.099994 (1.0, 100000.0, 28, 10.0, 0.3, 0.292, 2.0, 3) [0.11912016400583716 0.0025790974374804345 0.00512828668460929] 10 15362.23190832138s
2022-07-11 21:19:22.673439 (1.0, 100000.0, 27, 10.0, 0.3, 0.293, 2.0, 3) [0.12113566442481496 0.0021165359902397484 0.005838875988032646] 10 16623.30880498886s
2022-07-11 21:42:01.820656 (1.0, 100000.0, 26, 10.0, 0.3, 0.293, 2.0, 3) [0.129665321836807 0.0031560460240148244 0.004794816710791001] 10 8552.599767923355s
2022-07-11 22:01:47.060943 (1.0, 100000.0, 25, 10.0, 0.3, 0.291, 2.0, 3) [0.1330869626481766 0.002506471127478689 0.005209299854000239] 10 6996.486377954483s
2022-07-12 00:02:47.487217 (1.0, 100000.0, 26, 10.0, 0.3, 0.293, 2.0, 3) [0.12490929294682421 0.005436836988282496 0.006109548398521302] 10 8445.650007009506s
2022-07-12 00:04:00.809466 (1.0, 100000.0, 25, 10.0, 0.3, 0.293, 2.0, 3) [0.13396906667212155 0.00252502591640032 0.005006415376937771] 10 7328.375694036484s
2022-07-12 00:12:44.297465 (1.0, 100000.0, 29, 10.0, 0.3, 0.2948, 2.0, 3) [0.10994437111064642 0.0034316391717724914 0.006863993556827106] 10 18812.241410970688s
2022-07-12 00:22:08.533628 (1.0, 100000.0, 28, 10.0, 0.3, 0.292, 2.0, 3) [0.11329428937865166 0.006204232729471359 0.007091878214931283] 10 15366.430824041367s
2022-07-12 00:53:50.658168 (1.0, 100000.0, 30, 10.0, 0.3, 0.293, 2.0, 3) [0.11118501428530396 0.0026278927653399834 0.005127430799908412] 10 22724.13476705551s
2022-07-12 02:04:46.816417 (1.0, 100000.0, 25, 10.0, 0.3, 0.293, 2.0, 3) [0.12629546256703103 0.003480154389543865 0.007300289483939299] 10 7246.005054235458s
2022-07-12 02:23:18.723804 (1.0, 100000.0, 26, 10.0, 0.3, 0.293, 2.0, 3) [0.12533077336912365 0.0018679736630633217 0.005976354500724785] 10 8431.221577167511s
2022-07-12 04:05:11.887036 (1.0, 100000.0, 25, 10.0, 0.3, 0.293, 2.0, 3) [0.12990199490916238 0.002796626457522555 0.006095626239962757] 10 7225.068362951279s
2022-07-12 04:37:38.475887 (1.0, 100000.0, 28, 10.0, 0.3, 0.292, 2.0, 3) [0.11709348245856716 0.003806709472363326 0.005737247690090615] 10 15329.922068595886s
2022-07-12 04:43:17.007204 (1.0, 100000.0, 26, 10.0, 0.3, 0.293, 2.0, 3) [0.12576283454753945 0.0025718116476002154 0.005845223317774362] 10 8398.28096628189s
2022-07-12 05:26:06.459095 (1.0, 100000.0, 29, 10.0, 0.3, 0.2948, 2.0, 3) [0.1102329072701786 0.002879662028312851 0.006761958665339576] 10 18802.14262366295s
2022-07-12 06:04:09.587036 (1.0, 100000.0, 25, 10.0, 0.3, 0.293, 2.0, 3) [0.12746669060522567 0.0028933553992931517 0.006893969265574416] 10 7137.697656154633s
2022-07-12 07:01:26.828852 (1.0, 100000.0, 26, 10.0, 0.3, 0.293, 2.0, 3) [0.12697333020582588 0.002542378513331572 0.0054886154835923975] 10 8289.819176197052s
2022-07-12 07:09:26.607013 (1.0, 100000.0, 30, 10.0, 0.3, 0.293, 2.0, 3) [0.10968585507842431 0.0033813731096247698 0.005612850419544577] 10 22535.94627571106s
2022-07-12 08:02:53.606226 (1.0, 100000.0, 25, 10.0, 0.3, 0.293, 2.0, 3) [0.12793981386840775 0.0034257103744931494 0.006727989047374314] 10 7124.016836166382s
2022-07-12 08:52:56.318413 (1.0, 100000.0, 28, 10.0, 0.3, 0.292, 2.0, 3) [0.11789679205083813 0.001988764195171736 0.0054807237913405745] 10 15317.839815378189s
2022-07-12 09:19:37.268333 (1.0, 100000.0, 26, 10.0, 0.3, 0.293, 2.0, 3) [0.12968331209195505 0.004645548640159877 0.004786267649470871] 10 8290.437301158905s
2022-07-12 10:01:45.991574 (1.0, 100000.0, 25, 10.0, 0.3, 0.293, 2.0, 3) [0.13457011124935392 0.0038257650784530913 0.0048608071991500515] 10 7132.382885694504s
2022-07-12 10:35:38.176760 (1.0, 100000.0, 29, 10.0, 0.3, 0.293, 2.0, 3) [0.11226330505165656 0.003651695997026061 0.006006089996296072] 10 18567.581784009933s
2022-07-12 11:37:43.708088 (1.0, 100000.0, 26, 10.0, 0.3, 0.293, 2.0, 3) [0.1253524199333546 0.002218613479615099 0.005973556675771363] 10 8286.437442541122s
2022-07-12 12:01:17.437124 (1.0, 100000.0, 25, 10.0, 0.3, 0.293, 2.0, 3) [0.1317637490388413 0.0035888392728496052 0.005572911952691208] 10 7171.443265914917s
2022-07-12 13:11:05.597267 (1.0, 100000.0, 28, 10.0, 0.3, 0.292, 2.0, 3) [0.11707979988617884 0.0019573118578674097 0.005735480512595398] 10 15489.27541565895s
2022-07-12 13:12:20.341207 (1.0, 100000.0, 30, 10.0, 0.3, 0.293, 2.0, 3) [0.1096384421787712 0.0025706760187400855 0.0056242573050794085] 10 21773.727870464325s
2022-07-12 13:55:41.466474 (1.0, 100000.0, 26, 10.0, 0.3, 0.293, 2.0, 3) [0.12592490689133096 0.005760824638433809 0.005801326248479348] 10 8277.756209135056s
2022-07-12 14:01:46.334193 (1.0, 100000.0, 25, 10.0, 0.3, 0.293, 2.0, 3) [0.13035702269713248 0.002211421261760365 0.005973658126696589] 10 7228.894817829132s
2022-07-12 15:43:55.321114 (1.0, 100000.0, 29, 10.0, 0.3, 0.293, 2.0, 3) [0.11195804624154518 0.003394572307916922 0.006119311114376646] 10 18497.139907360077s
2022-07-12 16:04:47.228677 (1.0, 100000.0, 25, 10.0, 0.3, 0.293, 2.0, 3) [0.1300594590089538 0.0033824014632734844 0.006065041543084802] 10 7380.824889183044s
2022-07-12 16:14:59.434194 (1.0, 100000.0, 26, 10.0, 0.3, 0.2915, 2.0, 3) [0.13309117546053084 0.00383019935303026 0.004000249634555737] 10 8354.468383789062s
2022-07-12 16:55:50.356004 (1.0, 100000.0, 27, 10.0, 0.3, 0.293, 2.0, 3) [0.12117000096391184 0.005345230897477211 0.00582470767765694] 10 70587.64067649841s
2022-07-12 17:24:08.202788 (1.0, 100000.0, 28, 10.0, 0.3, 0.292, 2.0, 3) [0.11628546674163456 0.0034907555281991714 0.005998664827425077] 10 15182.60043001175s
2022-07-12 18:12:00.866400 (1.0, 100000.0, 25, 10.0, 0.3, 0.293, 2.0, 3) [0.1360004047977892 0.002778041240501292 0.004534468895125217] 10 7633.623870372772s
2022-07-12 18:39:14.399387 (1.0, 100000.0, 26, 10.0, 0.3, 0.2915, 2.0, 3) [0.12784114098132773 0.0032418010297807793 0.005248406009220772] 10 8654.96338224411s
2022-07-12 19:13:55.759696 (1.0, 100000.0, 30, 10.0, 0.3, 0.293, 2.0, 3) [0.10836133063148154 0.002986081685780677 0.006061211470333678] 10 21695.4109582901s
2022-07-12 20:13:10.304906 (1.0, 100000.0, 25, 10.0, 0.3, 0.286, 2.0, 3) [0.13919874965278858 0.003917592523959335 0.0038371143189331832] 10 7089.634311914444s
2022-07-12 20:15:29.045200 (1.0, 100000.0, 27, 10.0, 0.3, 0.293, 2.0, 3) [0.12167848098938239 0.0030068084126304642 0.005662340422694292] 10 11978.66719532013s
2022-07-12 21:04:16.708111 (1.0, 100000.0, 29, 10.0, 0.3, 0.293, 2.0, 3) [0.11297631114012108 0.005392431684755672 0.005766730339822873] 10 19221.37523150444s
2022-07-12 21:04:39.477070 (1.0, 100000.0, 26, 10.0, 0.3, 0.2915, 2.0, 3) [0.1303539489323415 0.002529298313861161 0.004624415173758902] 10 8725.0563955307s
2022-07-12 21:50:22.563684 (1.0, 100000.0, 28, 10.0, 0.3, 0.292, 2.0, 3) [0.11743129550042126 0.0024740149761609963 0.005629958609473814] 10 15974.348185062408s
2022-07-12 22:09:51.105367 (1.0, 100000.0, 25, 10.0, 0.3, 0.286, 2.0, 3) [0.14144352005004995 0.004022384560532135 0.0034375327169335187] 10 7000.781746864319s
2022-07-12 23:28:47.394404 (1.0, 100000.0, 26, 10.0, 0.3, 0.2915, 2.0, 3) [0.1296222629304014 0.003461278543089672 0.00480482453379685] 10 8647.914964437485s
2022-07-13 00:04:45.103103 (1.0, 100000.0, 25, 10.0, 0.3, 0.286, 2.0, 3) [0.13956143490542516 0.0030020823023137423 0.0037772738145538903] 10 6893.995459318161s
2022-07-13 00:25:57.982045 (1.0, 100000.0, 27, 10.0, 0.3, 0.293, 2.0, 3) [0.12107020387042723 0.0023818948235293153 0.005853078414455593] 10 15028.934316396713s
2022-07-13 01:14:55.480414 (1.0, 100000.0, 30, 10.0, 0.3, 0.293, 2.0, 3) [0.11012277512013759 0.003032814148211108 0.005458679132968683] 10 21659.684303998947s
2022-07-13 01:47:11.685294 (1.0, 100000.0, 26, 10.0, 0.3, 0.2915, 2.0, 3) [0.12986134048526202 0.0027826180069174026 0.004725902064765464] 10 8304.288488388062s
2022-07-13 01:57:51.230533 (1.0, 100000.0, 25, 10.0, 0.3, 0.286, 2.0, 3) [0.1387037945209686 0.0024964934181775653 0.003938808447646531] 10 6786.125240802765s
2022-07-13 02:30:51.983689 (1.0, 100000.0, 28, 10.0, 0.3, 0.292, 2.0, 3) [0.1176177510712431 0.0027722608880563528 0.005564449359373656] 10 16829.417503118515s
2022-07-13 02:57:23.259587 (1.0, 100000.0, 29, 10.0, 0.3, 0.293, 2.0, 3) [0.1095125373566982 0.004339763475109988 0.00704365459084011] 10 21186.54894042015s
2022-07-13 03:50:43.537983 (1.0, 100000.0, 25, 10.0, 0.3, 0.286, 2.0, 3) [0.14352504729043525 0.004500053927192018 0.0030972214858301437] 10 6772.305001735687s
2022-07-13 04:05:37.248475 (1.0, 100000.0, 26, 10.0, 0.3, 0.2915, 2.0, 3) [0.13079954741253358 0.003043752396985727 0.004507006941006305] 10 8305.560948133469s
2022-07-13 05:44:49.434188 (1.0, 100000.0, 25, 10.0, 0.3, 0.286, 2.0, 3) [0.14128692826682018 0.002976789860742811 0.003461894031629727] 10 6845.876893281937s
2022-07-13 06:27:53.438135 (1.0, 100000.0, 26, 10.0, 0.3, 0.2915, 2.0, 3) [0.12879304777407136 0.0033889668800753856 0.004995194598629327] 10 8536.176646471024s
2022-07-13 06:52:58.354570 (1.0, 100000.0, 27, 10.0, 0.3, 0.293, 2.0, 3) [0.12028026060065174 0.0023096823110486694 0.006113814251162938] 10 23220.369984149933s
2022-07-13 07:10:26.693446 (1.0, 100000.0, 28, 10.0, 0.3, 0.292, 2.0, 3) [0.11530679568918056 0.0034686167838938312 0.006325148512208174] 10 16774.70725607872s
2022-07-13 07:22:37.905286 (1.0, 100000.0, 30, 10.0, 0.3, 0.292, 2.0, 3) [0.11052625402036054 0.0035365959995766415 0.005329473682780958] 10 22058.132501602173s
2022-07-13 07:39:59.504620 (1.0, 100000.0, 25, 10.0, 0.3, 0.286, 2.0, 3) [0.1407221662551701 0.004656397281363846 0.003561288217506469] 10 6910.007864952087s
2022-07-13 08:48:31.861180 (1.0, 100000.0, 29, 10.0, 0.3, 0.293, 2.0, 3) [0.11063716062159341 0.0023621043932974665 0.0065924999733582915] 10 21068.446249246597s
2022-07-13 08:49:03.859788 (1.0, 100000.0, 26, 10.0, 0.3, 0.2915, 2.0, 3) [0.12721678381480803 0.0030414037840122386 0.005423986845644608] 10 8470.403631687164s
2022-07-13 09:31:51.333511 (1.0, 100000.0, 25, 10.0, 0.3, 0.286, 2.0, 3) [0.1423747793859212 0.0051049180605848244 0.0032885517969052673] 10 6711.815092086792s
2022-07-13 11:12:44.768394 (1.0, 100000.0, 26, 10.0, 0.3, 0.2915, 2.0, 3) [0.12369747078633586 0.004375722823799407 0.00650431682492708] 10 8620.905681848526s
2022-07-13 11:27:29.512950 (1.0, 100000.0, 25, 10.0, 0.3, 0.286, 2.0, 3) [0.13998970450065876 0.0026878141879678502 0.0036868831189486697] 10 6938.166514873505s
2022-07-13 12:02:07.453526 (1.0, 100000.0, 28, 10.0, 0.3, 0.286, 2.0, 3) [0.12962185137624657 0.003865168673956172 0.0028525111330575384] 10 17494.922695875168s
2022-07-13 13:23:26.708342 (1.0, 100000.0, 25, 10.0, 0.3, 0.286, 2.0, 3) [0.13943743492216448 0.004390633537039046 0.0037902329083648067] 10 6957.182349205017s
2022-07-13 13:30:54.891385 (1.0, 100000.0, 30, 10.0, 0.3, 0.292, 2.0, 3) [0.10895465330621294 0.002623851658399005 0.005845064984802027] 10 22096.97260403633s
2022-07-13 13:38:22.951039 (1.0, 100000.0, 26, 10.0, 0.3, 0.2915, 2.0, 3) [0.12686730443514993 0.0027038089375840675 0.005505568969401654] 10 8738.17004609108s
2022-07-13 13:43:59.074364 (1.0, 100000.0, 27, 10.0, 0.3, 0.293, 2.0, 3) [0.11811077549783615 0.002045511107251421 0.006857892926098124] 10 24660.705191850662s
2022-07-13 14:39:29.628247 (1.0, 100000.0, 29, 10.0, 0.3, 0.293, 2.0, 3) [0.1149244307899259 0.002449965266213036 0.005165342717649235] 10 21057.749276161194s
2022-07-13 15:28:01.180425 (1.0, 100000.0, 25, 10.0, 0.3, 0.2937, 2.0, 3) [0.12997067676804258 0.0034872693920615094 0.006087418928393604] 10 7459.418480873108s
2022-07-13 16:02:19.002257 (1.0, 100000.0, 26, 10.0, 0.3, 0.2942, 2.0, 3) [0.12378186015656267 0.0032000160466965576 0.006474126115424641] 10 8632.607819080353s
2022-07-13 16:53:25.349549 (1.0, 100000.0, 28, 10.0, 0.3, 0.286, 2.0, 3) [0.12443161523137555 0.0057309500625723955 0.003803343574022821] 10 17477.88091468811s
2022-07-13 17:26:23.925976 (1.0, 100000.0, 25, 10.0, 0.3, 0.2937, 2.0, 3) [0.12752840000228233 0.0027918220146410243 0.006878909402250731] 10 7102.731626033783s
2022-07-13 18:25:44.934874 (1.0, 100000.0, 26, 10.0, 0.3, 0.2942, 2.0, 3) [0.12557712008124788 0.00319188815281006 0.0059125683923662445] 10 8605.92447090149s
2022-07-13 18:46:49.525016 (1.0, 100000.0, 27, 10.0, 0.3, 0.2915, 2.0, 3) [0.12863415714464235 0.006037845458195058 0.0039022894798697075] 10 18166.548024892807s
2022-07-13 19:23:38.816024 (1.0, 100000.0, 25, 10.0, 0.3, 0.2937, 2.0, 3) [0.12779210184864856 0.0034749322130013497 0.006784818772046302] 10 7034.887637376785s
2022-07-13 19:37:56.940079 (1.0, 100000.0, 30, 10.0, 0.3, 0.292, 2.0, 3) [0.11055900499047368 0.003632942259568411 0.005315900721874255] 10 22022.01888346672s
2022-07-13 20:31:50.094659 (1.0, 100000.0, 29, 10.0, 0.3, 0.293, 2.0, 3) [0.11045863196545136 0.005164958702187419 0.00665531186980709] 10 21140.452964782715s
2022-07-13 20:48:00.999740 (1.0, 100000.0, 26, 10.0, 0.3, 0.2942, 2.0, 3) [0.12519397699094784 0.002704419604362952 0.0060189787861305005] 10 8536.038541078568s
2022-07-13 21:21:03.512803 (1.0, 100000.0, 25, 10.0, 0.3, 0.2937, 2.0, 3) [0.13045126736138082 0.00327732516102006 0.005942309179097126] 10 7044.674447774887s
2022-07-13 21:44:42.886094 (1.0, 100000.0, 28, 10.0, 0.3, 0.286, 2.0, 3) [0.1271187810609229 0.0033488767662715664 0.0032789863671046754] 10 17477.512897014618s
2022-07-13 23:10:44.206671 (1.0, 100000.0, 26, 10.0, 0.3, 0.2942, 2.0, 3) [0.12230237518633244 0.0020682832922628994 0.007000414086324204] 10 8563.204532146454s
2022-07-13 23:18:04.533433 (1.0, 100000.0, 25, 10.0, 0.3, 0.2937, 2.0, 3) [0.13116236430035813 0.002861854874247295 0.005748064606934253] 10 7020.997558116913s
2022-07-14 01:14:16.174595 (1.0, 100000.0, 25, 10.0, 0.3, 0.2937, 2.0, 3) [0.1309639528581147 0.001772503252098959 0.005803504595430672] 10 6971.62705039978s
2022-07-14 01:32:44.703711 (1.0, 100000.0, 26, 10.0, 0.3, 0.2942, 2.0, 3) [0.12494246924294455 0.002286410038731416 0.006096680539181082] 10 8520.48469209671s
2022-07-14 01:42:34.218154 (1.0, 100000.0, 30, 10.0, 0.3, 0.292, 2.0, 3) [0.11199274099861545 0.002298989440388667 0.004884777231191303] 10 21877.266261816025s
2022-07-14 02:15:35.015846 (1.0, 100000.0, 29, 10.0, 0.3, 0.293, 2.0, 3) [0.11366403454351395 0.00490121233126387 0.005546484688604855] 10 20624.90598511696s
2022-07-14 02:28:59.610718 (1.0, 100000.0, 28, 10.0, 0.3, 0.286, 2.0, 3) [0.12471523719608502 0.0039703213307589295 0.003740755954559074] 10 17056.71310710907s
2022-07-14 03:11:15.063407 (1.0, 100000.0, 25, 10.0, 0.3, 0.2937, 2.0, 3) [0.13264217811564594 0.003405625281238301 0.0053430725994672275] 10 7018.866389036179s
2022-07-14 03:54:51.086787 (1.0, 100000.0, 26, 10.0, 0.3, 0.2942, 2.0, 3) [0.12406311877381042 0.004406873622716588 0.006386384082005195] 10 8526.370248794556s
2022-07-14 04:06:36.834647 (1.0, 100000.0, 27, 10.0, 0.3, 0.2915, 2.0, 3) [0.12378440910490135 0.004112442726216031 0.005065201566979387] 10 33587.287494421005s
2022-07-14 05:07:36.488887 (1.0, 100000.0, 25, 10.0, 0.3, 0.2937, 2.0, 3) [0.1258779709093992 0.00281983146194345 0.007452492154417816] 10 6981.41256070137s
2022-07-14 06:18:23.064961 (1.0, 100000.0, 26, 10.0, 0.3, 0.2942, 2.0, 3) [0.12459585217231088 0.003531289890755024 0.0062103033079266585] 10 8611.966302871704s
2022-07-14 07:07:05.235151 (1.0, 100000.0, 25, 10.0, 0.3, 0.2937, 2.0, 3) [0.12689367287887318 0.004655509413330024 0.007086188942309317] 10 7168.726071357727s
2022-07-14 07:13:22.513199 (1.0, 100000.0, 28, 10.0, 0.3, 0.286, 2.0, 3) [0.12837612236937299 0.003278037219970047 0.003054420731460405] 10 17062.880717277527s
2022-07-14 07:48:45.034807 (1.0, 100000.0, 30, 10.0, 0.3, 0.292, 2.0, 3) [0.11195488179866368 0.002712231679773019 0.004891880683414331] 10 21970.80330014229s
2022-07-14 07:59:42.545600 (1.0, 100000.0, 29, 10.0, 0.3, 0.293, 2.0, 3) [0.11231421533405021 0.004737987981924446 0.005988091684514318] 10 20647.518370628357s
2022-07-14 08:41:56.106838 (1.0, 100000.0, 26, 10.0, 0.3, 0.2942, 2.0, 3) [0.12403081451049788 0.0027822231989946653 0.006391151463651203] 10 8613.03048825264s
2022-07-14 08:53:39.494312 (1.0, 100000.0, 27, 10.0, 0.3, 0.2915, 2.0, 3) [0.12435356735781582 0.002668916411271122 0.004915918098801389] 10 17222.646505117416s
2022-07-14 09:05:06.220568 (1.0, 100000.0, 25, 10.0, 0.3, 0.2937, 2.0, 3) [0.1315188438024363 0.0023947935523520847 0.005644939372937882] 10 7080.968882083893s
2022-07-14 11:00:23.784185 (1.0, 100000.0, 26, 10.0, 0.3, 0.2942, 2.0, 3) [0.12847524570739707 0.0031518444206737853 0.005090799606169106] 10 8307.675125598907s
2022-07-14 11:07:45.392543 (1.0, 100000.0, 25, 10.0, 0.3, 0.292, 2.0, 3) [0.1335533932248334 0.0025415082532151876 0.005117217522756166] 10 7184.128880023956s
2022-07-14 11:52:42.398783 (1.0, 100000.0, 28, 10.0, 0.3, 0.286, 2.0, 3) [0.12311106243682211 0.0024502876024890376 0.004093033571815242] 10 16759.882799386978s
2022-07-14 13:04:47.477562 (1.0, 100000.0, 25, 10.0, 0.3, 0.292, 2.0, 3) [0.1324166358439251 0.002359201824098225 0.005385831264395877] 10 7022.082978487015s
2022-07-14 13:22:53.380519 (1.0, 100000.0, 26, 10.0, 0.3, 0.2942, 2.0, 3) [0.1197691273041322 0.0037323235984833463 0.007967260293117086] 10 8549.579045295715s
2022-07-14 13:33:26.956707 (1.0, 100000.0, 29, 10.0, 0.3, 0.293, 2.0, 3) [0.11447574536134923 0.0031545284807459823 0.005290376259867936] 10 20024.408462047577s
2022-07-14 13:47:23.622176 (1.0, 100000.0, 30, 10.0, 0.3, 0.292, 2.0, 3) [0.11043652893402194 0.0028956356858379374 0.005361549130641833] 10 21518.584734916687s
2022-07-14 15:01:24.028598 (1.0, 100000.0, 25, 10.0, 0.3, 0.292, 2.0, 3) [0.13218763472790723 0.002116808555929724 0.005454388491653705] 10 6996.548626661301s
2022-07-14 15:43:37.564068 (1.0, 100000.0, 26, 10.0, 0.3, 0.291, 2.0, 3) [0.12782224303749193 0.0019261596108650033 0.005252636682944116] 10 8440.97751235962s
2022-07-14 16:25:37.857562 (1.0, 100000.0, 28, 10.0, 0.3, 0.286, 2.0, 3) [0.1242326338618607 0.0028947159401922504 0.00384801942933615] 10 16375.455972909927s
2022-07-14 16:59:36.208133 (1.0, 100000.0, 25, 10.0, 0.3, 0.292, 2.0, 3) [0.13337213005780255 0.006660459311267006 0.005147714010781263] 10 7092.160514354706s
2022-07-14 18:08:54.080824 (1.0, 100000.0, 26, 10.0, 0.3, 0.291, 2.0, 3) [0.12663442055404908 0.004678390808124285 0.005584607007141015] 10 8716.51475596428s
2022-07-14 18:29:14.591425 (1.0, 100000.0, 27, 10.0, 0.3, 0.2915, 2.0, 3) [0.12364596453513771 0.003908686479734034 0.005095761475915429] 10 34535.09461450577s
2022-07-14 19:00:37.824127 (1.0, 100000.0, 25, 10.0, 0.3, 0.292, 2.0, 3) [0.13194417447447535 0.0036040718619220298 0.005507560152866453] 10 7261.613680124283s
2022-07-14 19:15:22.933002 (1.0, 100000.0, 29, 10.0, 0.3, 0.2937, 2.0, 3) [0.11452604358710891 0.003850358941981341 0.005291742445741724] 10 20511.316192626953s
2022-07-14 20:04:18.235623 (1.0, 100000.0, 30, 10.0, 0.3, 0.292, 2.0, 3) [0.11026238537076172 0.0021185277165165703 0.005415247863344727] 10 22614.610853672028s
2022-07-14 20:35:19.643626 (1.0, 100000.0, 26, 10.0, 0.3, 0.291, 2.0, 3) [0.12700255831826118 0.002797762917052807 0.00546378010658742] 10 8785.560510873795s
2022-07-14 21:01:35.575734 (1.0, 100000.0, 25, 10.0, 0.3, 0.292, 2.0, 3) [0.13092905502651087 0.003606722957812673 0.005810343177847658] 10 7257.749377250671s
2022-07-14 21:02:02.925629 (1.0, 100000.0, 28, 10.0, 0.3, 0.286, 2.0, 3) [0.12484852356063383 0.004669379328106052 0.003719995666814194] 10 16585.04439640045s
2022-07-14 21:44:44.970066 (1.0, 100000.0, 27, 10.0, 0.3, 0.2915, 2.0, 3) [0.12234039385683627 0.0033052324788673264 0.0054747391646643405] 10 11730.375982522964s
2022-07-14 23:01:30.497487 (1.0, 100000.0, 26, 10.0, 0.3, 0.291, 2.0, 3) [0.12671092458804806 0.002771120450166099 0.005569148388655966] 10 8770.851496458054s
2022-07-14 23:02:37.390740 (1.0, 100000.0, 25, 10.0, 0.3, 0.292, 2.0, 3) [0.1330407564496721 0.003889716857892088 0.005230047918929563] 10 7261.812791585922s
2022-07-15 00:53:48.327269 (1.0, 100000.0, 29, 10.0, 0.3, 0.2937, 2.0, 3) [0.1106644059818188 0.004331643440390301 0.006578606735066455] 10 20305.390964508057s
2022-07-15 00:57:28.474734 (1.0, 100000.0, 27, 10.0, 0.3, 0.2915, 2.0, 3) [0.12380674558645026 0.0030065757282192983 0.005055162516729433] 10 11563.502218484879s
2022-07-15 01:03:29.630487 (1.0, 100000.0, 25, 10.0, 0.3, 0.292, 2.0, 3) [0.13302529537576874 0.0029628177181502935 0.005229431990014305] 10 7252.237519264221s
2022-07-15 01:28:01.909957 (1.0, 100000.0, 26, 10.0, 0.3, 0.291, 2.0, 3) [0.12855145292780343 0.004077500335346145 0.005062601197843505] 10 8791.41011595726s
2022-07-15 01:37:58.163457 (1.0, 100000.0, 28, 10.0, 0.3, 0.286, 2.0, 3) [0.12477122774622994 0.003057657568703378 0.0037353129527162993] 10 16555.23462677002s
2022-07-15 02:33:22.447328 (1.0, 100000.0, 30, 10.0, 0.3, 0.292, 2.0, 3) [0.10771551095799159 0.0028164169846643956 0.006291340839508791] 10 23344.19575214386s
2022-07-15 03:03:19.312453 (1.0, 100000.0, 25, 10.0, 0.3, 0.292, 2.0, 3) [0.13263264406070788 0.002321283814834055 0.005349322700759335] 10 7189.679501056671s
2022-07-15 03:52:06.605698 (1.0, 100000.0, 26, 10.0, 0.3, 0.291, 2.0, 3) [0.12622408489249867 0.0030045706186899454 0.005692419218238406] 10 8644.693449020386s
2022-07-15 04:59:51.214259 (1.0, 100000.0, 25, 10.0, 0.3, 0.292, 2.0, 3) [0.13591302652468648 0.005864775738085506 0.004540471767569549] 10 6991.87936258316s
2022-07-15 06:07:59.535727 (1.0, 100000.0, 28, 10.0, 0.3, 0.286, 2.0, 3) [0.1261808628635782 0.002280209781515926 0.0034586221985717703] 10 16201.369212388992s
2022-07-15 06:09:00.859943 (1.0, 100000.0, 26, 10.0, 0.3, 0.291, 2.0, 3) [0.12868625351715746 0.004757033902160461 0.005024452131834312] 10 8214.251809120178s
2022-07-15 06:29:36.396078 (1.0, 100000.0, 29, 10.0, 0.3, 0.2937, 2.0, 3) [0.11041561381860518 0.00487155855176137 0.006691829885389314] 10 20148.06596803665s
2022-07-15 07:13:41.210332 (1.0, 100000.0, 27, 10.0, 0.3, 0.2915, 2.0, 3) [0.12322385490620036 0.0029239798840771203 0.0052202062888027645] 10 22572.7332303524s
2022-07-15 08:23:18.100601 (1.0, 100000.0, 26, 10.0, 0.3, 0.291, 2.0, 3) [0.1285298761567869 0.0031743563554815515 0.005061361470561877] 10 8057.2382209300995s
2022-07-15 09:07:46.739339 (1.0, 100000.0, 30, 10.0, 0.3, 0.292, 2.0, 3) [0.1089540412897782 0.001691548756202935 0.005842542787016948] 10 23664.266851902008s
2022-07-15 10:26:38.094820 (1.0, 100000.0, 27, 10.0, 0.3, 0.2915, 2.0, 3) [0.1250175512077132 0.002282745760496631 0.004743654303093157] 10 11576.882125139236s
2022-07-15 10:31:22.002442 (1.0, 100000.0, 28, 10.0, 0.3, 0.291, 2.0, 3) [0.1195667416782102 0.003349367567508365 0.004996840174981949] 10 15797.26851940155s
2022-07-15 10:38:43.164451 (1.0, 100000.0, 26, 10.0, 0.3, 0.291, 2.0, 3) [0.1284810989071412 0.003929685870323973 0.005082443751578931] 10 8125.061598539352s
2022-07-15 12:00:19.482974 (1.0, 100000.0, 29, 10.0, 0.3, 0.2937, 2.0, 3) [0.11078462510858726 0.002923847534039378 0.00654844184027944] 10 19843.08311843872s
2022-07-15 12:52:53.670762 (1.0, 100000.0, 26, 10.0, 0.3, 0.291, 2.0, 3) [0.13203452284940217 0.003105676558690105 0.004232463210576495] 10 8050.503489017487s
2022-07-15 13:44:31.821872 (1.0, 100000.0, 27, 10.0, 0.3, 0.2915, 2.0, 3) [0.12413718522355294 0.0024111703723016143 0.00496331699190669] 10 11873.724607229233s
2022-07-15 14:57:38.922454 (1.0, 100000.0, 28, 10.0, 0.3, 0.291, 2.0, 3) [0.11992330624119486 0.003500151918880734 0.00490205827460953] 10 15976.917626619339s
2022-07-15 15:08:23.960629 (1.0, 100000.0, 26, 10.0, 0.3, 0.286, 2.0, 3) [0.13616862580713376 0.002713329045878275 0.003406324380487743] 10 8109.085418462753s
2022-07-15 15:49:18.314614 (1.0, 100000.0, 30, 10.0, 0.3, 0.292, 2.0, 3) [0.10836427818345398 0.004461165450883712 0.006054582972596798] 10 24091.572210788727s
2022-07-15 16:57:59.954313 (1.0, 100000.0, 27, 10.0, 0.3, 0.2915, 2.0, 3) [0.12380811535423457 0.004027739330787667 0.0050554519202664384] 10 11608.129741191864s
2022-07-15 17:16:00.854481 (1.0, 100000.0, 26, 10.0, 0.3, 0.286, 2.0, 3) [0.1373609123592912 0.0022572985371710885 0.0032093855130523735] 10 7656.891700267792s
2022-07-15 17:32:35.749831 (1.0, 100000.0, 29, 10.0, 0.3, 0.2937, 2.0, 3) [0.1082421110469551 0.002958057877835688 0.007570765518095895] 10 19936.20937371254s
2022-07-15 19:18:26.835532 (1.0, 100000.0, 28, 10.0, 0.3, 0.291, 2.0, 3) [0.12052022018909309 0.002853845558217487 0.004754102091719756] 10 15647.787536859512s
2022-07-15 19:23:56.537707 (1.0, 100000.0, 26, 10.0, 0.3, 0.286, 2.0, 3) [0.13255988943665611 0.002409862544775001 0.0041083068473969225] 10 7675.680774450302s
2022-07-15 20:05:38.168486 (1.0, 100000.0, 27, 10.0, 0.3, 0.2937, 2.0, 3) [0.11978902027949219 0.0025070136981920304 0.006275701543387138] 10 11250.52262020111s
2022-07-15 21:28:28.001302 (1.0, 100000.0, 26, 10.0, 0.3, 0.286, 2.0, 3) [0.13376963127729255 0.0033985072326626494 0.0038639791639944587] 10 7471.460832357407s
2022-07-15 22:40:42.127190 (1.0, 100000.0, 30, 10.0, 0.3, 0.2937, 2.0, 3) [0.10536081335988906 0.004225372007320321 0.007247912266523405] 10 24679.460406541824s
2022-07-15 22:56:38.712702 (1.0, 100000.0, 29, 10.0, 0.3, 0.2937, 2.0, 3) [0.11410910171044925 0.0038390375066781604 0.005400501648533018] 10 19442.953169345856s
2022-07-15 23:06:00.875888 (1.0, 100000.0, 27, 10.0, 0.3, 0.2937, 2.0, 3) [0.12247479350156595 0.0047581708937254755 0.005443656344095416] 10 10822.705397844315s
2022-07-15 23:32:58.638134 (1.0, 100000.0, 26, 10.0, 0.3, 0.286, 2.0, 3) [0.1375406549937112 0.0028402228549214378 0.0031819248555147645] 10 7470.634449005127s
2022-07-15 23:46:05.419128 (1.0, 100000.0, 28, 10.0, 0.3, 0.291, 2.0, 3) [0.12198081236628147 0.0037834725500636413 0.004377760613169483] 10 16058.475833654404s
2022-07-16 01:37:36.097620 (1.0, 100000.0, 26, 10.0, 0.3, 0.286, 2.0, 3) [0.13481320299038838 0.0026417216691796645 0.003652763928737569] 10 7477.45721244812s
2022-07-16 02:05:17.893472 (1.0, 100000.0, 27, 10.0, 0.3, 0.2937, 2.0, 3) [0.12046272814235458 0.004499007265354254 0.006059937622490617] 10 10757.015371084213s
2022-07-16 03:42:10.808702 (1.0, 100000.0, 26, 10.0, 0.3, 0.286, 2.0, 3) [0.13646743028890365 0.0031167296685872233 0.003354223193712613] 10 7474.709045410156s
2022-07-16 04:14:59.836724 (1.0, 100000.0, 28, 10.0, 0.3, 0.291, 2.0, 3) [0.11913950222465237 0.0035092854772242835 0.0051154437263352835] 10 16134.41478562355s
2022-07-16 04:22:13.682096 (1.0, 100000.0, 29, 10.0, 0.3, 0.2937, 2.0, 3) [0.11473219056372891 0.0023219990266589384 0.005208865218590242] 10 19534.966814279556s
2022-07-16 05:03:39.004884 (1.0, 100000.0, 27, 10.0, 0.3, 0.2937, 2.0, 3) [0.12017080748181225 0.0034035591038717 0.006167379410656468] 10 10701.108886241913s
2022-07-16 05:19:45.379064 (1.0, 100000.0, 30, 10.0, 0.3, 0.2937, 2.0, 3) [0.10601023883182274 0.003201739770390295 0.006976820005138358] 10 23943.24957036972s
2022-07-16 05:46:45.760073 (1.0, 100000.0, 26, 10.0, 0.3, 0.286, 2.0, 3) [0.13742420735914773 0.003966106815480715 0.0031937277557497] 10 7474.948879003525s
2022-07-16 07:51:21.351783 (1.0, 100000.0, 26, 10.0, 0.3, 0.286, 2.0, 3) [0.13734133566203324 0.004176250159058474 0.0032063502677873697] 10 7475.589267253876s
2022-07-16 08:02:52.535071 (1.0, 100000.0, 27, 10.0, 0.3, 0.2937, 2.0, 3) [0.12205779761976909 0.005063712922936513 0.005558729828007378] 10 10753.527953147888s
2022-07-16 08:39:35.000707 (1.0, 100000.0, 28, 10.0, 0.3, 0.291, 2.0, 3) [0.11972043921251316 0.0034747339893492907 0.00495703711663189] 10 15875.153434038162s
2022-07-16 09:36:05.155016 (1.0, 100000.0, 29, 10.0, 0.3, 0.2937, 2.0, 3) [0.1107415448430068 0.003749852632443927 0.0065653083278131375] 10 18831.46979856491s
2022-07-16 09:55:57.790347 (1.0, 100000.0, 26, 10.0, 0.3, 0.286, 2.0, 3) [0.13688519676985336 0.0032523307533552943 0.0032811770606174105] 10 7476.43612074852s
2022-07-16 11:14:41.222828 (1.0, 100000.0, 27, 10.0, 0.3, 0.2937, 2.0, 3) [0.12125227129891959 0.0026849818141428065 0.00579188920351538] 10 11508.685428142548s
2022-07-16 12:02:38.997564 (1.0, 100000.0, 30, 10.0, 0.3, 0.2937, 2.0, 3) [0.10806148390400569 0.0037189875589529013 0.006182726449559126] 10 24173.615782499313s
2022-07-16 13:04:31.589186 (1.0, 100000.0, 28, 10.0, 0.3, 0.291, 2.0, 3) [0.12085682636048257 0.005996581001827016 0.0046516169445373805] 10 15896.584209680557s
2022-07-16 14:50:26.102324 (1.0, 100000.0, 29, 10.0, 0.3, 0.2937, 2.0, 3) [0.11448604300929464 0.0026511569459381334 0.005322447630081965] 10 18860.94429898262s
2022-07-16 17:29:49.282052 (1.0, 100000.0, 28, 10.0, 0.3, 0.291, 2.0, 3) [0.12002795626137928 0.003057273996995534 0.004870224620415749] 10 15917.690377473831s
2022-07-16 18:56:27.286364 (1.0, 100000.0, 30, 10.0, 0.3, 0.2937, 2.0, 3) [0.10669917392902165 0.0030234572503221153 0.006683047958044501] 10 24828.286007881165s
2022-07-16 20:04:25.444336 (1.0, 100000.0, 29, 10.0, 0.3, 0.2937, 2.0, 3) [0.10999658405987785 0.003341890809447087 0.0068359844897254544] 10 18839.338887929916s
2022-07-16 21:55:15.676818 (1.0, 100000.0, 28, 10.0, 0.3, 0.291, 2.0, 3) [0.1189982768721944 0.0033935191866902095 0.005156520589477806] 10 15926.390586853027s
2022-07-16 22:39:56.833572 (1.0, 100000.0, 27, 10.0, 0.3, 0.2937, 2.0, 3) [0.12000715035420421 0.0029486735123248915 0.0062039819186637014] 10 41115.608283519745s
2022-07-17 01:18:15.701384 (1.0, 100000.0, 29, 10.0, 0.3, 0.292, 2.0, 3) [0.11532350682394163 0.0027588076699759916 0.005046733199030611] 10 18819.34892463684s
2022-07-17 01:43:42.491565 (1.0, 100000.0, 30, 10.0, 0.3, 0.2937, 2.0, 3) [0.10789665832202218 0.002173335479584653 0.006231850216227384] 10 24435.197244882584s
2022-07-17 02:21:18.273627 (1.0, 100000.0, 28, 10.0, 0.3, 0.291, 2.0, 3) [0.11849209004964345 0.0033542800007778776 0.0053175644828281545] 10 15962.577659130096s
2022-07-17 06:38:27.163612 (1.0, 100000.0, 29, 10.0, 0.3, 0.292, 2.0, 3) [0.11356933692287893 0.0055581389436480805 0.0055697179118436935] 10 19211.459053516388s
2022-07-17 06:40:04.888824 (1.0, 100000.0, 28, 10.0, 0.3, 0.293, 2.0, 3) [0.12035993171138241 0.0020245812862769667 0.004794905781950804] 10 15515.245070695877s
2022-07-17 08:29:58.595797 (1.0, 100000.0, 30, 10.0, 0.3, 0.2937, 2.0, 3) [0.10648765408286254 0.0028834234433021077 0.006782343699647658] 10 24376.101172208786s
2022-07-17 10:57:13.108168 (1.0, 100000.0, 28, 10.0, 0.3, 0.293, 2.0, 3) [0.11434460972886214 0.0027895602613486558 0.006685364479485205] 10 15428.21457362175s
2022-07-17 11:52:48.603567 (1.0, 100000.0, 29, 10.0, 0.3, 0.292, 2.0, 3) [0.11424048218212893 0.001802113782642612 0.005352374454227708] 10 18861.40756726265s
2022-07-17 15:13:39.553251 (1.0, 100000.0, 30, 10.0, 0.3, 0.2937, 2.0, 3) [0.10585465916117846 0.0032310517819111443 0.007039641333453313] 10 24220.935642957687s
2022-07-17 15:15:30.468215 (1.0, 100000.0, 28, 10.0, 0.3, 0.293, 2.0, 3) [0.11881065057157468 0.0029733720737171163 0.005223002158036238] 10 15497.356400966644s
2022-07-17 16:59:17.861028 (1.0, 100000.0, 27, 10.0, 0.3, 0.2937, 2.0, 3) [0.12211612939689999 0.002266388747046827 0.005544259423692064] 10 65961.00480270386s
2022-07-17 17:07:55.267311 (1.0, 100000.0, 29, 10.0, 0.3, 0.292, 2.0, 3) [0.1146445349568549 0.004155286866436671 0.005244197525629221] 10 18906.660034894943s
