2022-04-20 19:24:20.104355 (1.0, 100000.0, 25, 10.0, 0.3, 0.292, 2.0, 3) [0.1326890542820656 0.0026984154258111407 0.00533642365310194] 3 14496.052190065384s
2022-04-20 19:27:52.479212 (1.0, 100000.0, 26, 10.0, 0.3, 0.312, 2.0, 3) [0.09951734730581059 0.0027573110896254014 0.022698100002504204] 3 11612.478153944016s
2022-04-20 20:03:49.589009 (1.0, 100000.0, 25, 10.0, 0.3, 0.285, 2.0, 3) [0.14375318189168806 0.002397205865672651 0.0030630182669145038] 3 13733.809154510498s
2022-04-20 22:44:33.604186 (1.0, 100000.0, 26, 10.0, 0.3, 0.312, 2.0, 3) [0.10022246422029757 0.004756929820596191 0.02189453901083302] 3 11801.122033596039s
2022-04-20 23:27:06.035133 (1.0, 100000.0, 25, 10.0, 0.3, 0.292, 2.0, 3) [0.12822367866834652 0.0061818640315098195 0.006623588185757691] 3 14565.87509393692s
2022-04-20 23:31:51.347850 (1.0, 100000.0, 25, 10.0, 0.3, 0.285, 2.0, 3) [0.14302651317303233 0.0025709654361124813 0.0031839285453778413] 3 12481.706347227097s
2022-04-21 02:00:11.604247 (1.0, 100000.0, 26, 10.0, 0.3, 0.312, 2.0, 3) [0.10488135477653308 0.0028633096754396253 0.01732633188949817] 3 11737.98772740364s
2022-04-21 03:23:29.769090 (1.0, 100000.0, 25, 10.0, 0.3, 0.292, 2.0, 3) [0.13629074913585068 0.003606079855799391 0.004458331206991196] 3 14183.73136973381s
2022-04-21 03:32:41.509223 (1.0, 100000.0, 25, 10.0, 0.3, 0.285, 2.0, 3) [0.1416977445567125 0.003249762835799303 0.0033933318927888124] 3 14450.158598423004s
2022-04-21 05:15:19.179529 (1.0, 100000.0, 26, 10.0, 0.3, 0.319, 2.0, 3) [0.09559147550855307 0.002562057922144052 0.027876444699661735] 3 11702.501226902008s
2022-04-21 07:26:57.269333 (1.0, 100000.0, 25, 10.0, 0.3, 0.285, 2.0, 3) [0.14428918055723935 0.003458245759423631 0.002984519389189105] 3 14596.592177152634s
2022-04-21 07:35:21.143319 (1.0, 100000.0, 25, 10.0, 0.3, 0.319, 2.0, 3) [0.09664390688397834 0.0027555176984916034 0.03190621435777076] 3 14526.25127863884s
2022-04-21 08:18:05.126558 (1.0, 100000.0, 26, 10.0, 0.3, 0.319, 2.0, 3) [0.09425309370985703 0.0018404339144471292 0.029825433781083353] 3 10965.944217920303s
2022-04-21 11:07:11.487053 (1.0, 100000.0, 25, 10.0, 0.3, 0.319, 2.0, 3) [0.09764454764443545 0.002411835930810802 0.03045678238844835] 3 12710.322901964188s
2022-04-21 11:12:48.515903 (1.0, 100000.0, 26, 10.0, 0.3, 0.319, 2.0, 3) [0.08959275003919459 0.002514602298883381 0.03767887516180218] 3 10483.307302474976s
2022-04-21 11:28:42.354610 (1.0, 100000.0, 25, 10.0, 0.3, 0.285, 2.0, 3) [0.14111370509604051 0.0029504006445901683 0.0034916696657021446] 3 14505.05403828621s
2022-04-21 13:47:22.593317 (1.0, 100000.0, 25, 10.0, 0.3, 0.319, 2.0, 3) [0.09972452237127095 0.0029104551272486345 0.027495631238612477] 3 9610.597691297531s
2022-04-21 14:21:38.382145 (1.0, 100000.0, 26, 10.0, 0.3, 0.305, 2.0, 3) [0.11082999587106138 0.0028911554407440297 0.012670822264392532] 3 11312.065725564957s
2022-04-21 15:08:45.579768 (1.0, 100000.0, 26, 10.0, 0.3, 0.285, 2.0, 3) [0.13604712533081909 0.005950178527265127 0.003424493967216382] 3 82089.30936717987s
2022-04-21 15:37:08.847098 (1.0, 100000.0, 25, 10.0, 0.3, 0.285, 2.0, 3) [0.1464712520575404 0.004650582408966003 0.002677583942383146] 3 14906.481977701187s
2022-04-21 17:11:41.536685 (1.0, 100000.0, 25, 10.0, 0.3, 0.305, 2.0, 3) [0.11423155758104263 0.003952835299423163 0.013386447582807229] 3 12213.633941173553s
2022-04-21 17:18:22.861946 (1.0, 100000.0, 26, 10.0, 0.3, 0.305, 2.0, 3) [0.11307756161398307 0.004431798477414071 0.011300997273098348] 3 10604.44980931282s
2022-04-21 19:40:40.119817 (1.0, 100000.0, 25, 10.0, 0.3, 0.3, 2.0, 3) [0.12052293441500836 0.00314215800968888 0.009758069797132247] 3 14606.967414617538s
2022-04-21 19:49:45.720448 (1.0, 100000.0, 25, 10.0, 0.3, 0.305, 2.0, 3) [0.1135574639643037 0.0027857008992610054 0.013795992439637684] 3 9484.152448177338s
2022-04-21 20:25:55.429853 (1.0, 100000.0, 26, 10.0, 0.3, 0.305, 2.0, 3) [0.11009392677761196 0.0023016289334725467 0.013173699877473742] 3 11252.56458234787s
2022-04-21 23:25:40.606902 (1.0, 100000.0, 25, 10.0, 0.3, 0.305, 2.0, 3) [0.11533193805328558 0.0023360035925754008 0.012628762814412569] 3 12954.882097482681s
2022-04-21 23:38:12.176717 (1.0, 100000.0, 26, 10.0, 0.3, 0.292, 2.0, 3) [0.1255466362083629 0.002809820550844002 0.0059020770470720775] 3 11525.349093675613s
2022-04-21 23:48:42.874820 (1.0, 100000.0, 25, 10.0, 0.3, 0.3, 2.0, 3) [0.12499424086208133 0.004495055015335156 0.007827296880698408] 3 14882.749472379684s
2022-04-22 02:44:52.425709 (1.0, 100000.0, 26, 10.0, 0.3, 0.292, 2.0, 3) [0.12556772491361354 0.002433719542209136 0.005899321307506569] 3 11200.24567079544s
2022-04-22 03:15:54.957125 (1.0, 100000.0, 25, 10.0, 0.3, 0.299, 2.0, 3) [0.12267418705260032 0.005123142839968206 0.008774257798738038] 3 13803.164469480515s
2022-04-22 03:52:25.194321 (1.0, 100000.0, 25, 10.0, 0.3, 0.3, 2.0, 3) [0.12149752280879793 0.0032924855409755135 0.009309086908288305] 3 14622.314439535141s
2022-04-22 05:59:13.329657 (1.0, 100000.0, 26, 10.0, 0.3, 0.292, 2.0, 3) [0.12912765635482157 0.003078778720669534 0.0049150236008560794] 3 11660.899784326553s
2022-04-22 07:58:38.361015 (1.0, 100000.0, 25, 10.0, 0.3, 0.299, 2.0, 3) [0.12315556237119003 0.0030759012102434735 0.008573597252996203] 3 16963.399425029755s
2022-04-22 08:51:09.251147 (1.0, 100000.0, 26, 10.0, 0.3, 0.302, 2.0, 3) [0.11466373437558493 0.0018575917143685344 0.010409521501974557] 3 10309.36107635498s
2022-04-22 10:25:33.426414 (1.0, 100000.0, 26, 10.0, 0.3, 0.285, 2.0, 3) [0.13785339850514688 0.0027791970263843597 0.0031186276296860296] 3 69407.82020831108s
2022-04-22 10:40:45.151871 (1.0, 100000.0, 25, 10.0, 0.3, 0.299, 2.0, 3) [0.12481329793660757 0.0030777522436082577 0.007883877319101817] 3 9726.78833937645s
2022-04-22 11:44:03.658770 (1.0, 100000.0, 26, 10.0, 0.3, 0.302, 2.0, 3) [0.11440026876225327 0.0034970367921765173 0.010535099127731226] 3 10374.404604434967s
2022-04-22 13:30:13.670340 (1.0, 100000.0, 25, 10.0, 0.3, 0.302, 2.0, 3) [0.12032780222596637 0.0035874682870327417 0.009875559385503972] 3 10164.163942337036s
2022-04-22 14:36:11.015041 (1.0, 100000.0, 26, 10.0, 0.3, 0.302, 2.0, 3) [0.11337588847469081 0.003550103213755547 0.011135162236577536] 3 10327.35374045372s
2022-04-22 15:59:20.524351 (1.0, 100000.0, 25, 10.0, 0.3, 0.302, 2.0, 3) [0.12010982730906772 0.005158429563532952 0.009986622902424174] 3 8946.833987474442s
2022-04-22 16:46:28.499478 (1.0, 100000.0, 26, 10.0, 0.3, 0.285, 2.0, 3) [0.13325214231953522 0.0039526781755122005 0.003955627872217865] 3 22854.89018726349s
2022-04-22 17:29:05.217058 (1.0, 100000.0, 26, 10.0, 0.3, 0.299, 2.0, 3) [0.11741519468377887 0.0032727297684700873 0.009008644556348203] 3 10356.343155145645s
2022-04-22 18:24:10.266512 (1.0, 100000.0, 25, 10.0, 0.3, 0.302, 2.0, 3) [0.11729772969940172 0.0037416427898111435 0.011438708847778834] 3 8689.728010177612s
2022-04-22 20:32:04.459360 (1.0, 100000.0, 26, 10.0, 0.3, 0.299, 2.0, 3) [0.11866531515018416 0.0041677025744047995 0.008449894867318258] 3 10979.23900938034s
2022-04-22 21:16:23.796623 (1.0, 100000.0, 25, 10.0, 0.3, 0.292, 2.0, 3) [0.13376044811008805 0.0025712666298913 0.005048401742614488] 3 10327.10949420929s
2022-04-22 23:28:32.330875 (1.0, 100000.0, 26, 10.0, 0.3, 0.299, 2.0, 3) [0.1174415751842209 0.002357365551593468 0.008987618972058015] 3 10587.841693878174s
2022-04-22 23:59:47.840233 (1.0, 100000.0, 25, 10.0, 0.3, 0.292, 2.0, 3) [0.1352893100406313 0.002241809395972449 0.004674970316884917] 3 9804.041116952896s
2022-04-23 02:26:46.477778 (1.0, 100000.0, 26, 10.0, 0.3, 0.297, 2.0, 3) [0.11856032435904772 0.004835079341596491 0.008489754240009736] 3 10667.663775920868s
2022-04-23 02:38:59.317428 (1.0, 100000.0, 25, 10.0, 0.3, 0.292, 2.0, 3) [0.1344205719223366 0.00248867364167158 0.004887249227255868] 3 9551.47357749939s
2022-04-23 05:14:45.973766 (1.0, 100000.0, 25, 10.0, 0.3, 0.307, 2.0, 3) [0.11151738229520151 0.002509717534983502 0.015264457031908936] 3 9342.32233095169s
2022-04-23 05:24:24.959587 (1.0, 100000.0, 26, 10.0, 0.3, 0.297, 2.0, 3) [0.1184323497723977 0.004211550261377347 0.00854232136831319] 3 10658.274303913116s
2022-04-23 07:40:44.735910 (1.0, 100000.0, 25, 10.0, 0.3, 0.307, 2.0, 3) [0.11634979007747051 0.005935024776280062 0.012028773787124601] 3 8758.749735832214s
2022-04-23 08:21:59.666417 (1.0, 100000.0, 26, 10.0, 0.3, 0.297, 2.0, 3) [0.12308577537552605 0.0024730306146914785 0.006737131816601179] 3 10654.704362392426s
2022-04-23 10:07:58.186663 (1.0, 100000.0, 25, 10.0, 0.3, 0.307, 2.0, 3) [0.11565391740037803 0.006030687345034249 0.012490495707947106] 3 8833.430871963501s
2022-04-23 11:15:59.184572 (1.0, 100000.0, 26, 10.0, 0.3, 0.3, 2.0, 3) [0.11554835551884086 0.004725750535721433 0.009932758391155492] 3 10413.178470134735s
2022-04-23 12:53:00.222141 (1.0, 100000.0, 26, 10.0, 0.3, 0.307, 2.0, 3) [0.10725447462238367 0.0028787587076173635 0.015285768530728498] 3 72348.35341382027s
2022-04-23 12:59:40.655595 (1.0, 100000.0, 25, 10.0, 0.3, 0.297, 2.0, 3) [0.1245465195029344 0.005744564742754808 0.007973773508992383] 3 10298.501733541489s
2022-04-23 14:01:53.448928 (1.0, 100000.0, 26, 10.0, 0.3, 0.3, 2.0, 3) [0.1139355413752585 0.004172760820824052 0.010779038984813806] 3 9954.217849731445s
2022-04-23 15:48:33.929911 (1.0, 100000.0, 25, 10.0, 0.3, 0.297, 2.0, 3) [0.12765023235195638 0.0032260238865311685 0.0068519479737594305] 3 10133.269910812378s
2022-04-23 16:51:09.875528 (1.0, 100000.0, 26, 10.0, 0.3, 0.3, 2.0, 3) [0.1180991378388146 0.0026941412881639655 0.008714681862679432] 3 10156.388727426529s
2022-04-23 18:33:42.189961 (1.0, 100000.0, 25, 10.0, 0.3, 0.297, 2.0, 3) [0.12903757272060684 0.005711695173856429 0.0064000866958071586] 3 9908.002591133118s
2022-04-23 19:52:24.161996 (1.0, 100000.0, 26, 10.0, 0.3, 0.285, 2.0, 3) [0.1353651778788311 0.003037097560268894 0.0035502806950010735] 3 10866.835733175278s
2022-04-23 21:18:19.581831 (1.0, 100000.0, 25, 10.0, 0.3, 0.312, 2.0, 3) [0.10796193628313629 0.004327871215375554 0.01826641021754578] 3 9871.597890853882s
2022-04-23 22:43:59.889285 (1.0, 100000.0, 26, 10.0, 0.3, 0.285, 2.0, 3) [0.13834960725530793 0.0022686720014827664 0.003044212191700226] 3 10295.674757957458s
2022-04-23 23:52:41.316305 (1.0, 100000.0, 25, 10.0, 0.3, 0.312, 2.0, 3) [0.10811423922953224 0.0022737068574540296 0.018088861838492617] 3 9261.670278787613s
2022-04-24 01:37:04.489100 (1.0, 100000.0, 26, 10.0, 0.3, 0.285, 2.0, 3) [0.1354945993853808 0.004447016121493029 0.003515310716085533] 3 10384.5799639225s
2022-04-24 02:29:21.508975 (1.0, 100000.0, 25, 10.0, 0.3, 0.312, 2.0, 3) [0.1074198371052093 0.002767220641916411 0.018744227518273118] 3 9400.175864934921s
2022-04-24 04:37:08.133899 (1.0, 100000.0, 26, 10.0, 0.3, 0.307, 2.0, 3) [0.10938660110574633 0.0042522372215936044 0.013642005568904573] 3 10793.535699129105s
2022-04-24 05:16:35.202347 (1.0, 100000.0, 25, 10.0, 0.3, 0.3, 2.0, 3) [0.12293988358425799 0.00338669520017634 0.008689915425534682] 3 9846.10979771614s
2022-04-24 07:43:28.322207 (1.0, 100000.0, 26, 10.0, 0.3, 0.307, 2.0, 3) [0.10800682810934732 0.0020610233768465856 0.014687290046618869] 3 11180.166396856308s
2022-04-24 07:50:03.495110 (1.0, 100000.0, 25, 10.0, 0.3, 0.3, 2.0, 3) [0.12412175152754157 0.003093810099478138 0.008166515034103674] 3 9208.280618190765s
2022-04-24 10:25:13.432522 (1.0, 100000.0, 25, 10.0, 0.3, 0.3, 2.0, 3) [0.12161471185277214 0.0034854305736077645 0.009260764025535875] 3 9309.934818267822s
2022-04-24 10:54:15.531804 (1.0, 100000.0, 26, 10.0, 0.3, 0.307, 2.0, 3) [0.10389445650146065 0.0035856326305723795 0.018108213416115678] 3 11447.184823513031s
2022-04-24 22:18:10.929839 (1.0, 100000.0, 26, 10.0, 0.3, 0.307, 2.0, 3) [0.1092663506863028 0.0038840116031427386 0.013758543347065178] 3 120310.6890296936s
2022-04-25 11:04:07.266507 (1.0, 100000.0, 26, 10.0, 0.3, 0.307, 2.0, 3) [0.11062256783552889 0.004401756598899916 0.012843264013714889] 3 45956.33379673958s
2022-04-25 23:42:13.160205 (1.0, 100000.0, 26, 10.0, 0.3, 0.319, 2.0, 3) [0.0935853456789539 0.003156220022815641 0.030832277317283427] 3 45445.627457380295s
2022-04-26 22:05:24.629376 (1.0, 100000.0, 25, 10.0, 0.3, 0.305, 2.0, 3) [0.11538383244928237 0.002044735846170897 0.012628334173537505] 3 23547.928204536438s
2022-04-27 00:40:54.335163 (1.0, 100000.0, 25, 10.0, 0.3, 0.305, 2.0, 3) [0.11453770570761003 0.002593484965029055 0.013152985324551185] 3 9329.683315992355s
2022-04-27 04:03:40.408518 (1.0, 100000.0, 25, 10.0, 0.3, 0.305, 2.0, 3) [0.1170126545263106 0.0030084760794618576 0.011631935607064449] 3 12165.999009609222s
2022-04-27 09:31:11.703805 (1.0, 100000.0, 26, 10.0, 0.3, 0.319, 2.0, 3) [0.09112033518474298 0.002884328008551753 0.03500351011730227] 3 121738.08860778809s
2022-04-28 01:45:31.376880 (1.0, 100000.0, 25, 10.0, 0.3, 0.3, 2.0, 3) [0.12045312798230809 0.0024966347128682433 0.00976658849823618] 3 78031.76758694649s
2022-04-28 05:47:52.818813 (1.0, 100000.0, 25, 10.0, 0.3, 0.3, 2.0, 3) [0.12348700584282335 0.002989064532323281 0.008426295398479739] 3 14541.413588285446s
2022-04-28 09:45:08.817541 (1.0, 100000.0, 25, 10.0, 0.3, 0.3, 2.0, 3) [0.12258313104184333 0.003454811583414822 0.008803399097855142] 3 14235.986046791077s
2022-04-28 11:51:42.663035 (1.0, 100000.0, 26, 10.0, 0.3, 0.319, 2.0, 3) [0.09728263318786458 0.0018386331519282075 0.025575874479187737] 3 94830.93081498146s
2022-04-28 17:44:38.486772 (1.0, 100000.0, 25, 10.0, 0.3, 0.319, 2.0, 3) [0.09854326205041727 0.002565370014492147 0.02905608765527824] 3 28756.87425303459s
2022-04-28 21:43:41.325229 (1.0, 100000.0, 25, 10.0, 0.3, 0.319, 2.0, 3) [0.09764687046422825 0.002743226815188672 0.030381773532390344] 3 14342.693435668945s
2022-04-29 01:43:54.640778 (1.0, 100000.0, 25, 10.0, 0.3, 0.319, 2.0, 3) [0.1006079867175731 0.0029248102739875066 0.026399847645537888] 3 14413.282554388046s
2022-04-29 05:13:52.044589 (1.0, 100000.0, 25, 10.0, 0.3, 0.285, 2.0, 3) [0.14362192046763886 0.0034177307001251765 0.0030850558158064243] 3 12589.256417036057s
2022-04-29 08:14:20.483043 (1.0, 100000.0, 25, 10.0, 0.3, 0.285, 2.0, 3) [0.13874947435248927 0.003869643042442281 0.003923571213147463] 3 10828.420001506805s
2022-04-29 10:58:07.996625 (1.0, 100000.0, 25, 10.0, 0.3, 0.285, 2.0, 3) [0.14351035923276764 0.0037704532617781855 0.0031022532605559836] 3 9827.509449958801s
2022-04-29 13:41:21.963590 (1.0, 100000.0, 25, 10.0, 0.3, 0.297, 2.0, 3) [0.1274733037045338 0.004735829827096731 0.006903497170739597] 3 9787.933634996414s
2022-04-29 16:04:02.827089 (1.0, 100000.0, 25, 10.0, 0.3, 0.297, 2.0, 3) [0.12545769513229088 0.0038596908035079727 0.007650970987670858] 3 8560.755298614502s
2022-04-29 18:23:08.998045 (1.0, 100000.0, 25, 10.0, 0.3, 0.297, 2.0, 3) [0.12828201067092163 0.004295620408508843 0.006640142764961561] 3 8346.033796787262s
2022-04-29 19:28:57.811179 (1.0, 100000.0, 26, 10.0, 0.3, 0.3, 2.0, 3) [0.11528232677386693 0.0023893353572726965 0.010049868901831375] 3 113826.93858790398s
2022-04-29 21:03:27.863114 (1.0, 100000.0, 25, 10.0, 0.3, 0.302, 2.0, 3) [0.12151400009881543 0.003899901998891266 0.009317074851371246] 3 9612.05349445343s
2022-04-29 23:38:50.237547 (1.0, 100000.0, 25, 10.0, 0.3, 0.302, 2.0, 3) [0.12010801673297554 0.003665030651673049 0.009982072449866817] 3 9322.349669218063s
2022-04-30 02:54:08.824349 (1.0, 100000.0, 25, 10.0, 0.3, 0.302, 2.0, 3) [0.11732193734969598 0.002793547313156331 0.011445740038149294] 3 11718.557841300964s
2022-04-30 06:05:59.457512 (1.0, 100000.0, 25, 10.0, 0.3, 0.312, 2.0, 3) [0.10711703122769682 0.0030500231288398366 0.019021359481078387] 3 11496.879796743393s
2022-04-30 09:14:48.480664 (1.0, 100000.0, 25, 10.0, 0.3, 0.312, 2.0, 3) [0.1076340804013987 0.004934074834196879 0.018537736376628648] 3 11329.00658917427s
2022-04-30 12:31:49.048389 (1.0, 100000.0, 25, 10.0, 0.3, 0.312, 2.0, 3) [0.10837992430660924 0.0036254189818961356 0.01788465177106048] 3 11820.543748617172s
2022-04-30 16:15:15.806305 (1.0, 100000.0, 25, 10.0, 0.3, 0.307, 2.0, 3) [0.1125003871410179 0.004017920962316671 0.014569517141877339] 3 13397.601189136505s
2022-04-30 19:33:42.717103 (1.0, 100000.0, 25, 10.0, 0.3, 0.307, 2.0, 3) [0.11138550023333807 0.0026971924965507217 0.015370776492645443] 3 11906.886641979218s
2022-04-30 22:50:10.664642 (1.0, 100000.0, 25, 10.0, 0.3, 0.307, 2.0, 3) [0.11279758687246176 0.005163049798621181 0.014332606119008818] 3 11787.94443655014s
2022-05-01 02:26:30.047844 (1.0, 100000.0, 25, 10.0, 0.3, 0.299, 2.0, 3) [0.12071269123844709 0.004395497850709401 0.009647674770640697] 3 12972.049053430557s
2022-05-01 06:11:12.565230 (1.0, 100000.0, 25, 10.0, 0.3, 0.299, 2.0, 3) [0.12311309879324844 0.0038957736812493308 0.008580000138672389] 3 13482.510820150375s
2022-05-01 09:58:48.284958 (1.0, 100000.0, 25, 10.0, 0.3, 0.299, 2.0, 3) [0.12517110213298888 0.0018831410809383485 0.007742941147611613] 3 13655.708124160767s
2022-05-01 14:30:45.240281 (1.0, 100000.0, 25, 10.0, 0.3, 0.292, 2.0, 3) [0.13048690017629694 0.0024229371006361704 0.005939839512770771] 3 16308.998636960983s
2022-05-01 18:27:44.088075 (1.0, 100000.0, 25, 10.0, 0.3, 0.292, 2.0, 3) [0.13073335495123714 0.0037907856786845145 0.005856502469420243] 3 14218.844668149948s
2022-05-01 22:43:56.964184 (1.0, 100000.0, 25, 10.0, 0.3, 0.292, 2.0, 3) [0.13111709531343024 0.0018742252738362564 0.005761351914251226] 3 15372.871534824371s
