2022-05-08 17:14:22.041932 (1.0, 100000.0, 21, 10.0, 0.3, 0.441, 2.0, 3) [0.038661567834189454 0.0027850501734847885 0.6098209479521142] 5 4748.391158342361s
2022-05-08 17:19:56.931515 (1.0, 100000.0, 22, 10.0, 0.3, 0.41, 2.0, 3) [0.04771791197469131 0.002092140582193813 0.41666116887845617] 5 5083.345428943634s
2022-05-08 17:38:07.740203 (1.0, 100000.0, 23, 10.0, 0.3, 0.41, 2.0, 3) [0.042237644666868815 0.0016129668816337983 0.4703543352770135] 5 6174.111332178116s
2022-05-08 18:08:10.948772 (1.0, 100000.0, 24, 10.0, 0.3, 0.421, 2.0, 3) [0.03649519128923431 0.0023892780775526135 0.5611397738408774] 5 7977.339593172073s
2022-05-08 18:24:02.497242 (1.0, 100000.0, 21, 10.0, 0.3, 0.441, 2.0, 3) [0.04005052929030241 0.0020560497690409415 0.5878660857553651] 5 4180.435747146606s
2022-05-08 18:40:40.350645 (1.0, 100000.0, 22, 10.0, 0.3, 0.41, 2.0, 3) [0.04613624256275594 0.0020099695383563945 0.4392342055165657] 5 4843.396002531052s
2022-05-08 19:15:49.284757 (1.0, 100000.0, 23, 10.0, 0.3, 0.41, 2.0, 3) [0.042027309446988445 0.002420046899062408 0.47069216363502653] 5 5861.521477937698s
2022-05-08 19:30:34.526326 (1.0, 100000.0, 21, 10.0, 0.3, 0.441, 2.0, 3) [0.040455508778086145 0.002848544886382086 0.5798517486000287] 5 3992.0006215572357s
2022-05-08 20:02:06.688892 (1.0, 100000.0, 22, 10.0, 0.3, 0.41, 2.0, 3) [0.044856512016501 0.003078119718894971 0.4594237605200341] 5 4886.329437971115s
2022-05-08 20:28:39.254292 (1.0, 100000.0, 24, 10.0, 0.3, 0.421, 2.0, 3) [0.03697921912586494 0.0021145435582811643 0.5502402044141179] 5 8428.285886526108s
2022-05-08 20:35:08.217526 (1.0, 100000.0, 21, 10.0, 0.3, 0.441, 2.0, 3) [0.040570952014159056 0.002596505468834768 0.579162847519715] 5 3873.6732218265533s
2022-05-08 20:53:04.923987 (1.0, 100000.0, 23, 10.0, 0.3, 0.41, 2.0, 3) [0.042611480749356154 0.0023753720278112773 0.46486422023535234] 5 5835.608781814575s
2022-05-08 21:23:01.853375 (1.0, 100000.0, 22, 10.0, 0.3, 0.41, 2.0, 3) [0.04965132770512339 0.0024093551873512207 0.39138251039172534] 5 4855.133127689362s
2022-05-08 21:39:12.614206 (1.0, 100000.0, 21, 10.0, 0.3, 0.441, 2.0, 3) [0.03774441533969126 0.004798227700271097 0.6257270608461474] 5 3844.394384622574s
2022-05-08 22:33:58.974927 (1.0, 100000.0, 23, 10.0, 0.3, 0.41, 2.0, 3) [0.04139760336838247 0.00263529580688848 0.4830117072808423] 5 6054.034688472748s
2022-05-08 22:42:26.326008 (1.0, 100000.0, 21, 10.0, 0.3, 0.491, 2.0, 3) [0.028098164206291937 0.0019594481833305286 0.8927164396288951] 5 3781.5754029750824s
2022-05-08 22:44:03.653510 (1.0, 100000.0, 22, 10.0, 0.3, 0.41, 2.0, 3) [0.047375906556826615 0.0017063346299623148 0.42023602396470117] 5 4861.773318767548s
2022-05-08 22:48:17.767201 (1.0, 100000.0, 24, 10.0, 0.3, 0.421, 2.0, 3) [0.0352155492141637 0.0016026865777900962 0.5750018809278786] 5 8378.483898162842s
2022-05-08 23:45:07.124681 (1.0, 100000.0, 21, 10.0, 0.3, 0.491, 2.0, 3) [0.027211009129572063 0.0012019263423567617 0.9089020091518959] 5 3760.794817209244s
2022-05-09 00:05:00.107283 (1.0, 100000.0, 22, 10.0, 0.3, 0.411, 2.0, 3) [0.04670547762051732 0.002871044407227237 0.4316339829435944] 5 4843.577847242355s
2022-05-09 00:10:44.841791 (1.0, 100000.0, 23, 10.0, 0.3, 0.41, 2.0, 3) [0.04313375746289358 0.0016340484063735283 0.4580798817541591] 5 5805.844302177429s
2022-05-09 00:46:43.576026 (1.0, 100000.0, 21, 10.0, 0.3, 0.491, 2.0, 3) [0.02553104317397574 0.004976227625942646 0.9454907755353967] 5 3696.4292347431183s
2022-05-09 00:56:33.030837 (1.0, 100000.0, 24, 10.0, 0.3, 0.421, 2.0, 3) [0.03569356481834851 0.001312298946807097 0.5687715792866286] 5 7695.259264469147s
2022-05-09 01:23:36.060764 (1.0, 100000.0, 22, 10.0, 0.3, 0.411, 2.0, 3) [0.04522325426107309 0.00391941238412652 0.45008720866392915] 5 4715.917157649994s
2022-05-09 01:48:35.619220 (1.0, 100000.0, 23, 10.0, 0.3, 0.461, 2.0, 3) [0.028472463575657452 0.0032862541476757225 0.7861615857671596] 5 5861.5753746032715s
2022-05-09 01:51:24.325622 (1.0, 100000.0, 21, 10.0, 0.3, 0.491, 2.0, 3) [0.027517265373188507 0.0016706027265605097 0.9029284115271341] 5 3880.7217133045197s
2022-05-09 02:42:11.114377 (1.0, 100000.0, 22, 10.0, 0.3, 0.411, 2.0, 3) [0.043240857240075314 0.0019007785138399882 0.48204830064266685] 5 4715.0345096588135s
2022-05-09 02:56:49.169590 (1.0, 100000.0, 21, 10.0, 0.3, 0.491, 2.0, 3) [0.027781357806531033 0.00131015785980075 0.8986126663377699] 5 3924.8418583869934s
2022-05-09 03:14:47.463809 (1.0, 100000.0, 24, 10.0, 0.3, 0.421, 2.0, 3) [0.03551420756750211 0.0032281479406544786 0.5711095513377613] 5 8294.43065738678s
2022-05-09 03:33:36.882775 (1.0, 100000.0, 23, 10.0, 0.3, 0.461, 2.0, 3) [0.02736215518067944 0.001298443028611733 0.8138077640514112] 5 6301.248338937759s
2022-05-09 03:58:13.526364 (1.0, 100000.0, 21, 10.0, 0.3, 0.471, 2.0, 3) [0.03311372073568544 0.0017009591168941891 0.7566501848401034] 5 3671.1916015148163s
2022-05-09 04:01:23.471552 (1.0, 100000.0, 22, 10.0, 0.3, 0.411, 2.0, 3) [0.04646642197876745 0.002758859632199557 0.43263331624506063] 5 4752.322515010834s
2022-05-09 05:00:39.763053 (1.0, 100000.0, 21, 10.0, 0.3, 0.471, 2.0, 3) [0.03099286421433327 0.001700657803839429 0.7931004552288298] 5 3746.221576690674s
2022-05-09 05:14:43.481218 (1.0, 100000.0, 23, 10.0, 0.3, 0.461, 2.0, 3) [0.027447161483066737 0.0014613477804277868 0.8089630890908198] 5 6066.573807954788s
2022-05-09 05:19:57.162015 (1.0, 100000.0, 22, 10.0, 0.3, 0.411, 2.0, 3) [0.046267402643914234 0.0025621840842188224 0.43465452148634487] 5 4713.685533761978s
2022-05-09 05:41:42.511297 (1.0, 100000.0, 24, 10.0, 0.3, 0.461, 2.0, 3) [0.025492892956053476 0.0023856636222439973 0.8520473643950816] 5 8800.662358045578s
2022-05-09 06:02:23.433894 (1.0, 100000.0, 21, 10.0, 0.3, 0.471, 2.0, 3) [0.03164260670382824 0.002229204384114961 0.7798452878961845] 5 3703.641976594925s
2022-05-09 06:42:24.790740 (1.0, 100000.0, 22, 10.0, 0.3, 0.481, 2.0, 3) [0.02691824937311388 0.0016666609295749133 0.8798706408557891] 5 4942.236993312836s
2022-05-09 06:58:29.593245 (1.0, 100000.0, 23, 10.0, 0.3, 0.461, 2.0, 3) [0.029523956537989886 0.002405986251252357 0.7825971067577101] 5 6226.087523937225s
2022-05-09 07:03:44.105905 (1.0, 100000.0, 21, 10.0, 0.3, 0.471, 2.0, 3) [0.033886011148487875 0.002126206740376854 0.7404474907291431] 5 3680.6700518131256s
2022-05-09 08:00:34.493115 (1.0, 100000.0, 24, 10.0, 0.3, 0.461, 2.0, 3) [0.025524679884659774 0.0029616703748521853 0.8495497766689057] 5 8331.980037689209s
2022-05-09 08:01:23.718919 (1.0, 100000.0, 22, 10.0, 0.3, 0.481, 2.0, 3) [0.02761546041659843 0.0033975028923161244 0.8658136422754917] 5 4738.92608833313s
2022-05-09 08:08:37.245160 (1.0, 100000.0, 21, 10.0, 0.3, 0.471, 2.0, 3) [0.03225029998264084 0.001928639893308419 0.7785493161751967] 5 3893.1370503902435s
2022-05-09 08:39:06.345538 (1.0, 100000.0, 23, 10.0, 0.3, 0.461, 2.0, 3) [0.028729379541656073 0.0018189760106047277 0.7836513182306718] 5 6036.750055074692s
2022-05-09 09:14:52.133994 (1.0, 100000.0, 21, 10.0, 0.3, 0.451, 2.0, 3) [0.0370704603653935 0.002604739209809802 0.6567731213607869] 5 3964.175630092621s
2022-05-09 09:19:58.846433 (1.0, 100000.0, 22, 10.0, 0.3, 0.481, 2.0, 3) [0.028205027427056894 0.0017912237298790303 0.8554491716578939] 5 4715.125520944595s
2022-05-09 10:17:01.100621 (1.0, 100000.0, 24, 10.0, 0.3, 0.461, 2.0, 3) [0.02462111652075904 0.0023592598997439983 0.8585824917921897] 5 8186.605306386948s
2022-05-09 10:17:28.061927 (1.0, 100000.0, 23, 10.0, 0.3, 0.421, 2.0, 3) [0.03910246142463278 0.0026747126785355273 0.5333365319388463] 5 5889.456766605377s
2022-05-09 10:22:44.183374 (1.0, 100000.0, 21, 10.0, 0.3, 0.451, 2.0, 3) [0.03762468502385334 0.0013992561411403863 0.6463219529190496] 5 4072.0334537029266s
2022-05-09 10:38:17.478607 (1.0, 100000.0, 22, 10.0, 0.3, 0.481, 2.0, 3) [0.025995479830653142 0.0018317096943871525 0.8958773362541957] 5 4698.604434728622s
2022-05-09 11:27:11.013266 (1.0, 100000.0, 21, 10.0, 0.3, 0.451, 2.0, 3) [0.03765855201688541 0.0026737071749022793 0.6394008391788802] 5 3866.8114924430847s
2022-05-09 11:48:15.524202 (1.0, 100000.0, 23, 10.0, 0.3, 0.421, 2.0, 3) [0.03817823067000551 0.0021860828952093656 0.5468587727550904] 5 5447.460494995117s
2022-05-09 11:56:31.654524 (1.0, 100000.0, 22, 10.0, 0.3, 0.481, 2.0, 3) [0.02522009460297456 0.002260092102612113 0.9082018806098152] 5 4694.160798072815s
2022-05-09 12:32:58.647188 (1.0, 100000.0, 24, 10.0, 0.3, 0.461, 2.0, 3) [0.026018674122752758 0.0019339789804733963 0.8268090404189793] 5 8157.512026309967s
2022-05-09 13:12:20.251350 (1.0, 100000.0, 21, 10.0, 0.3, 0.451, 2.0, 3) [0.03581686899490687 0.003447821304122615 0.6691810148619881] 5 6309.219988584518s
2022-05-09 13:14:40.408243 (1.0, 100000.0, 22, 10.0, 0.3, 0.431, 2.0, 3) [0.03867877047283292 0.0016790413872414401 0.573683615114303] 5 4672.9653742313385s
2022-05-09 13:17:50.662414 (1.0, 100000.0, 23, 10.0, 0.3, 0.421, 2.0, 3) [0.038718113841068505 0.002872599664214563 0.5390301778751521] 5 5375.120317935944s
2022-05-09 14:15:52.289281 (1.0, 100000.0, 21, 10.0, 0.3, 0.451, 2.0, 3) [0.036314907795872924 0.0033446192597781023 0.6618816188169244] 5 3812.0221467018127s
2022-05-09 14:24:34.679877 (1.0, 100000.0, 24, 10.0, 0.3, 0.461, 2.0, 3) [0.027451335091327432 0.0019243244476726143 0.80074797831759] 5 6695.985673666s
2022-05-09 14:31:51.620098 (1.0, 100000.0, 22, 10.0, 0.3, 0.431, 2.0, 3) [0.03911671504717852 0.0027398906754652957 0.5691710401081386] 5 4631.209398269653s
2022-05-09 14:44:07.156237 (1.0, 100000.0, 23, 10.0, 0.3, 0.421, 2.0, 3) [0.03955890309037334 0.002475645436458495 0.5250584203274196] 5 5176.490772247314s
2022-05-09 16:09:06.942607 (1.0, 100000.0, 23, 10.0, 0.3, 0.421, 2.0, 3) [0.0360586318494787 0.002292865961701254 0.5848232264279792] 5 5099.783385038376s
2022-05-09 16:13:04.150919 (1.0, 100000.0, 21, 10.0, 0.3, 0.421, 2.0, 3) [0.04577456065986717 0.002002026757251997 0.47578746819816947] 5 7028.433395385742s
2022-05-09 16:23:06.766732 (1.0, 100000.0, 22, 10.0, 0.3, 0.431, 2.0, 3) [0.0384515492727312 0.0015363278597659098 0.5819953108304625] 5 6675.143370628357s
2022-05-09 16:42:12.992910 (1.0, 100000.0, 24, 10.0, 0.3, 0.491, 2.0, 3) [0.020979238146729973 0.0018751424264824366 1.0233354113429918] 5 8253.939572572708s
2022-05-09 17:11:09.763184 (1.0, 100000.0, 21, 10.0, 0.3, 0.421, 2.0, 3) [0.04648677723318452 0.0015622489048729244 0.4688776885892198] 5 3485.610216140747s
2022-05-09 17:47:31.402177 (1.0, 100000.0, 22, 10.0, 0.3, 0.431, 2.0, 3) [0.03996629179254949 0.002586129230686418 0.5592642252946758] 5 5064.630456447601s
2022-05-09 17:49:57.754106 (1.0, 100000.0, 23, 10.0, 0.3, 0.491, 2.0, 3) [0.02412762006545595 0.0013162469771973448 0.9706400084087136] 5 6046.911411762238s
2022-05-09 18:17:40.847929 (1.0, 100000.0, 21, 10.0, 0.3, 0.421, 2.0, 3) [0.04714178089163441 0.004851601266137585 0.46203751377408037] 5 3991.0583503246307s
2022-05-09 18:50:59.808171 (1.0, 100000.0, 24, 10.0, 0.3, 0.491, 2.0, 3) [0.019344358837771927 0.002172372582905625 1.0583736157701749] 5 7726.799563884735s
2022-05-09 19:10:42.931886 (1.0, 100000.0, 22, 10.0, 0.3, 0.431, 2.0, 3) [0.04038431427808878 0.0013710651338954454 0.5468225211445861] 5 4991.513399600983s
2022-05-09 19:15:27.652132 (1.0, 100000.0, 21, 10.0, 0.3, 0.421, 2.0, 3) [0.04724874242698104 0.0021593549756881375 0.45734538233299366] 5 3466.764238357544s
2022-05-09 19:38:05.955135 (1.0, 100000.0, 23, 10.0, 0.3, 0.491, 2.0, 3) [0.02283922325275807 0.0011563995933517592 0.9901471938673363] 5 6488.178659915924s
2022-05-09 20:14:26.797031 (1.0, 100000.0, 21, 10.0, 0.3, 0.421, 2.0, 3) [0.049621381916681244 0.003679418214965435 0.42478367646996834] 5 3539.141212940216s
2022-05-09 20:52:02.740033 (1.0, 100000.0, 24, 10.0, 0.3, 0.491, 2.0, 3) [0.021699364974645793 0.0014046497523465696 1.022082453513358] 5 7262.917965888977s
2022-05-09 21:35:13.168039 (1.0, 100000.0, 23, 10.0, 0.3, 0.491, 2.0, 3) [0.023860981376114056 0.002347117638245554 0.9720636165227566] 5 7027.197967290878s
2022-05-09 23:01:11.911744 (1.0, 100000.0, 24, 10.0, 0.3, 0.491, 2.0, 3) [0.0214886275264288 0.0015190368016878989 1.0309271641240527] 5 7749.151095628738s
2022-05-09 23:48:09.553937 (1.0, 100000.0, 23, 10.0, 0.3, 0.491, 2.0, 3) [0.023367314498857747 0.0016415883901444433 0.9726508990220958] 5 7976.372429609299s
2022-05-10 01:08:52.957855 (1.0, 100000.0, 24, 10.0, 0.3, 0.491, 2.0, 3) [0.019657437784105995 0.001960138953517403 1.0514999549788757] 5 7660.672922849655s
2022-05-10 01:47:25.986592 (1.0, 100000.0, 23, 10.0, 0.3, 0.491, 2.0, 3) [0.021188157337086046 0.0014057867096045908 1.0231269326873806] 5 7155.983355760574s
