2022-04-16 18:19:46.822932 (1.0, 100000.0, 25, 10.0, 0.3, 0.319, 2.0, 3) [0.1013354333374971 0.0034564697925575203 0.025453667412156114] 3 18019.273927927017s
2022-04-16 21:15:12.794725 (1.0, 100000.0, 27, 10.0, 0.3, 0.297, 2.0, 3) [0.11426178086890461 0.001947380901716546 0.008434883702432632] 3 28542.608020544052s
2022-04-16 22:05:59.667775 (1.0, 100000.0, 25, 10.0, 0.3, 0.319, 2.0, 3) [0.09834790693422771 0.00375248762790128 0.029371125966419394] 3 13572.842023849487s
2022-04-17 01:52:46.305401 (1.0, 100000.0, 25, 10.0, 0.3, 0.319, 2.0, 3) [0.09920290613959422 0.0021448787409788297 0.028238888572787293] 3 13606.634885787964s
2022-04-17 02:30:15.412610 (1.0, 100000.0, 28, 10.0, 0.3, 0.305, 2.0, 3) [0.09800285651250439 0.004031021401114527 0.0166177051371882] 3 47446.60333824158s
2022-04-17 04:55:19.230376 (1.0, 100000.0, 27, 10.0, 0.3, 0.297, 2.0, 3) [0.11611545428382743 0.0050289334269273565 0.0076536093939586405] 3 27606.433317899704s
2022-04-17 05:38:59.899150 (1.0, 100000.0, 25, 10.0, 0.3, 0.297, 2.0, 3) [0.12877476068608248 0.002211412710685119 0.006483826451999763] 3 13568.942091464996s
2022-04-17 09:25:00.604761 (1.0, 100000.0, 25, 10.0, 0.3, 0.297, 2.0, 3) [0.12830639973646152 0.0038828581405068226 0.0066412147846749755] 3 13560.685986042023s
2022-04-17 12:11:07.214063 (1.0, 100000.0, 27, 10.0, 0.3, 0.297, 2.0, 3) [0.11464191057975534 0.0024687473242145145 0.008268954218374341] 3 26147.962795972824s
2022-04-17 13:20:49.217482 (1.0, 100000.0, 28, 10.0, 0.3, 0.305, 2.0, 3) [0.10243636641963147 0.0049895075887256895 0.013019070158539888] 3 39033.79102444649s
2022-04-17 13:24:44.585313 (1.0, 100000.0, 25, 10.0, 0.3, 0.297, 2.0, 3) [0.12527046844476164 0.005284079996316707 0.007689234686409961] 3 14383.96545791626s
2022-04-17 18:07:06.784007 (1.0, 100000.0, 27, 10.0, 0.3, 0.302, 2.0, 3) [0.11026384965371162 0.00547109596049146 0.010469576218922787] 3 21351.7381401062s
2022-04-17 19:24:45.868227 (1.0, 100000.0, 25, 10.0, 0.3, 0.292, 2.0, 3) [0.13115025251994736 0.0029646137247519412 0.005750273213754361] 3 21595.874081611633s
2022-04-17 19:57:59.452390 (1.0, 100000.0, 26, 10.0, 0.3, 0.312, 2.0, 3) [0.10219162192337244 0.002345044557000242 0.019849796397400546] 3 110310.66508221626s
2022-04-17 20:57:08.257901 (1.0, 100000.0, 28, 10.0, 0.3, 0.305, 2.0, 3) [0.10055113804339284 0.0034047404261629884 0.014477686172406379] 3 27379.02631664276s
2022-04-18 00:40:09.619840 (1.0, 100000.0, 27, 10.0, 0.3, 0.302, 2.0, 3) [0.10831237432744506 0.0032962109318357812 0.011612275797483002] 3 23582.82096004486s
2022-04-18 04:59:19.138674 (1.0, 100000.0, 28, 10.0, 0.3, 0.312, 2.0, 3) [0.09118075048938286 0.0022365819639717107 0.024311152827825356] 3 28925.96439218521s
2022-04-18 06:02:23.411209 (1.0, 100000.0, 25, 10.0, 0.3, 0.292, 2.0, 3) [0.12930013371820756 0.005141031763192982 0.006287217883199549] 3 38257.5264210701s
2022-04-18 07:37:30.253708 (1.0, 100000.0, 27, 10.0, 0.3, 0.302, 2.0, 3) [0.11220126035571919 0.0028930726334380247 0.009452944497159643] 3 25040.623698949814s
2022-04-18 10:07:10.443877 (1.0, 100000.0, 25, 10.0, 0.3, 0.292, 2.0, 3) [0.13142323901856676 0.003941411746970665 0.0056637914807154245] 3 14687.030159711838s
2022-04-18 13:21:08.260520 (1.0, 100000.0, 28, 10.0, 0.3, 0.312, 2.0, 3) [0.0938436673854653 0.0025976904461633846 0.02099586409112625] 3 30109.093892097473s
2022-04-18 14:48:24.094197 (1.0, 100000.0, 27, 10.0, 0.3, 0.3, 2.0, 3) [0.11152865792821329 0.0038560588595951723 0.009791027270760278] 3 25846.37686920166s
2022-04-18 15:51:27.582651 (1.0, 100000.0, 25, 10.0, 0.3, 0.312, 2.0, 3) [0.10602516357649733 0.002913964650512926 0.02008032229098549] 3 20652.66554927826s
2022-04-18 23:41:43.067362 (1.0, 100000.0, 27, 10.0, 0.3, 0.3, 2.0, 3) [0.11288811562076799 0.004285748949720976 0.009088786704424525] 3 31998.92664384842s
2022-04-18 23:55:31.166406 (1.0, 100000.0, 28, 10.0, 0.3, 0.312, 2.0, 3) [0.0951743140798627 0.003085989653694981 0.019548192555964888] 3 38062.90297794342s
2022-04-19 01:05:15.549845 (1.0, 100000.0, 25, 10.0, 0.3, 0.312, 2.0, 3) [0.10907863130875269 0.0023089411863900233 0.017289213377044938] 3 33227.95067548752s
2022-04-19 03:36:06.638233 (1.0, 100000.0, 26, 10.0, 0.3, 0.312, 2.0, 3) [0.10217550463558994 0.005103766593786952 0.01982379697638878] 3 113887.18317604065s
2022-04-19 05:02:06.102210 (1.0, 100000.0, 27, 10.0, 0.3, 0.3, 2.0, 3) [0.1096732941523347 0.002312379725069159 0.010795501094607184] 3 19222.98299431801s
2022-04-19 05:06:23.134233 (1.0, 100000.0, 25, 10.0, 0.3, 0.312, 2.0, 3) [0.10840974381028172 0.002643717051610946 0.017857444549270633] 3 14467.581892728806s
2022-04-19 07:42:01.232048 (1.0, 100000.0, 28, 10.0, 0.3, 0.299, 2.0, 3) [0.10992853890370352 0.0023756839514126526 0.00857388750363616] 3 27951.59882426262s
2022-04-19 08:55:01.364427 (1.0, 100000.0, 25, 10.0, 0.3, 0.302, 2.0, 3) [0.12081262479919405 0.003900706595198027 0.009614918062430403] 3 13709.769535541534s
2022-04-19 10:27:50.489579 (1.0, 100000.0, 27, 10.0, 0.3, 0.307, 2.0, 3) [0.10514672155466262 0.002499743629617098 0.013827899492887725] 3 19540.158666610718s
2022-04-19 12:53:57.585984 (1.0, 100000.0, 25, 10.0, 0.3, 0.302, 2.0, 3) [0.11673241476618355 0.003366335241513212 0.011794160171274597] 3 14336.21953368187s
2022-04-19 14:44:27.154857 (1.0, 100000.0, 28, 10.0, 0.3, 0.299, 2.0, 3) [0.10966497652845919 0.0034163630774198105 0.008703330449220715] 3 25345.920461416245s
2022-04-19 15:53:46.921742 (1.0, 100000.0, 27, 10.0, 0.3, 0.307, 2.0, 3) [0.10284718521643074 0.004960363908328802 0.015623195654943089] 3 19556.430391073227s
2022-04-19 16:52:11.861038 (1.0, 100000.0, 25, 10.0, 0.3, 0.302, 2.0, 3) [0.12005635475234915 0.0028324979771561587 0.010006877792615892] 3 14294.272934913635s
2022-04-19 20:44:17.866470 (1.0, 100000.0, 25, 10.0, 0.3, 0.307, 2.0, 3) [0.11572972439862399 0.005235745863851362 0.012434746007329306] 3 13920.90969824791s
2022-04-19 21:22:22.035410 (1.0, 100000.0, 27, 10.0, 0.3, 0.307, 2.0, 3) [0.10687887029052905 0.0027705735825467163 0.012601100041237556] 3 19715.11156487465s
2022-04-19 21:57:42.479945 (1.0, 100000.0, 28, 10.0, 0.3, 0.299, 2.0, 3) [0.10853682159629675 0.002801672222412304 0.009264563152485287] 3 25995.322160720825s
2022-04-20 00:43:05.502739 (1.0, 100000.0, 25, 10.0, 0.3, 0.307, 2.0, 3) [0.11337578943154415 0.002583364186288614 0.013945257410206077] 3 14327.633982419968s
2022-04-20 02:53:49.689188 (1.0, 100000.0, 27, 10.0, 0.3, 0.319, 2.0, 3) [0.09169870170823496 0.0036240536444208846 0.02844281792098322] 3 19879.514934539795s
2022-04-20 04:36:06.076338 (1.0, 100000.0, 28, 10.0, 0.3, 0.297, 2.0, 3) [0.11183631070771202 0.003710708794696744 0.007714286652236971] 3 23899.855968236923s
2022-04-20 04:36:44.557805 (1.0, 100000.0, 25, 10.0, 0.3, 0.307, 2.0, 3) [0.11759376553745113 0.0046212847129660515 0.011340508233855524] 3 14019.052901983261s
2022-04-20 08:23:16.891167 (1.0, 100000.0, 27, 10.0, 0.3, 0.319, 2.0, 3) [0.08997103812266113 0.003855035550258088 0.031125450362435993] 3 19767.199520349503s
2022-04-20 08:54:28.116546 (1.0, 100000.0, 25, 10.0, 0.3, 0.3, 2.0, 3) [0.11686179415855363 0.0032811038641494448 0.011694924459080843] 3 15459.51843881607s
2022-04-20 09:28:38.279247 (1.0, 100000.0, 26, 10.0, 0.3, 0.312, 2.0, 3) [0.10399418208779933 0.004030971405413957 0.018111216996031465] 3 107551.63871455193s
2022-04-20 11:04:52.497172 (1.0, 100000.0, 28, 10.0, 0.3, 0.297, 2.0, 3) [0.10854975725645584 0.0037114671723512353 0.009246316808513025] 3 23326.418576478958s
2022-04-20 13:50:28.578598 (1.0, 100000.0, 27, 10.0, 0.3, 0.319, 2.0, 3) [0.09023019680269326 0.002707905446296835 0.030655411744076166] 3 19631.685266017914s
2022-04-20 13:52:07.065962 (1.0, 100000.0, 25, 10.0, 0.3, 0.3, 2.0, 3) [0.124131299773386 0.0021441063827515702 0.008170983438081376] 3 17858.94749522209s
2022-04-20 17:29:51.089325 (1.0, 100000.0, 28, 10.0, 0.3, 0.297, 2.0, 3) [0.11013364903302035 0.0032959528500184623 0.008460128116010995] 3 23098.58967590332s
2022-04-20 17:53:04.933608 (1.0, 100000.0, 25, 10.0, 0.3, 0.3, 2.0, 3) [0.12273656647578625 0.0036913639397036496 0.008752840415284754] 3 14457.865419626236s
2022-04-20 20:09:53.997705 (1.0, 100000.0, 27, 10.0, 0.3, 0.312, 2.0, 3) [0.0985179201078421 0.0030920232373282514 0.019693440801947352] 3 22753.03337621689s
2022-04-20 22:18:53.853384 (1.0, 100000.0, 25, 10.0, 0.3, 0.305, 2.0, 3) [0.11530005162080238 0.0024146036525682676 0.012642483450319647] 3 15944.89050936699s
2022-04-20 23:55:17.032542 (1.0, 100000.0, 28, 10.0, 0.3, 0.285, 2.0, 3) [0.13068660207850777 0.0030716634415697656 0.002691491256675209] 3 23115.92049241066s
2022-04-21 01:39:45.735194 (1.0, 100000.0, 27, 10.0, 0.3, 0.312, 2.0, 3) [0.09838505527009796 0.00328093421914776 0.019845108630105166] 3 19791.714265823364s
2022-04-21 02:26:21.100652 (1.0, 100000.0, 25, 10.0, 0.3, 0.305, 2.0, 3) [0.1188400314068608 0.003066355258842945 0.010631943655303686] 3 14847.219104290009s
2022-04-21 06:20:09.523490 (1.0, 100000.0, 28, 10.0, 0.3, 0.285, 2.0, 3) [0.13082240731037417 0.005799278712678303 0.002678387489768901] 3 23092.488889455795s
2022-04-21 06:23:52.637465 (1.0, 100000.0, 25, 10.0, 0.3, 0.305, 2.0, 3) [0.1166610206890734 0.00264099064783216 0.011811620577757139] 3 14251.534557819366s
2022-04-21 07:09:16.025540 (1.0, 100000.0, 27, 10.0, 0.3, 0.312, 2.0, 3) [0.09816801465213565 0.0033627653991674224 0.020117164698920314] 3 19770.286227941513s
2022-04-21 10:21:45.358137 (1.0, 100000.0, 25, 10.0, 0.3, 0.299, 2.0, 3) [0.12191624637632432 0.0037025365995306185 0.009101481611062412] 3 14266.353395462036s
2022-04-21 12:40:07.993025 (1.0, 100000.0, 27, 10.0, 0.3, 0.285, 2.0, 3) [0.13048339094715505 0.0037322711837373293 0.0035234416038000932] 3 19846.760471343994s
2022-04-21 12:45:49.885653 (1.0, 100000.0, 28, 10.0, 0.3, 0.285, 2.0, 3) [0.12638051524067104 0.004080545692255371 0.003412265727379795] 3 23140.341366052628s
2022-04-21 14:32:50.088791 (1.0, 100000.0, 25, 10.0, 0.3, 0.299, 2.0, 3) [0.12134124439641218 0.0023793620551508677 0.009360062404673766] 3 15064.707416296005s
2022-04-21 18:09:30.275882 (1.0, 100000.0, 27, 10.0, 0.3, 0.285, 2.0, 3) [0.131312951065817 0.0028011429135443443 0.003362263891853658] 3 19762.280337810516s
2022-04-21 18:41:25.125513 (1.0, 100000.0, 25, 10.0, 0.3, 0.299, 2.0, 3) [0.12481366648118829 0.0034931220372092448 0.007930855875198076] 3 14915.002898693085s
2022-04-21 19:12:14.044516 (1.0, 100000.0, 28, 10.0, 0.3, 0.319, 2.0, 3) [0.08641588646042753 0.002492870941693689 0.03172299949562675] 3 23179.818796634674s
2022-04-21 22:44:05.376886 (1.0, 100000.0, 25, 10.0, 0.3, 0.285, 2.0, 3) [0.14025859740057994 0.0043010663531393815 0.003647516498730046] 3 14555.437849521637s
2022-04-21 23:38:20.806031 (1.0, 100000.0, 27, 10.0, 0.3, 0.285, 2.0, 3) [0.13229812479601888 0.0036134110298856035 0.0031967486125578618] 3 19730.516520500183s
2022-04-22 01:39:07.597468 (1.0, 100000.0, 28, 10.0, 0.3, 0.319, 2.0, 3) [0.08584295259559124 0.003964561269373069 0.03270384058255557] 3 23213.550768852234s
2022-04-22 02:49:05.876539 (1.0, 100000.0, 25, 10.0, 0.3, 0.285, 2.0, 3) [0.14393381204786218 0.0029665040849289072 0.003036857087949289] 3 14700.497612476349s
2022-04-22 05:06:23.949569 (1.0, 100000.0, 27, 10.0, 0.3, 0.305, 2.0, 3) [0.1042432790765375 0.004183455371872444 0.014479294414199081] 3 19675.759470939636s
2022-04-22 06:54:57.671580 (1.0, 100000.0, 25, 10.0, 0.3, 0.285, 2.0, 3) [0.1392749572179583 0.005301422255744033 0.003828373664564027] 3 14751.792737960815s
2022-04-22 08:04:04.309001 (1.0, 100000.0, 28, 10.0, 0.3, 0.319, 2.0, 3) [0.08727548717979607 0.002099973564430838 0.03027998197915038] 3 23096.709161281586s
2022-04-22 10:47:10.767121 (1.0, 100000.0, 27, 10.0, 0.3, 0.305, 2.0, 3) [0.10377158548901075 0.002155294796522498 0.014820348072312268] 3 20446.815231084824s
2022-04-22 14:25:59.171878 (1.0, 100000.0, 28, 10.0, 0.3, 0.3, 2.0, 3) [0.10879501385789882 0.003002315345128545 0.009125014678108381] 3 22909.90236377716s
2022-04-22 16:22:33.575971 (1.0, 100000.0, 27, 10.0, 0.3, 0.305, 2.0, 3) [0.10316449826808953 0.003382116930823659 0.01533001800295289] 3 20122.806436538696s
2022-04-22 20:50:59.292963 (1.0, 100000.0, 28, 10.0, 0.3, 0.3, 2.0, 3) [0.10466071704264517 0.0025643606178246173 0.011490635314756421] 3 23100.1029856205s
2022-04-22 21:45:27.752966 (1.0, 100000.0, 27, 10.0, 0.3, 0.292, 2.0, 3) [0.12174711641508856 0.0024185748749094957 0.005654057487650613] 3 19370.654005289078s
2022-04-23 00:59:48.508197 (1.0, 100000.0, 26, 10.0, 0.3, 0.3, 2.0, 3) [0.1151761721145579 0.003412451635230839 0.010105584690718811] 3 228663.63138508797s
2022-04-23 03:07:11.149598 (1.0, 100000.0, 27, 10.0, 0.3, 0.292, 2.0, 3) [0.12152183896821678 0.003706892125547663 0.00570348729104145] 3 19303.381908655167s
2022-04-23 03:13:41.808204 (1.0, 100000.0, 28, 10.0, 0.3, 0.3, 2.0, 3) [0.10650906451586563 0.004257258412509743 0.010357746215413037] 3 22962.427028656006s
2022-04-23 08:29:37.429960 (1.0, 100000.0, 27, 10.0, 0.3, 0.292, 2.0, 3) [0.12027448160007155 0.0030953610588202478 0.006099980125332183] 3 19346.263694524765s
2022-04-23 09:38:40.070700 (1.0, 100000.0, 28, 10.0, 0.3, 0.307, 2.0, 3) [0.09810344936852763 0.0025618917732349784 0.016556146537718617] 3 23093.529443979263s
2022-04-23 13:51:10.876170 (1.0, 100000.0, 27, 10.0, 0.3, 0.299, 2.0, 3) [0.11459903911210799 0.0030142756337889036 0.008301955639558333] 3 19289.283537626266s
2022-04-23 15:58:00.083796 (1.0, 100000.0, 26, 10.0, 0.3, 0.3, 2.0, 3) [0.11774111814212967 0.0035334021592953626 0.008886150522669518] 3 53891.556298971176s
2022-04-23 16:03:09.534214 (1.0, 100000.0, 28, 10.0, 0.3, 0.307, 2.0, 3) [0.09898792598695239 0.004676831239426447 0.015800350970304473] 3 23069.44347691536s
2022-04-23 19:15:39.598870 (1.0, 100000.0, 27, 10.0, 0.3, 0.299, 2.0, 3) [0.11729987639464773 0.0042267385854072685 0.007193243390923386] 3 19468.69989180565s
2022-04-23 22:31:42.246649 (1.0, 100000.0, 28, 10.0, 0.3, 0.307, 2.0, 3) [0.09556350899810202 0.002682521528752436 0.019062916598872465] 3 23312.709946393967s
2022-04-24 00:42:49.506906 (1.0, 100000.0, 27, 10.0, 0.3, 0.299, 2.0, 3) [0.11326919683139582 0.004651524825769558 0.008920975938099762] 3 19629.88383102417s
2022-04-24 05:06:45.397602 (1.0, 100000.0, 28, 10.0, 0.3, 0.302, 2.0, 3) [0.10446510929792069 0.002664295521687582 0.011611196369611769] 3 23500.997220993042s
2022-04-24 06:40:42.731545 (1.0, 100000.0, 26, 10.0, 0.3, 0.3, 2.0, 3) [0.1182532811433992 0.0035926567052230562 0.008638099979596081] 3 52962.59605526924s
2022-04-24 11:34:36.604230 (1.0, 100000.0, 28, 10.0, 0.3, 0.302, 2.0, 3) [0.10390125881136418 0.0023951513656282277 0.011968306327208385] 3 23271.181845664978s
2022-04-24 17:55:20.231165 (1.0, 100000.0, 28, 10.0, 0.3, 0.302, 2.0, 3) [0.10507599177422199 0.0024606365335079518 0.011242248592090047] 3 22843.624195098877s
2022-04-25 00:22:45.193928 (1.0, 100000.0, 28, 10.0, 0.3, 0.292, 2.0, 3) [0.11776151210638727 0.0024175687500280303 0.005528416800554627] 3 23240.83489871025s
2022-04-25 06:41:34.941107 (1.0, 100000.0, 28, 10.0, 0.3, 0.292, 2.0, 3) [0.11767366757719662 0.0034506476720503752 0.0055601269089414745] 3 22729.744941711426s
2022-04-25 12:57:51.820955 (1.0, 100000.0, 28, 10.0, 0.3, 0.292, 2.0, 3) [0.11762229110265532 0.0030509911942798377 0.005574381031596428] 3 22576.877210378647s
2022-04-26 03:06:41.684953 (1.0, 100000.0, 26, 10.0, 0.3, 0.292, 2.0, 3) [0.12506914664115296 0.0031540807680306994 0.00606452171071611] 3 159950.8022532463s
2022-04-26 15:52:01.413359 (1.0, 100000.0, 26, 10.0, 0.3, 0.292, 2.0, 3) [0.12852842907107984 0.002509309986249585 0.005067058692239838] 3 45919.69450688362s
