2022-07-09 01:15:18.019743 (1.0, 100000.0, 27, 10.0, 0.3, 0.2945, 2.0, 3) [0.12148961603948319 0.0023579402346784145 0.005736173427496059] 10 19095.38827896118s
2022-07-09 02:08:53.334577 (1.0, 100000.0, 28, 10.0, 0.3, 0.2945, 2.0, 3) [0.11277205595499895 0.004941026615458743 0.007312097022948244] 10 22311.01363325119s
2022-07-09 03:26:19.793944 (1.0, 100000.0, 29, 10.0, 0.3, 0.295, 2.0, 3) [0.11212897710105071 0.002344905872020712 0.006070583365920564] 10 26957.474195718765s
2022-07-09 06:34:57.844204 (1.0, 100000.0, 27, 10.0, 0.3, 0.2945, 2.0, 3) [0.12054524038133374 0.0038795037328110734 0.0060264004457428145] 10 19179.800305604935s
2022-07-09 08:31:14.267260 (1.0, 100000.0, 28, 10.0, 0.3, 0.2945, 2.0, 3) [0.11633918014581764 0.0028724483121248838 0.005993187805148174] 10 22940.917375326157s
2022-07-09 08:40:27.335952 (1.0, 100000.0, 30, 10.0, 0.3, 0.294, 2.0, 3) [0.10963085897361853 0.004055503845849188 0.005628655249797404] 10 45804.67024564743s
2022-07-09 11:01:14.974139 (1.0, 100000.0, 29, 10.0, 0.3, 0.295, 2.0, 3) [0.11058874523906702 0.0025358692730840515 0.006631119500885744] 10 27295.165813446045s
2022-07-09 11:53:41.216148 (1.0, 100000.0, 27, 10.0, 0.3, 0.2945, 2.0, 3) [0.11697842952274946 0.003968199432379753 0.007291531612589925] 10 19123.361057281494s
2022-07-09 14:48:15.526772 (1.0, 100000.0, 28, 10.0, 0.3, 0.2945, 2.0, 3) [0.11529030183631699 0.002768158922401721 0.006353459545331767] 10 22621.23109960556s
2022-07-09 17:07:18.212273 (1.0, 100000.0, 27, 10.0, 0.3, 0.2945, 2.0, 3) [0.1192787882907925 0.0024601725421933493 0.006457444863421891] 10 18816.976972341537s
2022-07-09 18:21:46.720614 (1.0, 100000.0, 29, 10.0, 0.3, 0.295, 2.0, 3) [0.11228528025933081 0.0015735350253525456 0.0060078989396805] 10 26431.724873781204s
2022-07-09 20:53:44.754937 (1.0, 100000.0, 28, 10.0, 0.3, 0.2945, 2.0, 3) [0.11688119645566517 0.0033698582769027766 0.005816111377928339] 10 21929.195969581604s
2022-07-09 22:17:12.367373 (1.0, 100000.0, 27, 10.0, 0.3, 0.2945, 2.0, 3) [0.11816534724721318 0.0031932758679942513 0.006837658572437151] 10 18594.138301372528s
2022-07-10 01:42:59.739638 (1.0, 100000.0, 29, 10.0, 0.3, 0.295, 2.0, 3) [0.11100445783599552 0.0024700541971660445 0.00645782197369703] 10 26473.005610704422s
2022-07-10 02:59:45.085498 (1.0, 100000.0, 28, 10.0, 0.3, 0.2945, 2.0, 3) [0.1158847258477135 0.004000788880732296 0.006142369616607996] 10 21960.306368112564s
2022-07-10 03:31:13.817654 (1.0, 100000.0, 27, 10.0, 0.3, 0.2945, 2.0, 3) [0.12398195476251399 0.006197772317077833 0.005018651333286487] 10 18841.425024032593s
2022-07-10 05:08:19.107397 (1.0, 100000.0, 30, 10.0, 0.3, 0.294, 2.0, 3) [0.11014527582847866 0.0029467976107208026 0.005456501248762719] 10 73671.76583170891s
2022-07-10 08:42:24.446190 (1.0, 100000.0, 27, 10.0, 0.3, 0.2945, 2.0, 3) [0.11776593538011153 0.004689895091797981 0.006993263881241314] 10 18670.625415325165s
2022-07-10 09:02:54.162380 (1.0, 100000.0, 29, 10.0, 0.3, 0.295, 2.0, 3) [0.11349643011644817 0.0037277704778314936 0.005607377137937062] 10 26394.396279335022s
2022-07-10 09:05:15.892390 (1.0, 100000.0, 28, 10.0, 0.3, 0.2945, 2.0, 3) [0.11225962793271477 0.003622690748238987 0.007500163600044489] 10 21930.797149181366s
2022-07-10 13:47:47.113267 (1.0, 100000.0, 27, 10.0, 0.3, 0.2945, 2.0, 3) [0.11891362141663862 0.0025414178606037096 0.0065794844509647265] 10 18322.66437101364s
2022-07-10 15:01:12.814868 (1.0, 100000.0, 28, 10.0, 0.3, 0.2945, 2.0, 3) [0.11273070405764637 0.004129573398407111 0.007317970920926543] 10 21356.91959309578s
2022-07-10 16:18:16.518724 (1.0, 100000.0, 29, 10.0, 0.3, 0.295, 2.0, 3) [0.11090801492141066 0.0024288577238520672 0.006491586770051561] 10 26122.353631019592s
2022-07-10 18:52:06.434765 (1.0, 100000.0, 27, 10.0, 0.3, 0.2945, 2.0, 3) [0.12052539804423713 0.002121217889123551 0.006042460484428794] 10 18259.3186480999s
2022-07-10 20:56:38.002941 (1.0, 100000.0, 28, 10.0, 0.3, 0.2945, 2.0, 3) [0.11084093673196176 0.0028933213797350163 0.008118210824885622] 10 21325.185356616974s
2022-07-10 23:41:05.265543 (1.0, 100000.0, 29, 10.0, 0.3, 0.295, 2.0, 3) [0.10999123120134562 0.0028229413388597413 0.006841817614581623] 10 26568.74380016327s
2022-07-10 23:59:46.609196 (1.0, 100000.0, 27, 10.0, 0.3, 0.2945, 2.0, 3) [0.11768098662544262 0.005164711684852327 0.007028481347291312] 10 18460.171702623367s
2022-07-11 00:33:08.033059 (1.0, 100000.0, 30, 10.0, 0.3, 0.294, 2.0, 3) [0.10611249377648556 0.002091084694765258 0.006932424979007299] 10 69888.92110514641s
2022-07-11 03:02:41.535583 (1.0, 100000.0, 28, 10.0, 0.3, 0.2945, 2.0, 3) [0.11219984713190313 0.0043522046159058135 0.007541485551352946] 10 21963.529495716095s
2022-07-11 05:10:31.076564 (1.0, 100000.0, 27, 10.0, 0.3, 0.2937, 2.0, 3) [0.1200964467988987 0.003424590330876155 0.006171471814521733] 10 18639.14379644394s
2022-07-11 07:14:00.808247 (1.0, 100000.0, 29, 10.0, 0.3, 0.295, 2.0, 3) [0.10921143992523125 0.0033479350248187107 0.007169919685751479] 10 27175.520342350006s
2022-07-11 09:11:32.906070 (1.0, 100000.0, 28, 10.0, 0.3, 0.2945, 2.0, 3) [0.11663864853534374 0.0033559468553591844 0.005882898660795067] 10 22131.35449385643s
2022-07-11 10:21:03.765284 (1.0, 100000.0, 27, 10.0, 0.3, 0.2937, 2.0, 3) [0.12119530128089605 0.0035608262538487432 0.005815206749484741] 10 18632.533213377s
2022-07-11 10:58:04.009309 (1.0, 100000.0, 30, 10.0, 0.3, 0.294, 2.0, 3) [0.10612299858378452 0.004527890392553181 0.006927456639624378] 10 37495.95653963089s
2022-07-11 14:35:56.176976 (1.0, 100000.0, 29, 10.0, 0.3, 0.295, 2.0, 3) [0.11216234697951172 0.0035866190453278045 0.0060581184743750145] 10 26515.366344451904s
2022-07-11 15:15:52.280683 (1.0, 100000.0, 28, 10.0, 0.3, 0.2937, 2.0, 3) [0.11930862805328579 0.0030444204831057316 0.0050787169494497944] 10 21852.898775100708s
2022-07-11 15:21:59.419549 (1.0, 100000.0, 27, 10.0, 0.3, 0.2937, 2.0, 3) [0.11970030851942515 0.003887452301297476 0.0062993004331253185] 10 18055.406323432922s
2022-07-11 20:11:54.512569 (1.0, 100000.0, 30, 10.0, 0.3, 0.294, 2.0, 3) [0.10710984715788241 0.0024740537963134084 0.006531318214296435] 10 33230.500824928284s
2022-07-11 20:24:57.659178 (1.0, 100000.0, 27, 10.0, 0.3, 0.2937, 2.0, 3) [0.12192883626646749 0.004578459600107451 0.005585682599468859] 10 18178.23656630516s
2022-07-11 21:18:12.953933 (1.0, 100000.0, 28, 10.0, 0.3, 0.2937, 2.0, 3) [0.11655676373895017 0.005078963569891075 0.005908082394658842] 10 21740.670690774918s
2022-07-11 21:51:17.472661 (1.0, 100000.0, 29, 10.0, 0.3, 0.295, 2.0, 3) [0.11079843258814247 0.003002370203568993 0.006546657962457442] 10 26121.29282093048s
2022-07-12 01:18:32.770974 (1.0, 100000.0, 27, 10.0, 0.3, 0.2937, 2.0, 3) [0.12017230057145839 0.003016984835090893 0.006151656518167777] 10 17615.108357429504s
2022-07-12 03:12:00.587668 (1.0, 100000.0, 28, 10.0, 0.3, 0.2937, 2.0, 3) [0.1136431469795549 0.003967606805891145 0.006958979255149777] 10 21227.6157746315s
2022-07-12 04:55:58.207885 (1.0, 100000.0, 29, 10.0, 0.3, 0.2948, 2.0, 3) [0.10933543657812915 0.002454283032374259 0.007109362145168007] 10 25475.379708766937s
2022-07-12 06:01:14.911064 (1.0, 100000.0, 30, 10.0, 0.3, 0.294, 2.0, 3) [0.10779372665913832 0.00215294459970619 0.006272156275748548] 10 35360.39579939842s
2022-07-12 06:08:49.778345 (1.0, 100000.0, 27, 10.0, 0.3, 0.2937, 2.0, 3) [0.11783169932501562 0.0031617835708959304 0.006969032490445325] 10 17416.994408369064s
2022-07-12 09:01:49.934200 (1.0, 100000.0, 28, 10.0, 0.3, 0.2937, 2.0, 3) [0.11546234544416209 0.0019981840708383643 0.006290595175983556] 10 20989.343650341034s
2022-07-12 10:59:57.290699 (1.0, 100000.0, 27, 10.0, 0.3, 0.2937, 2.0, 3) [0.11853322669221861 0.002877490062627192 0.00670094899914352] 10 17467.509719133377s
2022-07-12 12:00:09.235037 (1.0, 100000.0, 29, 10.0, 0.3, 0.2948, 2.0, 3) [0.11377307379097112 0.0032606314398216933 0.005531619079040797] 10 25451.024867534637s
2022-07-12 14:51:22.475385 (1.0, 100000.0, 28, 10.0, 0.3, 0.2937, 2.0, 3) [0.11649580488911379 0.0025103478055399516 0.005935807503704792] 10 20972.537219762802s
2022-07-12 15:44:22.969156 (1.0, 100000.0, 30, 10.0, 0.3, 0.294, 2.0, 3) [0.10836924331336857 0.004135400482266139 0.006064356735970336] 10 34988.049168109894s
2022-07-12 15:50:26.069840 (1.0, 100000.0, 27, 10.0, 0.3, 0.2937, 2.0, 3) [0.11819063686034924 0.0034310815178003177 0.006836240759341081] 10 17428.776257038116s
2022-07-12 19:01:20.518915 (1.0, 100000.0, 29, 10.0, 0.3, 0.2948, 2.0, 3) [0.1100681625756467 0.004618463258691446 0.006818363825478681] 10 25271.276982069016s
2022-07-12 20:42:48.475616 (1.0, 100000.0, 28, 10.0, 0.3, 0.2937, 2.0, 3) [0.11786538356654373 0.002640701415295069 0.005510770263978877] 10 21085.986753940582s
2022-07-12 20:44:13.069260 (1.0, 100000.0, 27, 10.0, 0.3, 0.2937, 2.0, 3) [0.1205090090500921 0.002896587100885348 0.00603275467509018] 10 17626.993268728256s
2022-07-13 01:49:11.573816 (1.0, 100000.0, 27, 10.0, 0.3, 0.2937, 2.0, 3) [0.12141971287967858 0.0026541847398092785 0.005751280916775482] 10 18298.49951148033s
2022-07-13 02:14:10.798449 (1.0, 100000.0, 29, 10.0, 0.3, 0.2948, 2.0, 3) [0.10977433761888214 0.004587202282947697 0.006931983703029506] 10 25970.24690389633s
2022-07-13 02:43:00.081806 (1.0, 100000.0, 28, 10.0, 0.3, 0.2937, 2.0, 3) [0.11815820584821041 0.0036271182877283038 0.005421541156752087] 10 21611.59669137001s
2022-07-13 06:49:49.190536 (1.0, 100000.0, 27, 10.0, 0.3, 0.2948, 2.0, 3) [0.12108733535022209 0.001876809015366261 0.005865343305633757] 10 18022.66940689087s
2022-07-13 08:41:35.583907 (1.0, 100000.0, 28, 10.0, 0.3, 0.2937, 2.0, 3) [0.11462271261586585 0.003532174013385086 0.006596512658984363] 10 21515.499146461487s
2022-07-13 09:26:22.183664 (1.0, 100000.0, 29, 10.0, 0.3, 0.2948, 2.0, 3) [0.11242570137476855 0.0021663063907920587 0.005964134153674894] 10 25931.382152080536s
2022-07-13 11:53:04.997246 (1.0, 100000.0, 27, 10.0, 0.3, 0.2948, 2.0, 3) [0.11936272143853671 0.00199437861749347 0.006418233744066003] 10 18195.794628620148s
2022-07-13 14:42:09.111655 (1.0, 100000.0, 28, 10.0, 0.3, 0.2937, 2.0, 3) [0.11598168639498622 0.0027802084805312556 0.006110502838326993] 10 21633.517882823944s
2022-07-13 16:37:31.117499 (1.0, 100000.0, 29, 10.0, 0.3, 0.2948, 2.0, 3) [0.10887801669466594 0.0024779344954860816 0.007312270158583756] 10 25868.91645550728s
2022-07-13 17:02:28.782147 (1.0, 100000.0, 27, 10.0, 0.3, 0.2948, 2.0, 3) [0.1173484976779462 0.004146554763345903 0.007137291833274683] 10 18563.762273788452s
2022-07-13 20:41:56.801685 (1.0, 100000.0, 28, 10.0, 0.3, 0.2937, 2.0, 3) [0.11394991559204966 0.003215616879661992 0.00684607546307434] 10 21587.67018008232s
2022-07-13 22:10:57.932437 (1.0, 100000.0, 27, 10.0, 0.3, 0.2948, 2.0, 3) [0.1187562951007672 0.002392224472572575 0.006622208835028357] 10 18509.136711359024s
2022-07-13 23:51:59.322857 (1.0, 100000.0, 29, 10.0, 0.3, 0.2948, 2.0, 3) [0.1092468848443762 0.004555244475743551 0.007153533852868496] 10 26068.185893058777s
2022-07-14 02:37:01.798635 (1.0, 100000.0, 30, 10.0, 0.3, 0.294, 2.0, 3) [0.1064669606987591 0.00286832840034089 0.006783253159878821] 10 125558.81901502609s
2022-07-14 02:47:25.194663 (1.0, 100000.0, 28, 10.0, 0.3, 0.295, 2.0, 3) [0.11362284472027845 0.0038426842168432693 0.006970366987390737] 10 21921.737135648727s
2022-07-14 03:19:06.719324 (1.0, 100000.0, 27, 10.0, 0.3, 0.2948, 2.0, 3) [0.1181294196911821 0.0029342860885498887 0.006864888228054119] 10 18488.770749807358s
2022-07-14 07:07:37.197588 (1.0, 100000.0, 29, 10.0, 0.3, 0.2948, 2.0, 3) [0.10956067727687831 0.0030440289288110336 0.007026636826317291] 10 26137.859993219376s
2022-07-14 08:25:57.490121 (1.0, 100000.0, 27, 10.0, 0.3, 0.2948, 2.0, 3) [0.11811016423859715 0.0025927721575995633 0.006856316251410449] 10 18410.748247385025s
2022-07-14 08:52:23.896119 (1.0, 100000.0, 28, 10.0, 0.3, 0.295, 2.0, 3) [0.11393692151113717 0.0036272750891047684 0.006855095265492698] 10 21898.67293524742s
2022-07-14 13:32:11.820664 (1.0, 100000.0, 27, 10.0, 0.3, 0.2948, 2.0, 3) [0.11940248732331202 0.0037062431037873144 0.006406307851633892] 10 18374.32695531845s
2022-07-14 14:21:51.101147 (1.0, 100000.0, 29, 10.0, 0.3, 0.2948, 2.0, 3) [0.11288119025164288 0.0033216979619090873 0.005808718519384102] 10 26053.88244509697s
2022-07-14 14:57:21.802678 (1.0, 100000.0, 28, 10.0, 0.3, 0.295, 2.0, 3) [0.11357383875557123 0.0022937705094984145 0.006982835567861226] 10 21897.899067640305s
2022-07-14 18:32:49.429125 (1.0, 100000.0, 27, 10.0, 0.3, 0.2948, 2.0, 3) [0.11758276273338654 0.0031246941896890226 0.007058274050387329] 10 18037.58724474907s
2022-07-14 20:52:29.674164 (1.0, 100000.0, 28, 10.0, 0.3, 0.295, 2.0, 3) [0.11618201818900759 0.002391720941997086 0.006048994409589956] 10 21307.850281476974s
2022-07-14 21:24:32.845204 (1.0, 100000.0, 29, 10.0, 0.3, 0.2948, 2.0, 3) [0.11345197451322979 0.0037889924366839908 0.005611265502411792] 10 25361.74132657051s
2022-07-14 23:31:56.630170 (1.0, 100000.0, 27, 10.0, 0.3, 0.2948, 2.0, 3) [0.1174111714390673 0.0023358569528698246 0.007128537902195563] 10 17947.182627916336s
2022-07-15 02:49:22.351710 (1.0, 100000.0, 28, 10.0, 0.3, 0.295, 2.0, 3) [0.11336798213352384 0.004932604523644494 0.007078038869584899] 10 21412.674660921097s
2022-07-15 04:30:29.825358 (1.0, 100000.0, 29, 10.0, 0.3, 0.294, 2.0, 3) [0.11087761750056783 0.001985561814902288 0.006516595116979306] 10 25546.27628302574s
2022-07-15 04:33:23.373665 (1.0, 100000.0, 27, 10.0, 0.3, 0.2948, 2.0, 3) [0.11567963236447268 0.0028136955067254933 0.00782054271657601] 10 18086.739944934845s
2022-07-15 08:43:00.964466 (1.0, 100000.0, 28, 10.0, 0.3, 0.295, 2.0, 3) [0.11440583687967025 0.005583495220780286 0.006661533673825031] 10 21218.588308811188s
2022-07-15 09:34:14.507056 (1.0, 100000.0, 27, 10.0, 0.3, 0.295, 2.0, 3) [0.11496519052707545 0.0037654472254608747 0.008107290650784145] 10 18045.000804662704s
2022-07-15 11:35:53.655638 (1.0, 100000.0, 29, 10.0, 0.3, 0.294, 2.0, 3) [0.10935784862569325 0.00289801574180952 0.0071033411014472395] 10 25523.816779613495s
2022-07-15 14:21:31.775565 (1.0, 100000.0, 27, 10.0, 0.3, 0.295, 2.0, 3) [0.12083033431488664 0.004010634649009941 0.005941319825385314] 10 17237.266491889954s
2022-07-15 14:29:05.415856 (1.0, 100000.0, 28, 10.0, 0.3, 0.295, 2.0, 3) [0.11574659967966477 0.0048316382815853836 0.006194974898213623] 10 20764.423220157623s
2022-07-15 17:57:52.663922 (1.0, 100000.0, 30, 10.0, 0.3, 0.294, 2.0, 3) [0.1055150368353466 0.003281369262658091 0.0071842036325627376] 10 141650.84208464622s
2022-07-15 18:33:22.393056 (1.0, 100000.0, 29, 10.0, 0.3, 0.294, 2.0, 3) [0.11479833054082647 0.004514968733212918 0.005196332664093439] 10 25048.73450112343s
2022-07-15 19:16:57.060680 (1.0, 100000.0, 27, 10.0, 0.3, 0.295, 2.0, 3) [0.11523521538661594 0.0051856347020311395 0.00799769532398384] 10 17725.281515598297s
2022-07-15 20:19:03.966421 (1.0, 100000.0, 28, 10.0, 0.3, 0.295, 2.0, 3) [0.11262591198783628 0.0028927962789120705 0.007355035319933433] 10 20998.54759812355s
2022-07-16 01:02:29.588618 (1.0, 100000.0, 27, 10.0, 0.3, 0.295, 2.0, 3) [0.11897623676400226 0.002859748601320972 0.0065550690803535165] 10 20732.525606393814s
2022-07-16 02:21:35.103536 (1.0, 100000.0, 29, 10.0, 0.3, 0.294, 2.0, 3) [0.1124787797258466 0.003933786346470192 0.005936008367115512] 10 28092.707807779312s
2022-07-16 02:48:55.763103 (1.0, 100000.0, 28, 10.0, 0.3, 0.295, 2.0, 3) [0.11423765531291738 0.0025492167560224777 0.006731198197235747] 10 23391.79433822632s
2022-07-16 05:50:44.932094 (1.0, 100000.0, 27, 10.0, 0.3, 0.295, 2.0, 3) [0.11899699872109311 0.0038103758909745623 0.006556901217736162] 10 17295.340067386627s
2022-07-16 08:20:09.703910 (1.0, 100000.0, 28, 10.0, 0.3, 0.295, 2.0, 3) [0.10978882149910364 0.0042453604903042695 0.008602298471057675] 10 19873.93744468689s
2022-07-16 09:10:32.824924 (1.0, 100000.0, 29, 10.0, 0.3, 0.294, 2.0, 3) [0.11196044925408202 0.004030674321004269 0.006117680878049573] 10 24537.7185652256s
2022-07-16 10:31:17.370621 (1.0, 100000.0, 27, 10.0, 0.3, 0.295, 2.0, 3) [0.11530471587482993 0.004121167047681419 0.007979847443173196] 10 16832.435453891754s
2022-07-16 13:54:18.212689 (1.0, 100000.0, 28, 10.0, 0.3, 0.2948, 2.0, 3) [0.11210480153429726 0.0027014324655866284 0.007569293072740252] 10 20027.005974531174s
2022-07-16 15:11:20.288235 (1.0, 100000.0, 27, 10.0, 0.3, 0.295, 2.0, 3) [0.12052345142308504 0.004013795417560772 0.00603924251673561] 10 16802.914595365524s
2022-07-16 15:59:10.506275 (1.0, 100000.0, 29, 10.0, 0.3, 0.294, 2.0, 3) [0.11166808085532869 0.0036955379779243206 0.006211253897744448] 10 24517.67834496498s
2022-07-16 19:29:00.436275 (1.0, 100000.0, 28, 10.0, 0.3, 0.2948, 2.0, 3) [0.11414538163351294 0.004899628784545097 0.0067600506172938715] 10 20082.221027612686s
2022-07-16 20:01:37.345808 (1.0, 100000.0, 27, 10.0, 0.3, 0.295, 2.0, 3) [0.12052684274741789 0.0035803316500038003 0.0060448869124321535] 10 17417.054698705673s
2022-07-16 22:50:44.550956 (1.0, 100000.0, 29, 10.0, 0.3, 0.294, 2.0, 3) [0.114188281587326 0.003248020623234738 0.005380168072630218] 10 24694.04124069214s
2022-07-17 00:00:16.904553 (1.0, 100000.0, 30, 10.0, 0.3, 0.294, 2.0, 3) [0.11061969371900397 0.005748081329071018 0.005308414838340521] 10 108144.23002409935s
2022-07-17 00:44:36.254249 (1.0, 100000.0, 27, 10.0, 0.3, 0.295, 2.0, 3) [0.1179885478546682 0.004339695393292589 0.00690237461801994] 10 16978.905625343323s
2022-07-17 01:07:11.440157 (1.0, 100000.0, 28, 10.0, 0.3, 0.2948, 2.0, 3) [0.11261873757265473 0.0039995547924104695 0.007362827999507606] 10 20291.000556468964s
2022-07-17 05:26:26.469112 (1.0, 100000.0, 27, 10.0, 0.3, 0.295, 2.0, 3) [0.11910207764522772 0.002674562159352969 0.006513486056889681] 10 16910.212079286575s
2022-07-17 05:41:38.472777 (1.0, 100000.0, 29, 10.0, 0.3, 0.294, 2.0, 3) [0.11290803573591476 0.0049107340602468985 0.005785551639977483] 10 24653.918959379196s
2022-07-17 06:42:33.340042 (1.0, 100000.0, 28, 10.0, 0.3, 0.2948, 2.0, 3) [0.11365415053147673 0.0027882964697978946 0.006962171033393358] 10 20121.897050857544s
2022-07-17 10:11:10.173798 (1.0, 100000.0, 27, 10.0, 0.3, 0.294, 2.0, 3) [0.12070919150488435 0.0020687946638874408 0.005983463167164329] 10 17079.2434694767s
2022-07-17 12:16:42.868485 (1.0, 100000.0, 28, 10.0, 0.3, 0.2948, 2.0, 3) [0.11740190331287528 0.0040147565496680805 0.005652840846364249] 10 20049.525365114212s
2022-07-17 12:31:09.749440 (1.0, 100000.0, 29, 10.0, 0.3, 0.294, 2.0, 3) [0.10996930845096674 0.00247797742256848 0.006845393828507782] 10 24571.273601531982s
2022-07-17 14:54:03.773346 (1.0, 100000.0, 27, 10.0, 0.3, 0.294, 2.0, 3) [0.12126472629150903 0.005005018632664289 0.005808489105132969] 10 16973.578221797943s
2022-07-17 17:50:50.589185 (1.0, 100000.0, 28, 10.0, 0.3, 0.2948, 2.0, 3) [0.11170720470652966 0.004399354014395173 0.007755311636073946] 10 20047.717957019806s
2022-07-17 19:20:37.508897 (1.0, 100000.0, 29, 10.0, 0.3, 0.294, 2.0, 3) [0.11289539375066512 0.0032343557630170527 0.005806450818688209] 10 24567.75665831566s
2022-07-17 19:35:25.719516 (1.0, 100000.0, 27, 10.0, 0.3, 0.294, 2.0, 3) [0.1186954031341344 0.0039056629012111043 0.006654990440976073] 10 16881.94333267212s
2022-07-17 22:04:29.595607 (1.0, 100000.0, 30, 10.0, 0.3, 0.295, 2.0, 3) [0.106122963345394 0.0027414264467290083 0.006942015424421541] 10 79403.59174108505s
2022-07-17 23:23:39.916310 (1.0, 100000.0, 28, 10.0, 0.3, 0.2948, 2.0, 3) [0.11833444618453545 0.004028235287937252 0.005376329301636036] 10 19969.32429432869s
2022-07-18 00:16:55.534507 (1.0, 100000.0, 27, 10.0, 0.3, 0.294, 2.0, 3) [0.12141818341403234 0.006209422497639674 0.005761863343798754] 10 16889.811970472336s
2022-07-18 02:08:01.674858 (1.0, 100000.0, 29, 10.0, 0.3, 0.2937, 2.0, 3) [0.11221376462538823 0.0035128191596162203 0.006023035456173205] 10 24437.433532476425s
2022-07-18 04:56:26.278331 (1.0, 100000.0, 28, 10.0, 0.3, 0.2948, 2.0, 3) [0.11538615753767899 0.002498673986837318 0.006329888577759853] 10 19966.35915708542s
2022-07-18 04:59:32.685666 (1.0, 100000.0, 27, 10.0, 0.3, 0.294, 2.0, 3) [0.11649841197979281 0.0038891076503805274 0.007478025874303034] 10 16957.14807367325s
2022-07-18 07:18:33.372376 (1.0, 100000.0, 30, 10.0, 0.3, 0.295, 2.0, 3) [0.1046393433849627 0.0036797482217781055 0.007567386778858142] 10 33243.7715382576s
2022-07-18 08:57:56.627316 (1.0, 100000.0, 29, 10.0, 0.3, 0.2937, 2.0, 3) [0.11137776085078735 0.0020615445553342523 0.006327146791293737] 10 24594.949843883514s
2022-07-18 09:41:16.233515 (1.0, 100000.0, 27, 10.0, 0.3, 0.294, 2.0, 3) [0.11766996457815346 0.0033258537573310227 0.007016490428069106] 10 16903.544521808624s
2022-07-18 10:30:03.591344 (1.0, 100000.0, 28, 10.0, 0.3, 0.2948, 2.0, 3) [0.1162214803500934 0.0031359375596679883 0.006045493535929448] 10 20017.309643507004s
2022-07-18 14:18:44.121377 (1.0, 100000.0, 27, 10.0, 0.3, 0.294, 2.0, 3) [0.11812257387730662 0.00407353624403183 0.006854413209087264] 10 16647.884765625s
2022-07-18 15:45:13.284235 (1.0, 100000.0, 29, 10.0, 0.3, 0.2937, 2.0, 3) [0.11156371555837877 0.0029817083635605445 0.006255033737900678] 10 24436.653921604156s
2022-07-18 16:03:49.206853 (1.0, 100000.0, 28, 10.0, 0.3, 0.2948, 2.0, 3) [0.11496640524694994 0.0027823371786970374 0.006469589921088155] 10 20025.612241744995s
2022-07-18 16:23:14.361097 (1.0, 100000.0, 30, 10.0, 0.3, 0.295, 2.0, 3) [0.10572273244288294 0.00268968304195748 0.007107074955087068] 10 32680.965680360794s
2022-07-18 18:56:36.217460 (1.0, 100000.0, 27, 10.0, 0.3, 0.294, 2.0, 3) [0.1214219288194472 0.005414517841048138 0.00574924589961942] 10 16672.09288930893s
2022-07-18 21:42:07.104912 (1.0, 100000.0, 28, 10.0, 0.3, 0.294, 2.0, 3) [0.11718456930955083 0.002831390394329795 0.005714090568195164] 10 20294.22441649437s
2022-07-18 22:34:09.946820 (1.0, 100000.0, 29, 10.0, 0.3, 0.2937, 2.0, 3) [0.1134560548534311 0.0022963369185483736 0.005611310294950266] 10 24536.659914255142s
2022-07-18 23:37:47.485084 (1.0, 100000.0, 27, 10.0, 0.3, 0.294, 2.0, 3) [0.12139191230074226 0.003932196699286628 0.005772311128150619] 10 16871.26403403282s
2022-07-19 01:21:24.557534 (1.0, 100000.0, 30, 10.0, 0.3, 0.295, 2.0, 3) [0.10731939683042571 0.003269749659114831 0.0064533518649829555] 10 32290.192771673203s
2022-07-19 03:19:40.979640 (1.0, 100000.0, 28, 10.0, 0.3, 0.294, 2.0, 3) [0.11694223397995743 0.002657953694702368 0.005792517563681913] 10 20253.872123241425s
2022-07-19 04:17:21.372659 (1.0, 100000.0, 27, 10.0, 0.3, 0.294, 2.0, 3) [0.11980559673734642 0.002667129724480515 0.006272225728348579] 10 16773.884800434113s
2022-07-19 05:20:55.376267 (1.0, 100000.0, 29, 10.0, 0.3, 0.2937, 2.0, 3) [0.11279566145767167 0.0030735376858946877 0.005838210093748773] 10 24405.425396680832s
2022-07-19 08:54:57.042447 (1.0, 100000.0, 28, 10.0, 0.3, 0.294, 2.0, 3) [0.1171867004258181 0.004068460521199036 0.005719549968336617] 10 20116.059951543808s
2022-07-19 10:15:41.079144 (1.0, 100000.0, 30, 10.0, 0.3, 0.295, 2.0, 3) [0.10348278140549758 0.004181969014282848 0.008103379901162194] 10 32056.518480300903s
2022-07-19 12:02:26.594709 (1.0, 100000.0, 29, 10.0, 0.3, 0.2937, 2.0, 3) [0.10917061678072965 0.0034656655477058058 0.007176736356024752] 10 24091.21555018425s
2022-07-19 14:21:39.668742 (1.0, 100000.0, 28, 10.0, 0.3, 0.294, 2.0, 3) [0.11518979926189273 0.002775028855083173 0.006382030638370633] 10 19602.623705863953s
2022-07-19 18:39:12.701623 (1.0, 100000.0, 29, 10.0, 0.3, 0.2937, 2.0, 3) [0.11301700189953465 0.0019128971501765639 0.0057550979367596376] 10 23806.084316968918s
2022-07-19 19:48:12.058441 (1.0, 100000.0, 28, 10.0, 0.3, 0.294, 2.0, 3) [0.11563695648912221 0.0024466106948602072 0.006215308020994945] 10 19592.38595366478s
2022-07-19 19:55:19.989277 (1.0, 100000.0, 30, 10.0, 0.3, 0.295, 2.0, 3) [0.11088431773978125 0.004280159130369874 0.0052360692166262875] 10 34778.90710520744s
2022-07-20 01:10:46.936821 (1.0, 100000.0, 28, 10.0, 0.3, 0.294, 2.0, 3) [0.1159620193482107 0.0027406410402560813 0.006107529762881795] 10 19354.875826120377s
2022-07-20 01:11:21.439143 (1.0, 100000.0, 29, 10.0, 0.3, 0.2937, 2.0, 3) [0.11174622797903494 0.0033640382296291882 0.006183270944450116] 10 23528.72158741951s
2022-07-20 05:19:21.444358 (1.0, 100000.0, 30, 10.0, 0.3, 0.295, 2.0, 3) [0.10801310011552173 0.003030299546248218 0.0061951792222719945] 10 33841.45222568512s
2022-07-20 06:39:06.521679 (1.0, 100000.0, 28, 10.0, 0.3, 0.294, 2.0, 3) [0.11824219630750359 0.004260924406262034 0.005386170420804144] 10 19699.582046031952s
2022-07-20 07:44:31.336280 (1.0, 100000.0, 29, 10.0, 0.3, 0.2937, 2.0, 3) [0.11220181817390705 0.004237927895172912 0.006039879300510685] 10 23589.894156455994s
2022-07-20 11:59:21.008426 (1.0, 100000.0, 28, 10.0, 0.3, 0.294, 2.0, 3) [0.11392822523528676 0.004985570418536687 0.006841129584600464] 10 19214.468946695328s
2022-07-20 14:18:35.232851 (1.0, 100000.0, 29, 10.0, 0.3, 0.2937, 2.0, 3) [0.10927919807705916 0.0017188515789491768 0.007134944060451835] 10 23643.87185025215s
2022-07-20 15:09:35.649292 (1.0, 100000.0, 30, 10.0, 0.3, 0.295, 2.0, 3) [0.1035119958152514 0.0022737748668411493 0.008099577612276341] 10 35414.184413433075s
2022-07-20 17:24:14.749850 (1.0, 100000.0, 28, 10.0, 0.3, 0.294, 2.0, 3) [0.1157979185310619 0.0028143581097603643 0.006166219899657518] 10 19493.722071409225s
2022-07-20 20:49:42.510406 (1.0, 100000.0, 29, 10.0, 0.3, 0.2945, 2.0, 3) [0.11069476396211207 0.0026966813377532453 0.006589706241533652] 10 23461.604870319366s
2022-07-20 22:43:02.316646 (1.0, 100000.0, 28, 10.0, 0.3, 0.294, 2.0, 3) [0.11728492348958498 0.0023104125074081094 0.005686463950954244] 10 19127.543721675873s
2022-07-21 03:11:07.734617 (1.0, 100000.0, 29, 10.0, 0.3, 0.2945, 2.0, 3) [0.11378819052359117 0.003877790343770371 0.00550794390698873] 10 22885.192910671234s
2022-07-21 03:40:29.072428 (1.0, 100000.0, 30, 10.0, 0.3, 0.295, 2.0, 3) [0.10854245255310903 0.0040958375569921605 0.006008187276369411] 10 45053.39878940582s
2022-07-21 09:27:12.308662 (1.0, 100000.0, 29, 10.0, 0.3, 0.2945, 2.0, 3) [0.10902564317305899 0.005152935079726406 0.0072524942488079395] 10 22564.55664038658s
2022-07-21 15:47:19.995056 (1.0, 100000.0, 29, 10.0, 0.3, 0.2945, 2.0, 3) [0.10899428321677306 0.005993649875184203 0.007250965976582158] 10 22807.68382501602s
2022-07-21 22:17:36.251889 (1.0, 100000.0, 29, 10.0, 0.3, 0.2945, 2.0, 3) [0.11084229742827754 0.0034962859350605425 0.006523199507107633] 10 23416.23521399498s
2022-07-22 05:11:06.555658 (1.0, 100000.0, 29, 10.0, 0.3, 0.2945, 2.0, 3) [0.11350621665459791 0.0020098646439501064 0.00562486562453396] 10 24810.276524543762s
2022-07-22 11:24:30.876436 (1.0, 100000.0, 29, 10.0, 0.3, 0.2945, 2.0, 3) [0.11240689629392348 0.00292912417772063 0.005966435861304418] 10 22404.307074785233s
