2022-07-07 22:32:26.646194 (1.0, 100000.0, 28, 10.0, 0.3, 0.291, 2.0, 3) [0.11711689955198536 0.0041903358894420885 0.005739326761911858] 10 17371.8598818779s
2022-07-07 23:31:02.107598 (1.0, 100000.0, 29, 10.0, 0.3, 0.291, 2.0, 3) [0.11500353981529561 0.0030934953598543663 0.005131503690129973] 10 20887.245322465897s
2022-07-08 00:51:51.582590 (1.0, 100000.0, 30, 10.0, 0.3, 0.292, 2.0, 3) [0.109920706083301 0.0024100179006041832 0.005520137244511619] 10 25736.756159067154s
2022-07-08 03:22:41.671552 (1.0, 100000.0, 28, 10.0, 0.3, 0.291, 2.0, 3) [0.12116994854732575 0.0029667969039538383 0.004579304099097732] 10 17415.02256321907s
2022-07-08 05:22:30.828725 (1.0, 100000.0, 29, 10.0, 0.3, 0.291, 2.0, 3) [0.1149598140537365 0.003104995222473349 0.005136583012816236] 10 21088.718505859375s
2022-07-08 07:44:45.513028 (1.0, 100000.0, 30, 10.0, 0.3, 0.292, 2.0, 3) [0.11413699491832656 0.0030498268386824666 0.004305327038229863] 10 24773.91561794281s
2022-07-08 08:14:26.369061 (1.0, 100000.0, 28, 10.0, 0.3, 0.291, 2.0, 3) [0.12339319388959225 0.0017582383093286192 0.004054804830366773] 10 17504.675652503967s
2022-07-08 11:10:04.046293 (1.0, 100000.0, 29, 10.0, 0.3, 0.291, 2.0, 3) [0.11287380382616852 0.003525806025555778 0.005795962904652373] 10 20853.213782548904s
2022-07-08 12:57:04.051484 (1.0, 100000.0, 28, 10.0, 0.3, 0.291, 2.0, 3) [0.11965162368847977 0.0027678044329836776 0.004971453549563138] 10 16957.67958664894s
2022-07-08 14:26:54.661861 (1.0, 100000.0, 30, 10.0, 0.3, 0.292, 2.0, 3) [0.10988586149195494 0.0024556472795620827 0.0055423102552863805] 10 24129.14256978035s
2022-07-08 16:49:05.852539 (1.0, 100000.0, 29, 10.0, 0.3, 0.291, 2.0, 3) [0.11854923390690471 0.002636848227292835 0.004178503903648097] 10 20341.794623613358s
2022-07-08 17:37:15.711084 (1.0, 100000.0, 28, 10.0, 0.3, 0.291, 2.0, 3) [0.11896488022514648 0.003269108695830615 0.005179299511458495] 10 16811.64800286293s
