2022-07-20 14:41:08.145374 (1.0, 100000.0, 20, 10.0, 0.3, 0.29, 2.0, 3) [0.165633926852637 0.0035267810740112746 0.005384122246609598] 15 3341.006923675537s
2022-07-20 14:41:44.362441 (1.0, 100000.0, 18, 10.0, 0.3, 0.29, 2.0, 3) [0.18548876689697094 0.005475237799860784 0.005109694222356288] 15 3377.139907360077s
2022-07-20 15:02:54.471760 (1.0, 100000.0, 19, 10.0, 0.3, 0.29, 2.0, 3) [0.1793357968167603 0.0035998067241092358 0.004463001053115457] 15 4647.279589176178s
2022-07-20 15:19:42.323397 (1.0, 100000.0, 21, 10.0, 0.3, 0.29, 2.0, 3) [0.16311405817037034 0.0035067567548734955 0.004297628683129171] 15 5655.192761421204s
2022-07-20 15:22:22.665949 (1.0, 100000.0, 22, 10.0, 0.3, 0.289, 2.0, 3) [0.15170015982529853 0.0042025187049061444 0.00512030402925441] 15 5815.515267372131s
2022-07-20 15:36:08.727870 (1.0, 100000.0, 20, 10.0, 0.3, 0.29, 2.0, 3) [0.16980044232760097 0.00551180239575832 0.004570242092048856] 15 3300.565980911255s
2022-07-20 15:37:30.655359 (1.0, 100000.0, 18, 10.0, 0.3, 0.29, 2.0, 3) [0.18463610020695032 0.004600205439390562 0.005265315425958054] 15 3346.2907264232635s
2022-07-20 16:13:11.070846 (1.0, 100000.0, 23, 10.0, 0.3, 0.29, 2.0, 3) [0.14621120309790644 0.002480149328575272 0.004850168786234843] 15 8863.919774532318s
2022-07-20 16:18:08.323211 (1.0, 100000.0, 19, 10.0, 0.3, 0.29, 2.0, 3) [0.17728544520277065 0.005909693333519684 0.0048221728715108336] 15 4513.836946964264s
2022-07-20 16:30:53.486020 (1.0, 100000.0, 20, 10.0, 0.3, 0.29, 2.0, 3) [0.16679672252718364 0.004173096470036822 0.005136162521575302] 15 3284.7550983428955s
2022-07-20 16:33:19.481038 (1.0, 100000.0, 18, 10.0, 0.3, 0.29, 2.0, 3) [0.18614457878818477 0.0032493633272784837 0.0050010967585198155] 15 3348.8231670856476s
2022-07-20 16:52:35.669602 (1.0, 100000.0, 21, 10.0, 0.3, 0.29, 2.0, 3) [0.15955739507460134 0.003551532978886493 0.004987899482807675] 15 5573.3340582847595s
2022-07-20 16:58:57.236597 (1.0, 100000.0, 22, 10.0, 0.3, 0.289, 2.0, 3) [0.1538409788584053 0.0024582299891575416 0.004662305309048105] 15 5794.56858420372s
2022-07-20 17:02:13.486362 (1.0, 100000.0, 25, 10.0, 0.3, 0.29, 2.0, 3) [0.13159515800868307 0.0029211664284141572 0.0056158336352379705] 10 11685.198364257812s
2022-07-20 17:25:53.076264 (1.0, 100000.0, 20, 10.0, 0.3, 0.29, 2.0, 3) [0.16735431701059073 0.004107478682284536 0.005015219215745913] 15 3299.5872008800507s
2022-07-20 17:29:08.500589 (1.0, 100000.0, 18, 10.0, 0.3, 0.29, 2.0, 3) [0.18376874552633632 0.002038114439040078 0.005438073469335103] 15 3349.0170888900757s
2022-07-20 17:33:17.740516 (1.0, 100000.0, 19, 10.0, 0.3, 0.29, 2.0, 3) [0.17989114804032927 0.00593033479966625 0.0043689220618549135] 15 4509.415113687515s
2022-07-20 17:48:55.231351 (1.0, 100000.0, 25, 10.0, 0.3, 0.288, 2.0, 3) [0.1386255296967581 0.0041650117886834395 0.003956517631848118] 15 14607.790360927582s
2022-07-20 17:52:16.891372 (1.0, 100000.0, 28, 10.0, 0.3, 0.288, 2.0, 3) [0.12367994647475862 0.0028370513041395813 0.003968663430258205] 10 14688.800201654434s
2022-07-20 18:02:48.750057 (1.0, 100000.0, 26, 10.0, 0.3, 0.288, 2.0, 3) [0.13297672190520235 0.002402432140057627 0.004023741075192916] 15 15441.289144039154s
2022-07-20 18:20:52.312401 (1.0, 100000.0, 20, 10.0, 0.3, 0.29, 2.0, 3) [0.1626135287215454 0.007442949818310249 0.0060609769638990535] 15 3299.217302799225s
2022-07-20 18:24:17.460148 (1.0, 100000.0, 21, 10.0, 0.3, 0.29, 2.0, 3) [0.15540379463948728 0.0038533139305205284 0.005914530827486437] 15 5501.776154518127s
2022-07-20 18:24:57.014284 (1.0, 100000.0, 18, 10.0, 0.3, 0.29, 2.0, 3) [0.1854775084667759 0.0036842634058522556 0.00510961068809832] 15 3348.5113475322723s
2022-07-20 18:36:30.837914 (1.0, 100000.0, 23, 10.0, 0.3, 0.29, 2.0, 3) [0.14318115222144356 0.0071114527968309344 0.005575053723716236] 15 8599.758199214935s
2022-07-20 18:36:43.291896 (1.0, 100000.0, 22, 10.0, 0.3, 0.289, 2.0, 3) [0.15644727220180457 0.0025650977034968776 0.004160982381777307] 15 5866.051144599915s
2022-07-20 18:48:20.822217 (1.0, 100000.0, 19, 10.0, 0.3, 0.29, 2.0, 3) [0.17985211795162986 0.00465324753720488 0.004389029977874219] 15 4503.079498529434s
2022-07-20 19:02:05.468503 (1.0, 100000.0, 27, 10.0, 0.3, 0.29, 2.0, 3) [0.12566437031782965 0.0036242608725733996 0.004567823803061871] 15 18998.100519418716s
2022-07-20 19:15:41.421303 (1.0, 100000.0, 20, 10.0, 0.3, 0.29, 2.0, 3) [0.16443589530414432 0.0029426814515026985 0.005647296372713636] 15 3289.0960619449615s
2022-07-20 19:20:48.079025 (1.0, 100000.0, 18, 10.0, 0.3, 0.29, 2.0, 3) [0.18537840402368777 0.004006918446844169 0.005132075282100691] 15 3351.0622205734253s
2022-07-20 19:58:35.727669 (1.0, 100000.0, 21, 10.0, 0.3, 0.29, 2.0, 3) [0.1613481105201165 0.003263601745891276 0.00462974856675912] 15 5658.262007713318s
2022-07-20 20:03:40.689509 (1.0, 100000.0, 19, 10.0, 0.3, 0.29, 2.0, 3) [0.17845356409025595 0.003366666389135729 0.004612718676013245] 15 4519.864873886108s
2022-07-20 20:10:55.494823 (1.0, 100000.0, 20, 10.0, 0.3, 0.29, 2.0, 3) [0.1656777127821315 0.0064462095760814886 0.005373874515084687] 15 3314.0701127052307s
2022-07-20 20:13:06.236324 (1.0, 100000.0, 22, 10.0, 0.3, 0.289, 2.0, 3) [0.15235979748526715 0.003796712110364837 0.004963999226225827] 15 5782.941734075546s
2022-07-20 20:16:38.866555 (1.0, 100000.0, 18, 10.0, 0.3, 0.29, 2.0, 3) [0.18501179639203114 0.002810643806172608 0.005193616447892665] 15 3350.784998178482s
2022-07-20 20:23:00.187260 (1.0, 100000.0, 25, 10.0, 0.3, 0.29, 2.0, 3) [0.1361547168602631 0.005259078064571438 0.004496496453425579] 10 12046.697892904282s
2022-07-20 20:58:38.689916 (1.0, 100000.0, 23, 10.0, 0.3, 0.29, 2.0, 3) [0.14347569819701547 0.0032302291839457096 0.0054999351414666805] 15 8527.847774505615s
2022-07-20 21:06:08.054916 (1.0, 100000.0, 20, 10.0, 0.3, 0.29, 2.0, 3) [0.1649452237687572 0.0031489521945712844 0.005526483836542933] 15 3312.557572364807s
2022-07-20 21:12:28.973610 (1.0, 100000.0, 18, 10.0, 0.3, 0.29, 2.0, 3) [0.19017090564308747 0.004719544010039591 0.004328560008079138] 15 3350.10475230217s
2022-07-20 21:19:06.956313 (1.0, 100000.0, 19, 10.0, 0.3, 0.29, 2.0, 3) [0.1773020418428499 0.003925557931473028 0.004810716130998171] 15 4526.264438867569s
2022-07-20 21:22:25.688164 (1.0, 100000.0, 29, 10.0, 0.3, 0.287, 2.0, 3) [0.12094868183684716 0.0038114853736547594 0.003633810734607679] 15 27404.96474647522s
2022-07-20 21:25:51.085997 (1.0, 100000.0, 29, 10.0, 0.3, 0.288, 2.0, 3) [0.12147044565681515 0.0021633174535831594 0.003531549050975884] 10 27567.67382144928s
2022-07-20 21:34:17.795614 (1.0, 100000.0, 27, 10.0, 0.3, 0.29, 2.0, 3) [0.12507966176293395 0.003110517901369011 0.004719639929195311] 10 28004.69592857361s
2022-07-20 21:35:29.173847 (1.0, 100000.0, 21, 10.0, 0.3, 0.29, 2.0, 3) [0.15880860240330513 0.003986067349148914 0.005147673162455545] 15 5813.433442354202s
2022-07-20 21:47:48.844947 (1.0, 100000.0, 25, 10.0, 0.3, 0.288, 2.0, 3) [0.14282748053760164 0.0038560045321336654 0.0032158459596257484] 15 14333.598868846893s
2022-07-20 21:51:10.867524 (1.0, 100000.0, 22, 10.0, 0.3, 0.289, 2.0, 3) [0.15177370779314175 0.0020317693780623133 0.005091678007166979] 15 5884.628073453903s
2022-07-20 21:58:27.945909 (1.0, 100000.0, 28, 10.0, 0.3, 0.288, 2.0, 3) [0.1240230692341177 0.003208060455931244 0.0038986897872767753] 10 14771.044617414474s
2022-07-20 22:02:07.458142 (1.0, 100000.0, 20, 10.0, 0.3, 0.29, 2.0, 3) [0.16683057513068503 0.002736381418532581 0.005134121460651405] 15 3359.399647951126s
2022-07-20 22:08:19.336317 (1.0, 100000.0, 18, 10.0, 0.3, 0.29, 2.0, 3) [0.18711196716496087 0.0037450062567783472 0.004831200474805509] 15 3350.360342979431s
2022-07-20 22:10:49.246151 (1.0, 100000.0, 26, 10.0, 0.3, 0.288, 2.0, 3) [0.13545935307751095 0.003102743666970641 0.003537756005305577] 15 14880.47904586792s
2022-07-20 22:34:06.030015 (1.0, 100000.0, 19, 10.0, 0.3, 0.29, 2.0, 3) [0.17889355293824336 0.003485453122405373 0.004533610771792278] 15 4499.071455717087s
2022-07-20 22:43:17.260910 (1.0, 100000.0, 29, 10.0, 0.3, 0.288, 2.0, 3) [0.12291486941907015 0.0035332083839637565 0.0032476237766240227] 10 32189.6865503788s
2022-07-20 22:57:54.405754 (1.0, 100000.0, 20, 10.0, 0.3, 0.29, 2.0, 3) [0.16705353190525835 0.0035717502729848112 0.005074917625876646] 15 3346.945135831833s
2022-07-20 23:04:09.747950 (1.0, 100000.0, 18, 10.0, 0.3, 0.29, 2.0, 3) [0.18615600059207335 0.0026440615345960914 0.004999630740412445] 15 3350.409265756607s
2022-07-20 23:09:19.354659 (1.0, 100000.0, 21, 10.0, 0.3, 0.29, 2.0, 3) [0.15997005549861001 0.004034490656878311 0.004904370800945817] 15 5630.177658081055s
2022-07-20 23:16:49.358641 (1.0, 100000.0, 30, 10.0, 0.3, 0.289, 2.0, 3) [0.10976659305466645 0.0026167126761642095 0.005565192864007014] 15 34268.428968429565s
2022-07-20 23:21:31.346994 (1.0, 100000.0, 23, 10.0, 0.3, 0.29, 2.0, 3) [0.14558700792246865 0.003967677552108363 0.005009423146861586] 15 8572.628716945648s
2022-07-20 23:30:01.714496 (1.0, 100000.0, 22, 10.0, 0.3, 0.289, 2.0, 3) [0.15439728396451188 0.00215872420382231 0.00454492766487069] 15 5930.84273982048s
2022-07-20 23:45:16.355998 (1.0, 100000.0, 25, 10.0, 0.3, 0.29, 2.0, 3) [0.1341586873360276 0.003322007039929798 0.00493493774187435] 10 12136.166056871414s
2022-07-20 23:49:37.277589 (1.0, 100000.0, 19, 10.0, 0.3, 0.29, 2.0, 3) [0.17443076542866173 0.00345121738914999 0.005362176837056181] 15 4531.245334148407s
2022-07-20 23:53:48.148709 (1.0, 100000.0, 20, 10.0, 0.3, 0.29, 2.0, 3) [0.163992796625316 0.0050555704609467345 0.0057429786858194136] 15 3353.739815235138s
2022-07-20 23:57:18.277931 (1.0, 100000.0, 24, 10.0, 0.3, 0.289, 2.0, 3) [0.14422560298814774 0.003892344886447731 0.003997353122662911] 15 36711.04215621948s
2022-07-20 23:59:58.695490 (1.0, 100000.0, 18, 10.0, 0.3, 0.29, 2.0, 3) [0.18401599465955223 0.0027496263324906524 0.005393801995655604] 15 3348.945304632187s
2022-07-21 00:04:34.195178 (1.0, 100000.0, 27, 10.0, 0.3, 0.29, 2.0, 3) [0.12785315102947883 0.001869641502929219 0.004065220758334368] 15 18148.723991394043s
2022-07-21 00:43:25.714878 (1.0, 100000.0, 28, 10.0, 0.3, 0.287, 2.0, 3) [0.12491665590249051 0.002592289710028505 0.0037083692094021124] 15 39464.14958810806s
2022-07-21 00:46:10.364519 (1.0, 100000.0, 21, 10.0, 0.3, 0.29, 2.0, 3) [0.15487219152545467 0.005890845474574958 0.006052450751361304] 15 5811.007434844971s
2022-07-21 00:50:04.115730 (1.0, 100000.0, 20, 10.0, 0.3, 0.29, 2.0, 3) [0.16473616363705026 0.0037631512048383075 0.005577786398774128] 15 3375.9588158130646s
2022-07-21 00:55:49.027364 (1.0, 100000.0, 18, 10.0, 0.3, 0.29, 2.0, 3) [0.1826811956506175 0.0036719529584691873 0.005654512040285742] 15 3350.329414129257s
2022-07-21 01:04:41.969560 (1.0, 100000.0, 19, 10.0, 0.3, 0.29, 2.0, 3) [0.17442341191316235 0.0060410546048359996 0.005378533502083445] 15 4504.689803361893s
2022-07-21 01:09:20.417773 (1.0, 100000.0, 22, 10.0, 0.3, 0.289, 2.0, 3) [0.15387133668700217 0.0037559242224140628 0.004646022254506109] 15 5958.700283050537s
2022-07-21 01:45:09.337827 (1.0, 100000.0, 25, 10.0, 0.3, 0.288, 2.0, 3) [0.1362321213063387 0.0029091624067358324 0.004448955589318199] 15 14240.489189386368s
2022-07-21 01:46:18.869646 (1.0, 100000.0, 20, 10.0, 0.3, 0.29, 2.0, 3) [0.16557424019235945 0.0038367797135444993 0.005387804646222608] 15 3374.7512590885162s
2022-07-21 01:47:37.482956 (1.0, 100000.0, 23, 10.0, 0.3, 0.29, 2.0, 3) [0.14321074741143494 0.00411688981307375 0.00557688381065289] 15 8766.133291482925s
2022-07-21 01:51:40.879252 (1.0, 100000.0, 18, 10.0, 0.3, 0.29, 2.0, 3) [0.18761452771388493 0.004001868118345333 0.0047443481920128915] 15 3351.84955906868s
2022-07-21 02:04:19.209084 (1.0, 100000.0, 28, 10.0, 0.3, 0.288, 2.0, 3) [0.12255547495000342 0.004415041377314971 0.004228011352922876] 10 14751.26091337204s
2022-07-21 02:16:49.003206 (1.0, 100000.0, 26, 10.0, 0.3, 0.288, 2.0, 3) [0.13089169552372834 0.0023077180829399837 0.004480615953834831] 15 14759.753491163254s
2022-07-21 02:20:04.670200 (1.0, 100000.0, 19, 10.0, 0.3, 0.29, 2.0, 3) [0.17788444288040156 0.002424198157411682 0.004709958046374146] 15 4522.698340892792s
2022-07-21 02:23:42.972869 (1.0, 100000.0, 21, 10.0, 0.3, 0.29, 2.0, 3) [0.16494363694853192 0.003312842289337454 0.003989415252126403] 15 5852.605717658997s
2022-07-21 02:42:37.735697 (1.0, 100000.0, 20, 10.0, 0.3, 0.29, 2.0, 3) [0.16929517162021726 0.004804761464254984 0.004655762525034669] 15 3378.8620142936707s
2022-07-21 02:46:05.310035 (1.0, 100000.0, 22, 10.0, 0.3, 0.289, 2.0, 3) [0.1553541273521927 0.003510140115529467 0.004362109800784441] 15 5804.888944387436s
2022-07-21 02:47:30.811424 (1.0, 100000.0, 18, 10.0, 0.3, 0.29, 2.0, 3) [0.18524802918061367 0.0023987013511117634 0.005161381420313656] 15 3349.929718017578s
2022-07-21 03:06:53.299084 (1.0, 100000.0, 25, 10.0, 0.3, 0.29, 2.0, 3) [0.13811041815387493 0.0036303193275739505 0.004065399107834513] 10 12096.939644575119s
2022-07-21 03:29:13.143019 (1.0, 100000.0, 24, 10.0, 0.3, 0.289, 2.0, 3) [0.1405443552183396 0.002852018625297699 0.0047511886854265245] 15 12714.860424518585s
2022-07-21 03:35:11.970040 (1.0, 100000.0, 19, 10.0, 0.3, 0.29, 2.0, 3) [0.1740456949860694 0.004100619592910155 0.005438987765120292] 15 4507.297226667404s
2022-07-21 03:38:46.659636 (1.0, 100000.0, 20, 10.0, 0.3, 0.29, 2.0, 3) [0.16640198725858082 0.0030527811863374733 0.005216543235658798] 15 3368.91214799881s
2022-07-21 03:43:19.385873 (1.0, 100000.0, 18, 10.0, 0.3, 0.29, 2.0, 3) [0.1851902825723613 0.00632201244688529 0.005181973505789181] 15 3348.572019815445s
2022-07-21 03:58:40.907699 (1.0, 100000.0, 21, 10.0, 0.3, 0.29, 2.0, 3) [0.1628734408435026 0.003963926669600152 0.004343651019971379] 15 5697.92885518074s
2022-07-21 04:10:27.458047 (1.0, 100000.0, 23, 10.0, 0.3, 0.29, 2.0, 3) [0.148187015825442 0.005488030547928829 0.0044424155378363014] 15 8569.971848487854s
2022-07-21 04:27:14.400420 (1.0, 100000.0, 22, 10.0, 0.3, 0.289, 2.0, 3) [0.1560034294122757 0.0029616041839487716 0.004240777753920659] 15 6069.087676286697s
2022-07-21 04:36:46.036579 (1.0, 100000.0, 20, 10.0, 0.3, 0.289, 2.0, 3) [0.165530156256769 0.004877968798690396 0.005389010324464326] 15 3475.3447930812836s
2022-07-21 04:40:39.362106 (1.0, 100000.0, 18, 10.0, 0.3, 0.288, 2.0, 3) [0.1895376312651568 0.00291116838234639 0.0044290049402098425] 15 3436.2073283195496s
2022-07-21 04:50:51.192320 (1.0, 100000.0, 19, 10.0, 0.3, 0.29, 2.0, 3) [0.17474329518716047 0.005795151404816519 0.005324352902618028] 15 4539.219831943512s
2022-07-21 04:57:56.263114 (1.0, 100000.0, 29, 10.0, 0.3, 0.287, 2.0, 3) [0.12135776124261324 0.0036887094116668565 0.003557413754959916] 15 27330.571663618088s
2022-07-21 05:05:09.784985 (1.0, 100000.0, 29, 10.0, 0.3, 0.288, 2.0, 3) [0.12035242800253966 0.002495199264559155 0.003767868381983345] 10 27558.6963160038s
2022-07-21 05:05:35.404220 (1.0, 100000.0, 27, 10.0, 0.3, 0.29, 2.0, 3) [0.1271715871020016 0.0036791699648381043 0.004218222015619534] 15 18061.205122470856s
2022-07-21 05:15:36.560695 (1.0, 100000.0, 27, 10.0, 0.3, 0.29, 2.0, 3) [0.12782946905262277 0.0032453119738760634 0.00408614824921962] 10 27678.762431144714s
2022-07-21 05:33:35.859644 (1.0, 100000.0, 21, 10.0, 0.3, 0.29, 2.0, 3) [0.16068494586171772 0.006332367720201167 0.004759227211852596] 15 5694.948997735977s
2022-07-21 05:34:08.003150 (1.0, 100000.0, 20, 10.0, 0.3, 0.289, 2.0, 3) [0.1694844532548606 0.003685332753890962 0.00461345633697518] 15 3441.9620246887207s
2022-07-21 05:35:44.467742 (1.0, 100000.0, 18, 10.0, 0.3, 0.288, 2.0, 3) [0.1878862236611958 0.005556935276750042 0.004696326481285005] 15 3305.103490591049s
2022-07-21 05:42:32.319725 (1.0, 100000.0, 30, 10.0, 0.3, 0.289, 2.0, 3) [0.11423261545985915 0.003018402092773 0.004268417042218252] 10 57368.93298745155s
2022-07-21 05:42:34.136054 (1.0, 100000.0, 25, 10.0, 0.3, 0.288, 2.0, 3) [0.14025862244819826 0.003209040692931387 0.003651380995990644] 15 14244.795011997223s
2022-07-21 06:06:20.350264 (1.0, 100000.0, 28, 10.0, 0.3, 0.288, 2.0, 3) [0.12337501537767451 0.004389483825767172 0.004037312189333504] 10 14521.138854026794s
2022-07-21 06:06:41.588655 (1.0, 100000.0, 19, 10.0, 0.3, 0.29, 2.0, 3) [0.17608399493379706 0.005368429848422271 0.0050496105953772] 15 4550.394171237946s
2022-07-21 06:08:05.798017 (1.0, 100000.0, 22, 10.0, 0.3, 0.289, 2.0, 3) [0.15548432541229867 0.002573771603338441 0.004344763382020247] 15 6051.391040086746s
2022-07-21 06:23:37.079495 (1.0, 100000.0, 26, 10.0, 0.3, 0.288, 2.0, 3) [0.13268480884815828 0.0026096415162038897 0.004076719118517015] 15 14808.072509765625s
2022-07-21 06:28:24.816733 (1.0, 100000.0, 25, 10.0, 0.3, 0.29, 2.0, 3) [0.13365208045837895 0.0036308976812830097 0.005076693090446063] 10 12091.515166044235s
2022-07-21 06:30:53.230428 (1.0, 100000.0, 18, 10.0, 0.3, 0.288, 2.0, 3) [0.18380449668033472 0.004601265051934733 0.005431565754342294] 15 3308.76039147377s
2022-07-21 06:31:24.210374 (1.0, 100000.0, 20, 10.0, 0.3, 0.289, 2.0, 3) [0.16982440479609853 0.004710692718721575 0.004551459423952244] 15 3436.2040922641754s
2022-07-21 06:34:00.467399 (1.0, 100000.0, 23, 10.0, 0.3, 0.29, 2.0, 3) [0.14985302620430985 0.0030870171148563706 0.004120591651607898] 15 8613.006134271622s
2022-07-21 07:07:45.144081 (1.0, 100000.0, 24, 10.0, 0.3, 0.289, 2.0, 3) [0.13923722025796711 0.003828201249334063 0.00506420863248729] 15 13111.997569084167s
2022-07-21 07:08:02.616861 (1.0, 100000.0, 21, 10.0, 0.3, 0.29, 2.0, 3) [0.16169734167619146 0.005413081745231343 0.004555852630207242] 15 5666.754319906235s
2022-07-21 07:22:14.450997 (1.0, 100000.0, 19, 10.0, 0.3, 0.29, 2.0, 3) [0.1761265148490016 0.00460899467466681 0.005035607979558367] 15 4532.859992980957s
2022-07-21 07:25:35.053591 (1.0, 100000.0, 18, 10.0, 0.3, 0.288, 2.0, 3) [0.18825707164685843 0.0032340249486095063 0.0046344859189244286] 15 3281.821077823639s
2022-07-21 07:28:09.173031 (1.0, 100000.0, 20, 10.0, 0.3, 0.289, 2.0, 3) [0.16585948360148395 0.005280874786284199 0.00532631162394578] 15 3404.960216522217s
2022-07-21 07:41:16.740465 (1.0, 100000.0, 29, 10.0, 0.3, 0.288, 2.0, 3) [0.12013933434352013 0.0030607668652604383 0.0038104397039491794] 10 32279.476823329926s
2022-07-21 07:48:18.284514 (1.0, 100000.0, 22, 10.0, 0.3, 0.289, 2.0, 3) [0.15639229506795269 0.0032858708285216152 0.00417230427335679] 15 6012.483374834061s
2022-07-21 08:19:58.993402 (1.0, 100000.0, 18, 10.0, 0.3, 0.288, 2.0, 3) [0.18788809487551444 0.004259785220257757 0.0046926622460248925] 15 3263.93755030632s
2022-07-21 08:24:59.322409 (1.0, 100000.0, 20, 10.0, 0.3, 0.289, 2.0, 3) [0.1668562425335553 0.0038355962809884982 0.005116250069220586] 15 3410.145970106125s
2022-07-21 08:37:52.703248 (1.0, 100000.0, 19, 10.0, 0.3, 0.29, 2.0, 3) [0.1743282414712303 0.003383263542108192 0.0053819361189296425] 15 4538.249977111816s
2022-07-21 08:42:27.135202 (1.0, 100000.0, 21, 10.0, 0.3, 0.29, 2.0, 3) [0.16007476240796414 0.0033781468450567896 0.004877633493540331] 15 5664.50631570816s
2022-07-21 08:45:29.324973 (1.0, 100000.0, 30, 10.0, 0.3, 0.289, 2.0, 3) [0.11277883850323037 0.0030975930927552844 0.004666115611910821] 15 34119.96336340904s
2022-07-21 08:55:32.773143 (1.0, 100000.0, 23, 10.0, 0.3, 0.29, 2.0, 3) [0.1428713437307228 0.005207562166780435 0.005653829218168414] 15 8492.30280828476s
2022-07-21 09:14:21.488865 (1.0, 100000.0, 18, 10.0, 0.3, 0.288, 2.0, 3) [0.18954155747576898 0.002901648060320384 0.004433861027025044] 15 3262.493190765381s
2022-07-21 09:21:52.385782 (1.0, 100000.0, 20, 10.0, 0.3, 0.289, 2.0, 3) [0.16893465922561168 0.003477451621237227 0.0047181757579004245] 15 3413.0586001873016s
2022-07-21 09:28:42.979374 (1.0, 100000.0, 22, 10.0, 0.3, 0.289, 2.0, 3) [0.15395697720774523 0.004106143707085782 0.004632760099348616] 15 6024.684805870056s
2022-07-21 09:38:41.318490 (1.0, 100000.0, 25, 10.0, 0.3, 0.288, 2.0, 3) [0.13470403806007472 0.0034904098171051998 0.004801372761066601] 15 14167.171224117279s
2022-07-21 09:49:14.874243 (1.0, 100000.0, 25, 10.0, 0.3, 0.29, 2.0, 3) [0.1347745819023719 0.002177100894387169 0.004795980478031834] 10 12050.0547914505s
2022-07-21 09:53:36.360525 (1.0, 100000.0, 19, 10.0, 0.3, 0.288, 2.0, 3) [0.17787245143866848 0.005680412375835897 0.004712438967564575] 15 4539.150596618652s
2022-07-21 10:06:32.529436 (1.0, 100000.0, 27, 10.0, 0.3, 0.29, 2.0, 3) [0.12280918671433394 0.004378361691300725 0.00532074827463619] 15 18057.12202000618s
2022-07-21 10:08:44.476892 (1.0, 100000.0, 18, 10.0, 0.3, 0.288, 2.0, 3) [0.19138237274195474 0.003954126263442357 0.004150505398962829] 15 3262.985772371292s
2022-07-21 10:09:44.872165 (1.0, 100000.0, 28, 10.0, 0.3, 0.288, 2.0, 3) [0.12295655221711765 0.003212628134170356 0.004132383109527902] 10 14604.51931643486s
2022-07-21 10:15:57.359202 (1.0, 100000.0, 21, 10.0, 0.3, 0.29, 2.0, 3) [0.16224238814662448 0.0038472697888994514 0.004456790806158478] 15 5610.21928024292s
2022-07-21 10:19:24.267909 (1.0, 100000.0, 20, 10.0, 0.3, 0.289, 2.0, 3) [0.16659356384523136 0.0032107585600447542 0.0051827324598955815] 15 3451.879614830017s
2022-07-21 10:28:15.115919 (1.0, 100000.0, 26, 10.0, 0.3, 0.288, 2.0, 3) [0.132669457764948 0.002298130606591111 0.004079826012253193] 15 14678.033478736877s
2022-07-21 11:03:05.223129 (1.0, 100000.0, 18, 10.0, 0.3, 0.288, 2.0, 3) [0.18939373343126872 0.004307466839253786 0.004446000934321368] 15 3260.743554353714s
2022-07-21 11:09:10.222378 (1.0, 100000.0, 22, 10.0, 0.3, 0.289, 2.0, 3) [0.15781805938204557 0.002901620589561683 0.003923563857281825] 15 6027.240277051926s
2022-07-21 11:10:41.721506 (1.0, 100000.0, 19, 10.0, 0.3, 0.288, 2.0, 3) [0.18008915673540504 0.004758701015443587 0.004329936901332654] 15 4625.359088420868s
2022-07-21 11:12:59.653756 (1.0, 100000.0, 26, 10.0, 0.3, 0.29, 2.0, 3) [0.130679606723892 0.0045057091118971635 0.004518078183344049] 10 77130.61769485474s
2022-07-21 11:17:14.381027 (1.0, 100000.0, 20, 10.0, 0.3, 0.289, 2.0, 3) [0.1675876231156443 0.0030439050262371565 0.004972842345674722] 15 3470.109755754471s
2022-07-21 11:20:42.354828 (1.0, 100000.0, 23, 10.0, 0.3, 0.29, 2.0, 3) [0.14392232272662744 0.002640071338963438 0.005386584094016428] 15 8709.578599452972s
2022-07-21 11:41:34.450659 (1.0, 100000.0, 28, 10.0, 0.3, 0.287, 2.0, 3) [0.12535774078826575 0.0022972522760729293 0.003620867406316242] 15 39488.73399233818s
2022-07-21 11:44:01.918628 (1.0, 100000.0, 24, 10.0, 0.3, 0.289, 2.0, 3) [0.13962558575600462 0.004897426702975467 0.004970777964962748] 15 16576.76849770546s
2022-07-21 11:50:52.800837 (1.0, 100000.0, 21, 10.0, 0.3, 0.29, 2.0, 3) [0.1605074383440881 0.003411470092186046 0.004802665265406213] 15 5695.438857316971s
2022-07-21 11:57:25.631323 (1.0, 100000.0, 18, 10.0, 0.3, 0.288, 2.0, 3) [0.18378635073571847 0.004488294872516495 0.005430811155820724] 15 3260.4057064056396s
2022-07-21 12:14:44.032553 (1.0, 100000.0, 20, 10.0, 0.3, 0.289, 2.0, 3) [0.17114376468425552 0.0045182298351626226 0.004337761934830034] 15 3449.631023645401s
2022-07-21 12:24:05.654529 (1.0, 100000.0, 27, 10.0, 0.3, 0.29, 2.0, 3) [0.12742871147857254 0.004657393418489833 0.004160668334069295] 10 25709.09130382538s
2022-07-21 12:27:49.876926 (1.0, 100000.0, 19, 10.0, 0.3, 0.288, 2.0, 3) [0.17746402131271335 0.0020672450587532623 0.004788233582358059] 15 4628.152524232864s
2022-07-21 12:30:20.802646 (1.0, 100000.0, 29, 10.0, 0.3, 0.287, 2.0, 3) [0.1234825646706949 0.003873964121211889 0.003140783100944829] 15 27144.53704380989s
2022-07-21 12:35:23.674274 (1.0, 100000.0, 29, 10.0, 0.3, 0.288, 2.0, 3) [0.12316636048420741 0.0025102597707411596 0.003201150405618032] 10 27013.88618016243s
2022-07-21 12:50:10.078231 (1.0, 100000.0, 22, 10.0, 0.3, 0.289, 2.0, 3) [0.15203694727409092 0.005132737147439454 0.005038009274578807] 15 6059.846762418747s
2022-07-21 12:51:49.087502 (1.0, 100000.0, 18, 10.0, 0.3, 0.288, 2.0, 3) [0.18873908334483036 0.0030524066557291772 0.004556829405318776] 15 3263.4539847373962s
2022-07-21 13:09:30.408551 (1.0, 100000.0, 25, 10.0, 0.3, 0.29, 2.0, 3) [0.1368260186484981 0.004378067402908457 0.004323627908886485] 10 12015.531335353851s
2022-07-21 13:12:32.073621 (1.0, 100000.0, 20, 10.0, 0.3, 0.289, 2.0, 3) [0.16949638442881745 0.003398737940059399 0.0046181496568081385] 15 3468.0380272865295s
2022-07-21 13:24:20.221565 (1.0, 100000.0, 21, 10.0, 0.3, 0.29, 2.0, 3) [0.16037149996115094 0.002386806476116621 0.004821059426270458] 15 5607.417173624039s
2022-07-21 13:32:45.699247 (1.0, 100000.0, 25, 10.0, 0.3, 0.288, 2.0, 3) [0.14079029052383402 0.0027936855021075263 0.0035544105773754643] 15 14044.377655029297s
2022-07-21 13:43:13.728999 (1.0, 100000.0, 23, 10.0, 0.3, 0.29, 2.0, 3) [0.14686269310873404 0.003408100917904923 0.004730861295504417] 15 8551.371407270432s
2022-07-21 13:44:59.503839 (1.0, 100000.0, 19, 10.0, 0.3, 0.288, 2.0, 3) [0.1790129917111276 0.004023746706818676 0.004511003039641066] 15 4629.624826669693s
2022-07-21 13:46:15.679542 (1.0, 100000.0, 18, 10.0, 0.3, 0.288, 2.0, 3) [0.18902251494213496 0.0033046518736588415 0.004512854124765206] 15 3266.589533805847s
2022-07-21 14:09:55.501827 (1.0, 100000.0, 20, 10.0, 0.3, 0.289, 2.0, 3) [0.1673729304069025 0.005187408584965723 0.005022015508266104] 15 3443.4253845214844s
2022-07-21 14:13:24.399343 (1.0, 100000.0, 28, 10.0, 0.3, 0.288, 2.0, 3) [0.12472668080211899 0.0035056344237839347 0.0037559730113152804] 10 14619.524758338928s
2022-07-21 14:30:42.453110 (1.0, 100000.0, 22, 10.0, 0.3, 0.289, 2.0, 3) [0.15482616062787052 0.0030541687020016204 0.004460859139529943] 15 6032.370053291321s
2022-07-21 14:31:38.145236 (1.0, 100000.0, 26, 10.0, 0.3, 0.288, 2.0, 3) [0.13635011657486407 0.004109700011392787 0.0033774356864922713] 15 14603.026173591614s
2022-07-21 14:40:39.908696 (1.0, 100000.0, 18, 10.0, 0.3, 0.288, 2.0, 3) [0.1870839287589128 0.003511284357339657 0.004826855895165938] 15 3264.2265536785126s
2022-07-21 14:56:49.399697 (1.0, 100000.0, 21, 10.0, 0.3, 0.289, 2.0, 3) [0.1621010861167019 0.002706365852877313 0.0044890485613057795] 15 5545.47722697258s
2022-07-21 15:02:15.820142 (1.0, 100000.0, 19, 10.0, 0.3, 0.288, 2.0, 3) [0.1790213933959634 0.0026348876920497507 0.004510944863487493] 15 4636.314019680023s
2022-07-21 15:03:54.908655 (1.0, 100000.0, 27, 10.0, 0.3, 0.29, 2.0, 3) [0.12511577617153655 0.0023629133876074144 0.004713147220233339] 15 17842.376408576965s
2022-07-21 15:07:27.172388 (1.0, 100000.0, 20, 10.0, 0.3, 0.289, 2.0, 3) [0.16991295965710446 0.0036121142215926444 0.004537591992752478] 15 3451.6636333465576s
2022-07-21 15:21:35.106891 (1.0, 100000.0, 24, 10.0, 0.3, 0.289, 2.0, 3) [0.136075463882769 0.005258817454327519 0.005874868344902945] 15 13053.183216571808s
2022-07-21 15:35:01.787952 (1.0, 100000.0, 18, 10.0, 0.3, 0.288, 2.0, 3) [0.1892493287990399 0.003170253984020659 0.004472765495295729] 15 3261.8769364356995s
2022-07-21 16:05:12.916859 (1.0, 100000.0, 23, 10.0, 0.3, 0.29, 2.0, 3) [0.14694496214393712 0.004419400426432301 0.004705504785790823] 15 8519.184182882309s
2022-07-21 16:05:15.547100 (1.0, 100000.0, 20, 10.0, 0.3, 0.289, 2.0, 3) [0.1680500884923812 0.0030741342542522855 0.0048903457492528515] 15 3468.3720252513885s
2022-07-21 16:11:23.675052 (1.0, 100000.0, 22, 10.0, 0.3, 0.29, 2.0, 3) [0.1537264146126118 0.002808482932039972 0.004689998085939245] 15 6032.838573217392s
2022-07-21 16:20:02.430607 (1.0, 100000.0, 19, 10.0, 0.3, 0.288, 2.0, 3) [0.18127011790174852 0.005348156706896326 0.004148320600249322] 15 4666.608450651169s
2022-07-21 16:29:25.097709 (1.0, 100000.0, 29, 10.0, 0.3, 0.288, 2.0, 3) [0.12085892748384512 0.0024499101641207574 0.0036469814468035096] 10 31688.351455926895s
2022-07-21 16:29:25.617384 (1.0, 100000.0, 18, 10.0, 0.3, 0.288, 2.0, 3) [0.18940524372245876 0.004510470997507565 0.0044609444480883265] 15 3263.827199935913s
2022-07-21 16:31:08.217522 (1.0, 100000.0, 25, 10.0, 0.3, 0.29, 2.0, 3) [0.13520992950764998 0.003013802771253836 0.004695976408097571] 10 12097.805262565613s
2022-07-21 16:31:21.771999 (1.0, 100000.0, 21, 10.0, 0.3, 0.289, 2.0, 3) [0.16147564639501133 0.00228927235576151 0.00459364217441357] 15 5672.369917869568s
2022-07-21 17:02:30.289290 (1.0, 100000.0, 20, 10.0, 0.3, 0.289, 2.0, 3) [0.16491157899958986 0.00433731435064619 0.005535976763149513] 15 3434.739185810089s
2022-07-21 17:23:50.196091 (1.0, 100000.0, 18, 10.0, 0.3, 0.288, 2.0, 3) [0.1901678436516755 0.004193594007300199 0.004320812482436521] 15 3264.5762996673584s
2022-07-21 17:26:33.532074 (1.0, 100000.0, 25, 10.0, 0.3, 0.288, 2.0, 3) [0.1400139171842697 0.0032754568689913606 0.0037004052900978007] 15 14027.830244064331s
2022-07-21 17:37:25.769291 (1.0, 100000.0, 19, 10.0, 0.3, 0.288, 2.0, 3) [0.1736097759815849 0.002646150240588082 0.005525559211811798] 15 4643.336649656296s
2022-07-21 17:49:42.980844 (1.0, 100000.0, 22, 10.0, 0.3, 0.29, 2.0, 3) [0.15145165026948793 0.004676647964577397 0.005174547572022418] 15 5899.303136110306s
2022-07-21 17:59:36.223551 (1.0, 100000.0, 20, 10.0, 0.3, 0.289, 2.0, 3) [0.16961844075584837 0.004020766742438657 0.004589175109590523] 15 3425.9115183353424s
2022-07-21 18:05:15.669014 (1.0, 100000.0, 21, 10.0, 0.3, 0.289, 2.0, 3) [0.16116884200696785 0.005245410605313596 0.004650379985669405] 15 5633.893564939499s
2022-07-21 18:17:19.633694 (1.0, 100000.0, 28, 10.0, 0.3, 0.288, 2.0, 3) [0.12213950182196684 0.002481036839563498 0.004329919719040706] 10 14635.232064008713s
2022-07-21 18:18:42.401492 (1.0, 100000.0, 30, 10.0, 0.3, 0.289, 2.0, 3) [0.11275202150622504 0.0024155567140498515 0.004672726038876127] 15 34393.074093818665s
2022-07-21 18:20:44.772424 (1.0, 100000.0, 18, 10.0, 0.3, 0.289, 2.0, 3) [0.18865924028755074 0.003616226063521577 0.004572085294060157] 15 3410.700118780136s
2022-07-21 18:23:56.192786 (1.0, 100000.0, 27, 10.0, 0.3, 0.29, 2.0, 3) [0.12161719541389275 0.00462616665184614 0.005676960496352303] 10 21590.53495168686s
2022-07-21 18:27:01.415844 (1.0, 100000.0, 23, 10.0, 0.3, 0.29, 2.0, 3) [0.14786719039062296 0.0044949540670786 0.004505783953674842] 15 8508.48205447197s
2022-07-21 18:34:45.197100 (1.0, 100000.0, 26, 10.0, 0.3, 0.288, 2.0, 3) [0.13282232796834006 0.0018200362362830883 0.004052718462191285] 15 14587.049145698547s
2022-07-21 18:54:52.026757 (1.0, 100000.0, 19, 10.0, 0.3, 0.288, 2.0, 3) [0.17879542001682822 0.0030255922386319446 0.004549548800946571] 15 4646.2357313632965s
2022-07-21 18:57:05.485352 (1.0, 100000.0, 20, 10.0, 0.3, 0.288, 2.0, 3) [0.1708729080783669 0.0034669637003205875 0.004371184376843369] 15 3445.6755361557007s
2022-07-21 19:17:11.144762 (1.0, 100000.0, 18, 10.0, 0.3, 0.289, 2.0, 3) [0.18690537935318133 0.00483294517745726 0.004856708384569052] 15 3386.3704118728638s
2022-07-21 19:28:05.110202 (1.0, 100000.0, 22, 10.0, 0.3, 0.29, 2.0, 3) [0.15483595969782823 0.0030851765702019124 0.004462733956077121] 15 5902.100349903107s
2022-07-21 19:38:35.224278 (1.0, 100000.0, 21, 10.0, 0.3, 0.289, 2.0, 3) [0.16012808889791283 0.008145297350667697 0.00486526558649437] 15 5599.5525867938995s
2022-07-21 19:52:33.120640 (1.0, 100000.0, 25, 10.0, 0.3, 0.29, 2.0, 3) [0.1368122352632502 0.004341083275271836 0.00433427204184688] 10 12084.900330781937s
2022-07-21 19:52:55.912562 (1.0, 100000.0, 20, 10.0, 0.3, 0.288, 2.0, 3) [0.17230505557163828 0.003778197853842778 0.004121625998714251] 15 3350.425103187561s
2022-07-21 19:55:51.680957 (1.0, 100000.0, 24, 10.0, 0.3, 0.289, 2.0, 3) [0.14130755103308099 0.0033558013741897953 0.004587242058106952] 15 16456.569850206375s
2022-07-21 20:01:43.366971 (1.0, 100000.0, 27, 10.0, 0.3, 0.29, 2.0, 3) [0.12202836726626329 0.004039306174312876 0.005555003099522419] 15 17868.45468020439s
2022-07-21 20:04:45.225252 (1.0, 100000.0, 29, 10.0, 0.3, 0.288, 2.0, 3) [0.11885035613137329 0.002489378239112728 0.004104629050737692] 10 26961.546889543533s
2022-07-21 20:06:34.584805 (1.0, 100000.0, 29, 10.0, 0.3, 0.287, 2.0, 3) [0.11747596367208173 0.004422026239234196 0.004436149589728903] 15 27373.7793135643s
2022-07-21 20:12:25.660153 (1.0, 100000.0, 19, 10.0, 0.3, 0.288, 2.0, 3) [0.1829839179212987 0.004356627013131799 0.0038939215233351927] 15 4653.616179704666s
2022-07-21 20:13:31.158478 (1.0, 100000.0, 18, 10.0, 0.3, 0.289, 2.0, 3) [0.18822301103645075 0.004484579309180475 0.004641982860224234] 15 3380.011275291443s
2022-07-21 20:48:16.790242 (1.0, 100000.0, 20, 10.0, 0.3, 0.288, 2.0, 3) [0.16895843791620735 0.004323444454929376 0.0047043520560343275] 15 3320.874034881592s
2022-07-21 20:49:00.709126 (1.0, 100000.0, 23, 10.0, 0.3, 0.29, 2.0, 3) [0.14458925111681398 0.002949588262598164 0.0052310884897433345] 15 8519.289995908737s
2022-07-21 21:06:08.161937 (1.0, 100000.0, 22, 10.0, 0.3, 0.29, 2.0, 3) [0.15236688661561032 0.003171953299930631 0.004976672739847867] 15 5883.048206090927s
2022-07-21 21:09:37.605508 (1.0, 100000.0, 18, 10.0, 0.3, 0.289, 2.0, 3) [0.18455269064479224 0.003037776273099108 0.005282994077946757] 15 3366.444815158844s
2022-07-21 21:12:46.236281 (1.0, 100000.0, 21, 10.0, 0.3, 0.289, 2.0, 3) [0.16030054949047132 0.002614310442420089 0.004833505932262988] 15 5651.009544849396s
2022-07-21 21:21:51.269154 (1.0, 100000.0, 25, 10.0, 0.3, 0.288, 2.0, 3) [0.13805605390410974 0.004056954864641256 0.004073999177884557] 15 14117.734174966812s
2022-07-21 21:29:59.748930 (1.0, 100000.0, 19, 10.0, 0.3, 0.288, 2.0, 3) [0.17780189520196013 0.0031740135317004643 0.00472256399094839] 15 4654.086680650711s
2022-07-21 21:43:34.388595 (1.0, 100000.0, 20, 10.0, 0.3, 0.288, 2.0, 3) [0.16906560375290086 0.003671692666033823 0.00469142609924652] 15 3317.595513343811s
2022-07-21 21:43:51.378277 (1.0, 100000.0, 30, 10.0, 0.3, 0.289, 2.0, 3) [0.11463305542597998 0.004653564161939557 0.004167599312224721] 10 57679.056289196014s
2022-07-21 22:07:29.791621 (1.0, 100000.0, 18, 10.0, 0.3, 0.289, 2.0, 3) [0.18754901046212508 0.004794664200744297 0.00475729945270708] 15 3472.1833629608154s
2022-07-21 22:21:21.542234 (1.0, 100000.0, 28, 10.0, 0.3, 0.288, 2.0, 3) [0.12286291789095763 0.0030266821722595 0.004155282653939635] 10 14641.885429620743s
2022-07-21 22:37:32.122497 (1.0, 100000.0, 28, 10.0, 0.3, 0.287, 2.0, 3) [0.1263482653579528 0.005016866450651866 0.0034248128492547717] 15 39357.669551849365s
2022-07-21 22:39:29.421440 (1.0, 100000.0, 20, 10.0, 0.3, 0.288, 2.0, 3) [0.1696859392486102 0.004585982307091568 0.004577303202018019] 15 3355.0306582450867s
2022-07-21 22:40:25.382704 (1.0, 100000.0, 26, 10.0, 0.3, 0.288, 2.0, 3) [0.13721328203484232 0.006235373192531661 0.003227661738740108] 15 14740.182655334473s
2022-07-21 22:44:28.303278 (1.0, 100000.0, 22, 10.0, 0.3, 0.29, 2.0, 3) [0.1484255836826218 0.0029904295759030923 0.005900276784172574] 15 5900.138121128082s
2022-07-21 22:47:39.283315 (1.0, 100000.0, 19, 10.0, 0.3, 0.288, 2.0, 3) [0.17833639753120156 0.002895166813683582 0.004633885939490075] 15 4659.532222747803s
2022-07-21 22:48:40.790731 (1.0, 100000.0, 21, 10.0, 0.3, 0.289, 2.0, 3) [0.16212038077817384 0.0023008752861617843 0.004480184567780702] 15 5754.551198959351s
2022-07-21 23:03:57.941969 (1.0, 100000.0, 18, 10.0, 0.3, 0.289, 2.0, 3) [0.18809970374813575 0.0041801121338736836 0.004654061347793726] 15 3388.14763712883s
2022-07-21 23:09:53.687426 (1.0, 100000.0, 23, 10.0, 0.3, 0.29, 2.0, 3) [0.14620085429272933 0.0030635659394961977 0.004863642027108779] 15 8452.971069574356s
2022-07-21 23:13:46.379417 (1.0, 100000.0, 25, 10.0, 0.3, 0.29, 2.0, 3) [0.13969379043645475 0.004333061650265704 0.0037614347134826455] 10 12073.256523132324s
2022-07-21 23:35:19.339111 (1.0, 100000.0, 20, 10.0, 0.3, 0.288, 2.0, 3) [0.17246139481129782 0.004830832357004636 0.004101448772206656] 15 3349.914985895157s
2022-07-22 00:00:06.347327 (1.0, 100000.0, 18, 10.0, 0.3, 0.289, 2.0, 3) [0.18408788922728292 0.0047985475955788495 0.005378786358108257] 15 3368.4029672145844s
2022-07-22 00:05:28.960614 (1.0, 100000.0, 19, 10.0, 0.3, 0.288, 2.0, 3) [0.18052412411244834 0.0035050650130487226 0.004258929087226354] 15 4669.674979686737s
2022-07-22 00:22:27.152508 (1.0, 100000.0, 21, 10.0, 0.3, 0.289, 2.0, 3) [0.15985800307397977 0.00379189540528653 0.004917894204188735] 15 5626.355925321579s
2022-07-22 00:23:03.630333 (1.0, 100000.0, 22, 10.0, 0.3, 0.29, 2.0, 3) [0.1517420741258881 0.0033936569717209625 0.005101970864039809] 15 5915.324627161026s
2022-07-22 00:23:35.475899 (1.0, 100000.0, 27, 10.0, 0.3, 0.29, 2.0, 3) [0.12676800937288607 0.004597559845263879 0.004316050624659463] 10 21579.280224323273s
2022-07-22 00:31:03.780989 (1.0, 100000.0, 20, 10.0, 0.3, 0.288, 2.0, 3) [0.1722293302197641 0.0019598322406867204 0.004143013206997477] 15 3344.4379613399506s
2022-07-22 00:57:22.550932 (1.0, 100000.0, 18, 10.0, 0.3, 0.289, 2.0, 3) [0.18510779614826048 0.0027875274086489477 0.005180922347761734] 15 3436.2011251449585s
2022-07-22 00:59:56.258040 (1.0, 100000.0, 27, 10.0, 0.3, 0.29, 2.0, 3) [0.12231577013987778 0.0029766558819841714 0.005470844921774435] 15 17892.887375354767s
2022-07-22 01:08:00.478879 (1.0, 100000.0, 29, 10.0, 0.3, 0.288, 2.0, 3) [0.11625433542456144 0.002386883292274131 0.004762704013224989] 10 31115.37721681595s
2022-07-22 01:12:53.721903 (1.0, 100000.0, 24, 10.0, 0.3, 0.289, 2.0, 3) [0.1442750460245045 0.003470589485698338 0.00398903627404177] 15 19022.037425518036s
2022-07-22 01:15:28.516382 (1.0, 100000.0, 25, 10.0, 0.3, 0.288, 2.0, 3) [0.13634510623451343 0.004664947591995553 0.004430412939909975] 15 14017.244106531143s
2022-07-22 01:22:38.144271 (1.0, 100000.0, 19, 10.0, 0.3, 0.288, 2.0, 3) [0.17679636180254507 0.002723537855299497 0.004907236696365695] 15 4629.181234359741s
2022-07-22 01:27:18.066148 (1.0, 100000.0, 20, 10.0, 0.3, 0.288, 2.0, 3) [0.16973313349124616 0.002431872235113748 0.0045643730997910964] 15 3374.2824523448944s
2022-07-22 01:32:45.562930 (1.0, 100000.0, 23, 10.0, 0.3, 0.29, 2.0, 3) [0.14868927573973142 0.0038862880878997126 0.004347009638505612] 15 8571.872555494308s
2022-07-22 01:54:08.550548 (1.0, 100000.0, 18, 10.0, 0.3, 0.289, 2.0, 3) [0.1851782354216188 0.0033865226119803435 0.005168867522757457] 15 3405.9970395565033s
2022-07-22 01:56:46.652695 (1.0, 100000.0, 21, 10.0, 0.3, 0.289, 2.0, 3) [0.15996193948100004 0.0021577241307794127 0.004900687526236021] 15 5659.496513843536s
2022-07-22 02:01:36.289249 (1.0, 100000.0, 22, 10.0, 0.3, 0.29, 2.0, 3) [0.15353299705982112 0.0026364565552635445 0.0047225630947329246] 15 5912.656184196472s
2022-07-22 02:23:25.548192 (1.0, 100000.0, 20, 10.0, 0.3, 0.288, 2.0, 3) [0.16907637018845867 0.0032059269198804487 0.004689289859221107] 15 3367.479567050934s
2022-07-22 02:25:16.427713 (1.0, 100000.0, 28, 10.0, 0.3, 0.288, 2.0, 3) [0.12081735694999847 0.0030403290930575764 0.004654828247093099] 10 14634.883125305176s
2022-07-22 02:36:07.496432 (1.0, 100000.0, 25, 10.0, 0.3, 0.287, 2.0, 3) [0.14310345690129875 0.0031525286108255164 0.0031631526233468457] 10 12137.254982471466s
2022-07-22 02:40:07.506853 (1.0, 100000.0, 19, 10.0, 0.3, 0.288, 2.0, 3) [0.1783031619116252 0.0033261207787892845 0.004633973550709016] 15 4649.360327959061s
2022-07-22 02:44:26.915996 (1.0, 100000.0, 26, 10.0, 0.3, 0.288, 2.0, 3) [0.13323537052212114 0.003204518409849647 0.003966485275089095] 15 14641.529958248138s
2022-07-22 02:50:17.254213 (1.0, 100000.0, 18, 10.0, 0.3, 0.289, 2.0, 3) [0.18776509955020065 0.006577392538893953 0.004723664555434712] 15 3368.7012367248535s
2022-07-22 03:19:18.197789 (1.0, 100000.0, 20, 10.0, 0.3, 0.288, 2.0, 3) [0.17277550491674581 0.0033986152271895088 0.004045373903671996] 15 3352.645777463913s
2022-07-22 03:30:39.866200 (1.0, 100000.0, 21, 10.0, 0.3, 0.289, 2.0, 3) [0.15748512817824195 0.0027163528166701334 0.005426412754377911] 15 5633.210019111633s
2022-07-22 03:33:31.535533 (1.0, 100000.0, 29, 10.0, 0.3, 0.288, 2.0, 3) [0.12057399088247586 0.0027608823646389177 0.0037199574433507627] 10 26926.307705640793s
2022-07-22 03:40:02.884042 (1.0, 100000.0, 22, 10.0, 0.3, 0.29, 2.0, 3) [0.15374861991679778 0.004158884861416576 0.004680346860948346] 15 5906.591487646103s
2022-07-22 03:42:09.917718 (1.0, 100000.0, 29, 10.0, 0.3, 0.287, 2.0, 3) [0.11966794852766911 0.004168045441223465 0.003907055104039772] 15 27335.329705953598s
2022-07-22 03:48:33.270810 (1.0, 100000.0, 18, 10.0, 0.3, 0.289, 2.0, 3) [0.18378154126080395 0.0038003235299697373 0.005432689575032537] 15 3496.0139915943146s
2022-07-22 03:57:15.634749 (1.0, 100000.0, 19, 10.0, 0.3, 0.288, 2.0, 3) [0.17697659370750402 0.004222281843516392 0.004870404293085437] 15 4628.125615358353s
2022-07-22 04:03:55.403571 (1.0, 100000.0, 23, 10.0, 0.3, 0.288, 2.0, 3) [0.14967548721823046 0.0030730067897812596 0.004152000570814102] 15 9060.233811855316s
2022-07-22 04:09:27.558159 (1.0, 100000.0, 30, 10.0, 0.3, 0.289, 2.0, 3) [0.11338277109873725 0.004102793457619514 0.004487798448209816] 15 35445.1539683342s
2022-07-22 04:15:36.905589 (1.0, 100000.0, 20, 10.0, 0.3, 0.288, 2.0, 3) [0.1689633341728015 0.005036399228732185 0.00471473423353808] 15 3378.7039954662323s
2022-07-22 04:45:06.090570 (1.0, 100000.0, 18, 10.0, 0.3, 0.289, 2.0, 3) [0.18947577270070595 0.00715225336377415 0.0044337607094092155] 15 3392.8171734809875s
2022-07-22 04:58:32.150681 (1.0, 100000.0, 24, 10.0, 0.3, 0.289, 2.0, 3) [0.140572516426264 0.0035582857932733975 0.0047603643574313384] 15 13538.426065206528s
2022-07-22 05:05:43.076600 (1.0, 100000.0, 21, 10.0, 0.3, 0.289, 2.0, 3) [0.15821253658058626 0.0034903754132934645 0.005263110664416129] 15 5703.205119848251s
2022-07-22 05:10:47.946229 (1.0, 100000.0, 25, 10.0, 0.3, 0.288, 2.0, 3) [0.139362586531148 0.004724912834600516 0.003821060639224267] 15 14119.426457881927s
2022-07-22 05:11:40.693316 (1.0, 100000.0, 20, 10.0, 0.3, 0.288, 2.0, 3) [0.17068602054738263 0.005530402811601474 0.00441158757610187] 15 3363.7847740650177s
2022-07-22 05:13:41.294471 (1.0, 100000.0, 19, 10.0, 0.3, 0.289, 2.0, 3) [0.17420088394348285 0.003799276741598131 0.005415803874918029] 15 4582.1089923381805s
2022-07-22 05:18:30.417245 (1.0, 100000.0, 22, 10.0, 0.3, 0.29, 2.0, 3) [0.14915468069974228 0.004004504713599404 0.005711005418896697] 15 5907.530287027359s
2022-07-22 05:41:44.315443 (1.0, 100000.0, 18, 10.0, 0.3, 0.289, 2.0, 3) [0.18844005662981664 0.0053142150671631905 0.004607571285964071] 15 3398.2220079898834s
2022-07-22 05:57:37.985350 (1.0, 100000.0, 25, 10.0, 0.3, 0.287, 2.0, 3) [0.13948776806270738 0.003073483320200854 0.0037915061596006942] 10 12090.486887931824s
2022-07-22 06:00:35.861055 (1.0, 100000.0, 27, 10.0, 0.3, 0.29, 2.0, 3) [0.12194447837236241 0.0037662898710494135 0.00558402888715572] 15 18039.60023832321s
2022-07-22 06:07:25.773349 (1.0, 100000.0, 20, 10.0, 0.3, 0.288, 2.0, 3) [0.16992103117988472 0.0032831074875343874 0.004526499353935508] 15 3345.07733297348s
2022-07-22 06:23:40.978578 (1.0, 100000.0, 27, 10.0, 0.3, 0.29, 2.0, 3) [0.12501565714405816 0.002151324574329474 0.004736322628646774] 10 21605.49986743927s
2022-07-22 06:28:12.741746 (1.0, 100000.0, 28, 10.0, 0.3, 0.288, 2.0, 3) [0.12182174520749287 0.002831611213665152 0.004411367603686436] 10 14576.311756372452s
2022-07-22 06:29:37.663466 (1.0, 100000.0, 19, 10.0, 0.3, 0.289, 2.0, 3) [0.18269598855812363 0.004954892211562416 0.003933456239499552] 15 4556.367043733597s
2022-07-22 06:36:52.625254 (1.0, 100000.0, 23, 10.0, 0.3, 0.288, 2.0, 3) [0.14864722592584928 0.005147766044288057 0.004344661691629528] 15 9177.219247817993s
2022-07-22 06:38:30.190399 (1.0, 100000.0, 21, 10.0, 0.3, 0.289, 2.0, 3) [0.16104216369834956 0.0017894884615897223 0.004684569734633802] 15 5567.110792398453s
2022-07-22 06:39:10.956812 (1.0, 100000.0, 18, 10.0, 0.3, 0.289, 2.0, 3) [0.18985153304391228 0.003934327310563788 0.004375857730268701] 15 3446.6389236450195s
2022-07-22 06:52:04.788899 (1.0, 100000.0, 26, 10.0, 0.3, 0.288, 2.0, 3) [0.13423398595828975 0.003603654074985315 0.0037803111095399506] 15 14857.866736650467s
2022-07-22 06:57:10.337525 (1.0, 100000.0, 22, 10.0, 0.3, 0.29, 2.0, 3) [0.15293755338117404 0.003815902936708356 0.004835233456557138] 15 5919.913301229477s
2022-07-22 07:03:35.412775 (1.0, 100000.0, 20, 10.0, 0.3, 0.288, 2.0, 3) [0.17556861489521233 0.004260815354143132 0.003623179751918483] 15 3369.6367797851562s
2022-07-22 07:35:24.390812 (1.0, 100000.0, 18, 10.0, 0.3, 0.289, 2.0, 3) [0.18856226225114975 0.005146326469302866 0.004579115359567125] 15 3373.4314861297607s
2022-07-22 07:45:32.538545 (1.0, 100000.0, 19, 10.0, 0.3, 0.289, 2.0, 3) [0.17923979009371793 0.0028461152970859008 0.004482904010777534] 15 4554.87286734581s
2022-07-22 07:59:14.590204 (1.0, 100000.0, 20, 10.0, 0.3, 0.288, 2.0, 3) [0.16478039136492553 0.004515103107247309 0.005552330483355557] 15 3339.172935962677s
2022-07-22 08:13:53.921675 (1.0, 100000.0, 21, 10.0, 0.3, 0.289, 2.0, 3) [0.15938573066857903 0.0026940664823089646 0.005012742452975822] 15 5723.7277302742s
2022-07-22 08:34:34.819290 (1.0, 100000.0, 18, 10.0, 0.3, 0.287, 2.0, 3) [0.1890355928811919 0.005228215840512645 0.004503754198919476] 15 3546.6951611042023s
2022-07-22 08:35:20.214599 (1.0, 100000.0, 22, 10.0, 0.3, 0.29, 2.0, 3) [0.1534190927681926 0.0037412430280667195 0.004750254246885583] 15 5889.874368906021s
2022-07-22 08:57:34.914648 (1.0, 100000.0, 20, 10.0, 0.3, 0.287, 2.0, 3) [0.17261498955236715 0.0025059703513944055 0.004070286864640624] 15 3496.0091831684113s
2022-07-22 09:00:56.651649 (1.0, 100000.0, 24, 10.0, 0.3, 0.289, 2.0, 3) [0.13934172573455675 0.005798981866789945 0.005035882276545614] 15 14544.498116016388s
2022-07-22 09:01:21.947443 (1.0, 100000.0, 19, 10.0, 0.3, 0.289, 2.0, 3) [0.17633661601559403 0.00372796292517602 0.004994451820411464] 15 4549.406575679779s
2022-07-22 09:06:45.615652 (1.0, 100000.0, 25, 10.0, 0.3, 0.288, 2.0, 3) [0.1359479897565316 0.003004211724919432 0.004508540087780092] 15 14157.665514945984s
2022-07-22 09:07:41.976900 (1.0, 100000.0, 23, 10.0, 0.3, 0.288, 2.0, 3) [0.15178737839741888 0.005159216235611453 0.003768449173256954] 15 9049.348483800888s
2022-07-22 09:18:40.065117 (1.0, 100000.0, 25, 10.0, 0.3, 0.287, 2.0, 3) [0.13450489417448752 0.0036653868275118846 0.00485141212616119] 10 12062.07699561119s
2022-07-22 09:33:10.604286 (1.0, 100000.0, 18, 10.0, 0.3, 0.287, 2.0, 3) [0.19119249911706945 0.004545140833705398 0.004168833160868638] 15 3515.78223156929s
2022-07-22 09:33:25.805794 (1.0, 100000.0, 28, 10.0, 0.3, 0.287, 2.0, 3) [0.12476085952979106 0.00445214600094216 0.0037362810827229324] 15 39353.681181907654s
2022-07-22 09:45:17.472270 (1.0, 100000.0, 29, 10.0, 0.3, 0.288, 2.0, 3) [0.118845920834549 0.0038156250042668473 0.00409864976487301] 10 31036.988747358322s
2022-07-22 09:51:58.236406 (1.0, 100000.0, 21, 10.0, 0.3, 0.289, 2.0, 3) [0.1610184434950847 0.0041008260944851585 0.004682684146727442] 15 5884.31228017807s
2022-07-22 09:54:11.480617 (1.0, 100000.0, 20, 10.0, 0.3, 0.287, 2.0, 3) [0.1702339329878846 0.0036502969868054133 0.004477944414649467] 15 3396.56366109848s
2022-07-22 10:13:50.638914 (1.0, 100000.0, 22, 10.0, 0.3, 0.29, 2.0, 3) [0.15302442515029488 0.0032502386559208887 0.004832362087366816] 15 5910.41774392128s
2022-07-22 10:17:16.306347 (1.0, 100000.0, 19, 10.0, 0.3, 0.289, 2.0, 3) [0.17844641988533017 0.003824896052995019 0.004619138377659843] 15 4554.356629371643s
2022-07-22 10:18:26.099107 (1.0, 100000.0, 26, 10.0, 0.3, 0.29, 2.0, 3) [0.1306731621297904 0.002690205202582314 0.0045409754821311935] 10 83126.44130945206s
2022-07-22 10:30:42.897906 (1.0, 100000.0, 18, 10.0, 0.3, 0.287, 2.0, 3) [0.1915790005631161 0.003691584404375479 0.004116266101753471] 15 3452.2913925647736s
2022-07-22 10:31:10.564191 (1.0, 100000.0, 28, 10.0, 0.3, 0.287, 2.0, 3) [0.1251174644979756 0.0024386765461260535 0.003663834056908222] 10 14574.25472831726s
2022-07-22 10:50:39.226892 (1.0, 100000.0, 20, 10.0, 0.3, 0.287, 2.0, 3) [0.1695253226397063 0.002115195318443127 0.004599599182847356] 15 3387.7433190345764s
2022-07-22 10:59:47.520866 (1.0, 100000.0, 26, 10.0, 0.3, 0.288, 2.0, 3) [0.13381260735380177 0.005667481101538965 0.003846042156345012] 15 14862.728678941727s
2022-07-22 11:03:53.588055 (1.0, 100000.0, 27, 10.0, 0.3, 0.29, 2.0, 3) [0.12305713693912908 0.0032080659239588486 0.005255670706307959] 15 18197.718941688538s
2022-07-22 11:15:30.076085 (1.0, 100000.0, 29, 10.0, 0.3, 0.287, 2.0, 3) [0.12421152840677091 0.003228996540330423 0.0030165123610624363] 15 27200.155465841293s
2022-07-22 11:24:32.001035 (1.0, 100000.0, 21, 10.0, 0.3, 0.289, 2.0, 3) [0.16021342374569758 0.0036511618555087936 0.004848412311091772] 15 5553.761855363846s
2022-07-22 11:28:46.551227 (1.0, 100000.0, 18, 10.0, 0.3, 0.287, 2.0, 3) [0.18731416297755069 0.004438448620420077 0.004790662949264484] 15 3483.641578912735s
2022-07-22 11:29:33.796847 (1.0, 100000.0, 29, 10.0, 0.3, 0.288, 2.0, 3) [0.12108414110523531 0.002682705429509585 0.003609661351998349] 10 28562.25777721405s
2022-07-22 11:33:05.214244 (1.0, 100000.0, 19, 10.0, 0.3, 0.289, 2.0, 3) [0.17504084529664368 0.0033287263953107765 0.00523641267272627] 15 4548.90563416481s
2022-07-22 11:39:45.947904 (1.0, 100000.0, 23, 10.0, 0.3, 0.288, 2.0, 3) [0.15099911511158562 0.0038435626176571286 0.003910094918271055] 15 9123.967646598816s
2022-07-22 11:47:08.772330 (1.0, 100000.0, 20, 10.0, 0.3, 0.287, 2.0, 3) [0.1740910607877645 0.004149824455404359 0.0038394769806802034] 15 3389.528505563736s
2022-07-22 11:52:23.940084 (1.0, 100000.0, 22, 10.0, 0.3, 0.29, 2.0, 3) [0.15598380973005194 0.002844609546837325 0.004256653494859014] 15 5913.295734167099s
2022-07-22 12:24:09.096852 (1.0, 100000.0, 27, 10.0, 0.3, 0.29, 2.0, 3) [0.12363224695330141 0.0026913541333809287 0.005095432655278906] 10 21628.114149808884s
2022-07-22 12:25:23.126076 (1.0, 100000.0, 24, 10.0, 0.3, 0.289, 2.0, 3) [0.14204490157491134 0.001873986952811164 0.0044357040268024435] 15 12266.469789981842s
2022-07-22 12:27:21.754959 (1.0, 100000.0, 18, 10.0, 0.3, 0.287, 2.0, 3) [0.19078113456903625 0.003237358573462032 0.00423424448478543] 15 3515.2008900642395s
2022-07-22 12:38:32.906132 (1.0, 100000.0, 25, 10.0, 0.3, 0.287, 2.0, 3) [0.1391453770198162 0.002335057223523264 0.0038516838816259084] 10 11992.838157892227s
2022-07-22 12:43:45.798679 (1.0, 100000.0, 20, 10.0, 0.3, 0.287, 2.0, 3) [0.1697376038999878 0.006604700755771756 0.0045595539276071005] 15 3397.022970199585s
2022-07-22 12:49:00.161393 (1.0, 100000.0, 19, 10.0, 0.3, 0.289, 2.0, 3) [0.17728107186240005 0.0030033320588096148 0.00482215348852543] 15 4554.944073200226s
2022-07-22 12:58:56.817082 (1.0, 100000.0, 21, 10.0, 0.3, 0.289, 2.0, 3) [0.16284031884487993 0.00353772116521789 0.0043569302422741445] 15 5664.8114240169525s
2022-07-22 13:01:57.433745 (1.0, 100000.0, 25, 10.0, 0.3, 0.288, 2.0, 3) [0.13697464356161346 0.0054683952640888975 0.004293359967581307] 15 14111.812982797623s
2022-07-22 13:24:52.174389 (1.0, 100000.0, 18, 10.0, 0.3, 0.287, 2.0, 3) [0.18960646423840308 0.0052233383861673335 0.004408381138604863] 15 3450.4160277843475s
2022-07-22 13:30:42.096671 (1.0, 100000.0, 22, 10.0, 0.3, 0.29, 2.0, 3) [0.15058560339314322 0.003631590047754736 0.005361760923339189] 15 5898.152758836746s
2022-07-22 13:37:47.605500 (1.0, 100000.0, 30, 10.0, 0.3, 0.289, 2.0, 3) [0.1169380445693144 0.002756419934942116 0.003628925029708904] 15 34100.04421758652s
2022-07-22 13:40:28.612453 (1.0, 100000.0, 20, 10.0, 0.3, 0.287, 2.0, 3) [0.17180644689710342 0.0034895411148462537 0.004209136200363622] 15 3402.8099303245544s
2022-07-22 13:48:14.472862 (1.0, 100000.0, 30, 10.0, 0.3, 0.289, 2.0, 3) [0.11363078867148267 0.004091827297099973 0.004418372651272315] 10 57863.09238791466s
2022-07-22 14:05:24.395630 (1.0, 100000.0, 19, 10.0, 0.3, 0.289, 2.0, 3) [0.17928117239392477 0.0035888373015466593 0.004464017173417043] 15 4584.2321791648865s
2022-07-22 14:11:51.219146 (1.0, 100000.0, 23, 10.0, 0.3, 0.288, 2.0, 3) [0.14984670228365152 0.0023579702954058487 0.004111837141848534] 15 9125.267232179642s
2022-07-22 14:22:34.764927 (1.0, 100000.0, 18, 10.0, 0.3, 0.287, 2.0, 3) [0.19347783751479009 0.004607917714521296 0.0038463223266858295] 15 3462.5878105163574s
2022-07-22 14:28:30.890591 (1.0, 100000.0, 21, 10.0, 0.3, 0.288, 2.0, 3) [0.16001296612701216 0.005070253748487949 0.004875710194271426] 15 5370.534079790115s
2022-07-22 14:34:42.464216 (1.0, 100000.0, 28, 10.0, 0.3, 0.287, 2.0, 3) [0.1251387145796477 0.002625662636636018 0.0036555698084531378] 10 14611.898045301437s
2022-07-22 14:36:59.638373 (1.0, 100000.0, 20, 10.0, 0.3, 0.287, 2.0, 3) [0.17199009583988106 0.0028754524027400637 0.004175013265410131] 15 3391.021853685379s
2022-07-22 15:07:26.697912 (1.0, 100000.0, 26, 10.0, 0.3, 0.288, 2.0, 3) [0.1295706065055164 0.003076049822727751 0.004791436801499505] 15 14859.152251958847s
2022-07-22 15:09:05.791042 (1.0, 100000.0, 22, 10.0, 0.3, 0.29, 2.0, 3) [0.15576695463236798 0.003304614131847415 0.0042837098319282625] 15 5903.6917514801025s
2022-07-22 15:21:31.934046 (1.0, 100000.0, 19, 10.0, 0.3, 0.289, 2.0, 3) [0.17797162682586276 0.0032923215168203595 0.004686070110582951] 15 4567.53559756279s
2022-07-22 15:22:00.067467 (1.0, 100000.0, 18, 10.0, 0.3, 0.287, 2.0, 3) [0.18955243943665392 0.002952668399139644 0.004411284227005413] 15 3565.3000457286835s
2022-07-22 15:33:52.094947 (1.0, 100000.0, 20, 10.0, 0.3, 0.287, 2.0, 3) [0.17365958304018436 0.0030428325321579337 0.003911322141669073] 15 3412.4523718357086s
2022-07-22 15:58:31.560266 (1.0, 100000.0, 25, 10.0, 0.3, 0.287, 2.0, 3) [0.13848933000924868 0.0038451226347344597 0.003988461516652097] 10 11998.650453805923s
2022-07-22 15:59:04.335272 (1.0, 100000.0, 21, 10.0, 0.3, 0.288, 2.0, 3) [0.16061484121585662 0.0038284959541080455 0.004761359751760009] 15 5433.43626332283s
2022-07-22 16:03:27.139358 (1.0, 100000.0, 24, 10.0, 0.3, 0.289, 2.0, 3) [0.1417472837922171 0.005470538495831167 0.004487944647473565] 15 13084.00380396843s
2022-07-22 16:10:51.418537 (1.0, 100000.0, 27, 10.0, 0.3, 0.29, 2.0, 3) [0.12462826099704744 0.005148927955676998 0.004831886351877471] 15 18417.82580113411s
2022-07-22 16:19:29.411377 (1.0, 100000.0, 18, 10.0, 0.3, 0.287, 2.0, 3) [0.18910246630119817 0.0037854800175251874 0.0044840773563928245] 15 3449.3415281772614s
2022-07-22 16:30:39.116158 (1.0, 100000.0, 20, 10.0, 0.3, 0.287, 2.0, 3) [0.17487750860032 0.004737367450778311 0.0037205686119874066] 15 3407.01021528244s
2022-07-22 16:37:48.195039 (1.0, 100000.0, 19, 10.0, 0.3, 0.289, 2.0, 3) [0.17690606529562594 0.0033326874615192824 0.004891182069094901] 15 4576.258636713028s
2022-07-22 16:40:57.505127 (1.0, 100000.0, 23, 10.0, 0.3, 0.288, 2.0, 3) [0.14957928952947727 0.00554864042306543 0.0041671221468223335] 15 8946.281753778458s
2022-07-22 16:51:17.353405 (1.0, 100000.0, 22, 10.0, 0.3, 0.287, 2.0, 3) [0.16051994336273265 0.0034727174426432564 0.003480200369642102] 15 6127.134236335754s
2022-07-22 17:01:09.342855 (1.0, 100000.0, 25, 10.0, 0.3, 0.288, 2.0, 3) [0.13811080279187835 0.0026182302349300078 0.004060288641201189] 15 14351.905927181244s
2022-07-22 17:16:51.542291 (1.0, 100000.0, 18, 10.0, 0.3, 0.287, 2.0, 3) [0.19166798583000005 0.003908754909308407 0.004103366462099706] 15 3442.128327846527s
2022-07-22 17:27:28.007016 (1.0, 100000.0, 20, 10.0, 0.3, 0.287, 2.0, 3) [0.17459527224095567 0.0043066552369455365 0.003770794631670368] 15 3408.8840165138245s
2022-07-22 17:27:53.001009 (1.0, 100000.0, 21, 10.0, 0.3, 0.288, 2.0, 3) [0.1647924103605976 0.005520390559555925 0.004009255713929755] 15 5328.663079500198s
2022-07-22 17:53:43.125461 (1.0, 100000.0, 19, 10.0, 0.3, 0.289, 2.0, 3) [0.1800620311708751 0.004360103113502823 0.004348468663956927] 15 4554.92790722847s
2022-07-22 18:14:39.250198 (1.0, 100000.0, 18, 10.0, 0.3, 0.287, 2.0, 3) [0.1944713618153676 0.0051354094270467145 0.0037115039657569272] 15 3467.7051248550415s
2022-07-22 18:23:36.457657 (1.0, 100000.0, 29, 10.0, 0.3, 0.288, 2.0, 3) [0.11871889452658783 0.003463238556396899 0.004128331865687414] 10 31098.98222208023s
2022-07-22 18:24:17.564891 (1.0, 100000.0, 27, 10.0, 0.3, 0.29, 2.0, 3) [0.12347647064959504 0.0030394295147684646 0.005139168565537336] 10 21608.450706481934s
2022-07-22 18:24:22.114858 (1.0, 100000.0, 20, 10.0, 0.3, 0.287, 2.0, 3) [0.17135617430546654 0.0028383874747160667 0.004280594663253251] 15 3414.1042819023132s
2022-07-22 18:31:37.641835 (1.0, 100000.0, 22, 10.0, 0.3, 0.287, 2.0, 3) [0.16130330209141375 0.003379972474655375 0.0033673004485149562] 15 6020.285841703415s
2022-07-22 18:38:24.892094 (1.0, 100000.0, 28, 10.0, 0.3, 0.287, 2.0, 3) [0.12622233630144444 0.0023072504842813527 0.003446030795948876] 10 14622.425384998322s
2022-07-22 18:48:47.330821 (1.0, 100000.0, 29, 10.0, 0.3, 0.287, 2.0, 3) [0.1196954630016106 0.0021115267034783627 0.003901181274756918] 15 27197.252332687378s
2022-07-22 18:55:53.975316 (1.0, 100000.0, 21, 10.0, 0.3, 0.288, 2.0, 3) [0.16128702406365214 0.0043674794871572074 0.004636825548141862] 15 5280.97159075737s
2022-07-22 19:09:41.806810 (1.0, 100000.0, 19, 10.0, 0.3, 0.289, 2.0, 3) [0.17665708411289202 0.0035656812615953546 0.0049403314400805745] 15 4558.678783655167s
2022-07-22 19:12:13.505939 (1.0, 100000.0, 18, 10.0, 0.3, 0.287, 2.0, 3) [0.19124382849798136 0.0031572882436110947 0.004158945066367952] 15 3454.253092288971s
2022-07-22 19:12:22.973454 (1.0, 100000.0, 23, 10.0, 0.3, 0.288, 2.0, 3) [0.14980315094091926 0.004409687106729545 0.004123201121448197] 15 9085.463988304138s
2022-07-22 19:16:45.054489 (1.0, 100000.0, 26, 10.0, 0.3, 0.288, 2.0, 3) [0.1315971119946949 0.002771259497065463 0.004316760314454019] 15 14958.353741645813s
2022-07-22 19:18:59.885986 (1.0, 100000.0, 25, 10.0, 0.3, 0.287, 2.0, 3) [0.1412718895046952 0.004720127462668177 0.0034666798225911123] 10 12028.323078155518s
2022-07-22 19:21:04.143510 (1.0, 100000.0, 20, 10.0, 0.3, 0.287, 2.0, 3) [0.1678837878422685 0.004452941716620985 0.00491334302139576] 15 3402.0256481170654s
2022-07-22 19:32:16.834078 (1.0, 100000.0, 29, 10.0, 0.3, 0.288, 2.0, 3) [0.11774577659338502 0.003473817289760984 0.004367895732732021] 10 28963.033510684967s
2022-07-22 19:55:40.597506 (1.0, 100000.0, 24, 10.0, 0.3, 0.289, 2.0, 3) [0.14250862446582135 0.0038768860937180966 0.004339588617924195] 15 13933.454509019852s
2022-07-22 20:09:28.353354 (1.0, 100000.0, 18, 10.0, 0.3, 0.287, 2.0, 3) [0.18993089725638498 0.004419644750379915 0.0043628726358663295] 15 3434.8451068401337s
2022-07-22 20:11:52.006652 (1.0, 100000.0, 22, 10.0, 0.3, 0.287, 2.0, 3) [0.15811074835114 0.0024108475990717885 0.0038612166707703557] 15 6014.362192392349s
2022-07-22 20:11:58.689029 (1.0, 100000.0, 28, 10.0, 0.3, 0.287, 2.0, 3) [0.12254924173012323 0.0035123668417075564 0.00422105424322946] 15 38312.88121056557s
2022-07-22 20:17:15.707158 (1.0, 100000.0, 20, 10.0, 0.3, 0.287, 2.0, 3) [0.17412484758352076 0.003197311867153878 0.003841398553391052] 15 3371.559538602829s
2022-07-22 20:23:14.302274 (1.0, 100000.0, 21, 10.0, 0.3, 0.288, 2.0, 3) [0.16126523405857165 0.0029793682336613854 0.004631154093582051] 15 5240.318537950516s
2022-07-22 20:25:35.951434 (1.0, 100000.0, 19, 10.0, 0.3, 0.289, 2.0, 3) [0.1773333034773326 0.0044912647835185105 0.004813498506036009] 15 4554.142051696777s
2022-07-22 20:58:33.779875 (1.0, 100000.0, 25, 10.0, 0.3, 0.288, 2.0, 3) [0.13725484287394096 0.0028988552968306925 0.0042313061361434765] 15 14244.434262514114s
2022-07-22 21:06:59.994777 (1.0, 100000.0, 18, 10.0, 0.3, 0.287, 2.0, 3) [0.18353339412672126 0.004394944677514879 0.00547307917465297] 15 3451.6391248703003s
2022-07-22 21:13:16.672262 (1.0, 100000.0, 20, 10.0, 0.3, 0.287, 2.0, 3) [0.17045787492820264 0.004521959359552123 0.004455920311081066] 15 3360.962237596512s
2022-07-22 21:13:31.157983 (1.0, 100000.0, 27, 10.0, 0.3, 0.29, 2.0, 3) [0.12289553217387451 0.0036740286053109266 0.00531419387616478] 15 18159.735054016113s
2022-07-22 21:41:34.910475 (1.0, 100000.0, 19, 10.0, 0.3, 0.289, 2.0, 3) [0.1772024417023191 0.0030650629932098515 0.004828192012220783] 15 4558.956652641296s
2022-07-22 21:42:23.186614 (1.0, 100000.0, 23, 10.0, 0.3, 0.288, 2.0, 3) [0.14924233912224225 0.004396693275965325 0.004232185887547254] 15 9000.21029829979s
2022-07-22 21:51:25.267406 (1.0, 100000.0, 22, 10.0, 0.3, 0.287, 2.0, 3) [0.1583578304441009 0.005123457024683616 0.003822522879889884] 15 5973.25691485405s
2022-07-22 21:52:26.804736 (1.0, 100000.0, 21, 10.0, 0.3, 0.288, 2.0, 3) [0.1647960028179441 0.0048372733829735335 0.004004000750931024] 15 5352.499475240707s
2022-07-22 22:04:36.168339 (1.0, 100000.0, 18, 10.0, 0.3, 0.287, 2.0, 3) [0.1936300670228475 0.0066139890086939586 0.003820774590647348] 15 3456.170572042465s
2022-07-22 22:09:53.435834 (1.0, 100000.0, 20, 10.0, 0.3, 0.287, 2.0, 3) [0.17493992355776078 0.0035496575489380876 0.003718667249961163] 15 3396.7605974674225s
2022-07-22 22:38:58.621912 (1.0, 100000.0, 25, 10.0, 0.3, 0.287, 2.0, 3) [0.13877530658974702 0.0025759075907178662 0.003932274855611744] 10 11998.733433246613s
2022-07-22 22:40:26.760091 (1.0, 100000.0, 28, 10.0, 0.3, 0.287, 2.0, 3) [0.12555681859754023 0.0020291089637294317 0.0035744800411393056] 10 14521.865492582321s
2022-07-22 22:57:58.303826 (1.0, 100000.0, 19, 10.0, 0.3, 0.289, 2.0, 3) [0.17884848507383466 0.005791395031150534 0.004547833806876447] 15 4583.391055583954s
2022-07-22 23:16:15.665182 (1.0, 100000.0, 30, 10.0, 0.3, 0.289, 2.0, 3) [0.11340667512151265 0.0038771246494826877 0.004487486570885689] 15 34708.05679273605s
2022-07-22 23:17:19.990384 (1.0, 100000.0, 21, 10.0, 0.3, 0.288, 2.0, 3) [0.16356128295994168 0.002794114216398284 0.004200345079119483] 15 5093.179870128632s
2022-07-22 23:22:24.865328 (1.0, 100000.0, 26, 10.0, 0.3, 0.288, 2.0, 3) [0.13109549097192483 0.002458302754912416 0.0044192055937729196] 15 14739.80793595314s
2022-07-22 23:31:20.410852 (1.0, 100000.0, 22, 10.0, 0.3, 0.287, 2.0, 3) [0.1559661174791544 0.0036178316073046434 0.004244815803777567] 15 5995.1404485702515s
2022-07-23 00:13:19.957766 (1.0, 100000.0, 19, 10.0, 0.3, 0.287, 2.0, 3) [0.17654031690517602 0.0059733297781178855 0.0049495230490053145] 15 4518.122512578964s
2022-07-23 00:14:48.031360 (1.0, 100000.0, 23, 10.0, 0.3, 0.288, 2.0, 3) [0.1457903103144503 0.005375291629237652 0.004945723261929646] 15 9144.841329097748s
2022-07-23 00:40:47.945103 (1.0, 100000.0, 27, 10.0, 0.3, 0.29, 2.0, 3) [0.1267949753846154 0.003523255036642757 0.004299476400904233] 10 22590.372269153595s
2022-07-23 00:43:47.250738 (1.0, 100000.0, 21, 10.0, 0.3, 0.288, 2.0, 3) [0.16649216453663057 0.003908731451581204 0.0037322302514074457] 15 5187.256881952286s
2022-07-23 00:48:11.854819 (1.0, 100000.0, 24, 10.0, 0.3, 0.289, 2.0, 3) [0.14003538512548575 0.004375924054859529 0.004866450198611503] 15 17551.2537817955s
2022-07-23 00:53:09.331289 (1.0, 100000.0, 25, 10.0, 0.3, 0.288, 2.0, 3) [0.13909508106062254 0.005011928283050105 0.00387300431703449] 15 14075.543911457062s
2022-07-23 01:11:31.410967 (1.0, 100000.0, 22, 10.0, 0.3, 0.287, 2.0, 3) [0.1547620450967683 0.004009753548759585 0.004471769346082713] 15 6010.993150472641s
2022-07-23 01:30:37.007663 (1.0, 100000.0, 19, 10.0, 0.3, 0.287, 2.0, 3) [0.1846075312381663 0.005781590525030639 0.0036531576741327862] 15 4637.047988653183s
2022-07-23 01:57:19.097691 (1.0, 100000.0, 25, 10.0, 0.3, 0.287, 2.0, 3) [0.13665532593540605 0.004737806801753383 0.004362507718060112] 10 11900.473081111908s
2022-07-23 02:09:46.259104 (1.0, 100000.0, 21, 10.0, 0.3, 0.288, 2.0, 3) [0.16204292990701158 0.0035592828192831383 0.004490060190003215] 15 5159.005203008652s
2022-07-23 02:11:35.152446 (1.0, 100000.0, 27, 10.0, 0.3, 0.29, 2.0, 3) [0.12857812997099258 0.0025055887161724148 0.00391316900975804] 15 17883.99141383171s
2022-07-23 02:20:39.857028 (1.0, 100000.0, 29, 10.0, 0.3, 0.287, 2.0, 3) [0.12069278709448174 0.0024035561683651645 0.0036884217746470612] 15 27112.52293777466s
2022-07-23 02:44:31.407751 (1.0, 100000.0, 23, 10.0, 0.3, 0.288, 2.0, 3) [0.15030434523614106 0.0041501259807310105 0.004031156273936939] 15 8983.373639583588s
2022-07-23 02:47:44.864783 (1.0, 100000.0, 19, 10.0, 0.3, 0.287, 2.0, 3) [0.18012022911622033 0.003990834789623664 0.004326417854696775] 15 4627.854772090912s
2022-07-23 02:51:18.399753 (1.0, 100000.0, 22, 10.0, 0.3, 0.287, 2.0, 3) [0.15758999278540245 0.0034821268203988945 0.0039374163069700735] 15 5986.985705137253s
2022-07-23 02:51:55.482109 (1.0, 100000.0, 28, 10.0, 0.3, 0.287, 2.0, 3) [0.1251786851139375 0.004460350006743769 0.003653838636258529] 10 15088.719603538513s
2022-07-23 03:02:16.809604 (1.0, 100000.0, 29, 10.0, 0.3, 0.288, 2.0, 3) [0.11955196054821957 0.002917300806426991 0.003940137051383503] 10 31120.348581790924s
2022-07-23 03:26:19.786187 (1.0, 100000.0, 26, 10.0, 0.3, 0.288, 2.0, 3) [0.13374689988346014 0.0022744027394613685 0.0038610946600809524] 15 14634.918236494064s
2022-07-23 03:35:51.770824 (1.0, 100000.0, 29, 10.0, 0.3, 0.288, 2.0, 3) [0.11831368678782667 0.0033704103925585377 0.004231581999963911] 10 29014.93299984932s
2022-07-23 03:36:23.360867 (1.0, 100000.0, 26, 10.0, 0.3, 0.29, 2.0, 3) [0.1321043079893616 0.002296991573502882 0.004207023145526676] 10 62277.258996486664s
2022-07-23 03:36:51.943932 (1.0, 100000.0, 21, 10.0, 0.3, 0.288, 2.0, 3) [0.16050277323970757 0.0031329373561593153 0.004794491526142896] 15 5225.682354927063s
2022-07-23 04:05:00.388654 (1.0, 100000.0, 19, 10.0, 0.3, 0.287, 2.0, 3) [0.18296719088478225 0.004114554439545588 0.0038886946007878225] 15 4635.52143573761s
2022-07-23 04:31:18.144907 (1.0, 100000.0, 22, 10.0, 0.3, 0.287, 2.0, 3) [0.15322002504687285 0.0063048952882424816 0.004772551002815168] 15 5999.742555141449s
2022-07-23 04:40:27.384577 (1.0, 100000.0, 25, 10.0, 0.3, 0.29, 2.0, 3) [0.1323271979250125 0.004367927690362592 0.005404588679594502] 15 13630.836522340775s
2022-07-23 05:04:58.957542 (1.0, 100000.0, 21, 10.0, 0.3, 0.288, 2.0, 3) [0.16236234661634166 0.003768818367368722 0.004431520590679615] 15 5287.011223554611s
2022-07-23 05:15:23.477506 (1.0, 100000.0, 23, 10.0, 0.3, 0.288, 2.0, 3) [0.14946440753141235 0.0046953034109833884 0.0041801346882819135] 15 9052.066547393799s
2022-07-23 05:16:50.893952 (1.0, 100000.0, 25, 10.0, 0.3, 0.287, 2.0, 3) [0.14286496775584148 0.004825963499916818 0.003201815499303993] 10 11971.79360961914s
2022-07-23 05:22:19.226728 (1.0, 100000.0, 19, 10.0, 0.3, 0.287, 2.0, 3) [0.1792747358826479 0.004997661282535724 0.0044676177762694785] 15 4638.835647583008s
2022-07-23 06:00:29.969919 (1.0, 100000.0, 24, 10.0, 0.3, 0.289, 2.0, 3) [0.14108280448263125 0.004653164382844711 0.004634419214840697] 15 18738.10710120201s
2022-07-23 06:01:57.175015 (1.0, 100000.0, 30, 10.0, 0.3, 0.289, 2.0, 3) [0.1161062122849557 0.003751804496561218 0.003822166140940728] 10 58422.699494600296s
2022-07-23 06:11:09.871298 (1.0, 100000.0, 22, 10.0, 0.3, 0.287, 2.0, 3) [0.1547572491077281 0.003449768722920125 0.004463524044090246] 15 5991.723300218582s
2022-07-23 06:31:34.226150 (1.0, 100000.0, 21, 10.0, 0.3, 0.288, 2.0, 3) [0.16186517951317914 0.00280122083506416 0.0045193386212240725] 15 5195.264403820038s
2022-07-23 06:39:27.209681 (1.0, 100000.0, 19, 10.0, 0.3, 0.287, 2.0, 3) [0.17703287570220133 0.005744028609031898 0.004851804988468559] 15 4627.98073387146s
2022-07-23 06:52:52.136539 (1.0, 100000.0, 28, 10.0, 0.3, 0.287, 2.0, 3) [0.12495894254310201 0.003293999542275554 0.003699218100020841] 15 38453.4451777935s
2022-07-23 07:01:06.283826 (1.0, 100000.0, 28, 10.0, 0.3, 0.287, 2.0, 3) [0.12673178038278957 0.0016937697451699265 0.0033535290390463283] 10 14950.799063682556s
2022-07-23 07:08:23.810929 (1.0, 100000.0, 27, 10.0, 0.3, 0.29, 2.0, 3) [0.12089972474872916 0.004642688949487889 0.005888804192751707] 15 17808.655593395233s
2022-07-23 07:35:06.807844 (1.0, 100000.0, 26, 10.0, 0.3, 0.287, 2.0, 3) [0.13183090328116787 0.002851603020233862 0.004265115378028302] 15 14922.919873952866s
2022-07-23 07:46:44.318925 (1.0, 100000.0, 23, 10.0, 0.3, 0.288, 2.0, 3) [0.14788873505866604 0.0034093706764921727 0.004501007411311025] 15 9080.83799290657s
2022-07-23 07:51:00.651448 (1.0, 100000.0, 22, 10.0, 0.3, 0.287, 2.0, 3) [0.15091889457427016 0.003186713444881693 0.005274338247267494] 15 5990.776068210602s
2022-07-23 07:56:26.109246 (1.0, 100000.0, 19, 10.0, 0.3, 0.287, 2.0, 3) [0.18167142714928858 0.0037735173378160166 0.0040793410960640545] 15 4618.897257328033s
2022-07-23 07:58:15.851201 (1.0, 100000.0, 21, 10.0, 0.3, 0.288, 2.0, 3) [0.1630064852990328 0.0033395903047239808 0.00431301410986427] 15 5201.622230768204s
2022-07-23 08:31:21.530760 (1.0, 100000.0, 27, 10.0, 0.3, 0.29, 2.0, 3) [0.1263799913227374 0.003256694812217317 0.0044028068501975786] 10 28233.58132147789s
2022-07-23 08:35:43.211166 (1.0, 100000.0, 25, 10.0, 0.3, 0.287, 2.0, 3) [0.14011535408069245 0.003810750663989325 0.003670464747571584] 10 11932.314507961273s
2022-07-23 08:50:31.629724 (1.0, 100000.0, 30, 10.0, 0.3, 0.289, 2.0, 3) [0.11574160068063039 0.0024195789514838586 0.0039058330491170594] 15 34455.961847782135s
2022-07-23 09:13:53.591208 (1.0, 100000.0, 19, 10.0, 0.3, 0.287, 2.0, 3) [0.1816289648519614 0.004339658379578549 0.004095503511815209] 15 4647.47976398468s
2022-07-23 09:24:10.867997 (1.0, 100000.0, 21, 10.0, 0.3, 0.288, 2.0, 3) [0.1663584448253906 0.0031792735235764047 0.0037550507489768] 15 5155.013333559036s
2022-07-23 09:30:07.195368 (1.0, 100000.0, 22, 10.0, 0.3, 0.287, 2.0, 3) [0.1577473437758542 0.0023865517801847052 0.003931391116756593] 15 5946.539897918701s
2022-07-23 09:49:25.629493 (1.0, 100000.0, 29, 10.0, 0.3, 0.287, 2.0, 3) [0.12013871946045793 0.004349347649572732 0.003812393059288203] 15 26925.77002596855s
2022-07-23 10:15:28.976713 (1.0, 100000.0, 23, 10.0, 0.3, 0.288, 2.0, 3) [0.15026787475020215 0.003962552782771604 0.00403905368208647] 15 8924.65462422371s
2022-07-23 10:15:42.174349 (1.0, 100000.0, 25, 10.0, 0.3, 0.29, 2.0, 3) [0.13772982737172937 0.002016818630571574 0.0041509251060737155] 15 20114.786853790283s
2022-07-23 10:30:41.586219 (1.0, 100000.0, 19, 10.0, 0.3, 0.287, 2.0, 3) [0.17859568699627432 0.003955672782796499 0.00457882341219705] 15 4607.992958307266s
2022-07-23 11:01:25.377708 (1.0, 100000.0, 21, 10.0, 0.3, 0.288, 2.0, 3) [0.1689941123561748 0.005125953273895562 0.003360960449685883] 15 5834.506212949753s
2022-07-23 11:02:39.930501 (1.0, 100000.0, 28, 10.0, 0.3, 0.287, 2.0, 3) [0.1258177660635263 0.0025799608977745093 0.003523120893393232] 10 14493.64422082901s
2022-07-23 11:09:38.391067 (1.0, 100000.0, 22, 10.0, 0.3, 0.287, 2.0, 3) [0.15843170987331803 0.002816878771557442 0.003807822444313178] 15 5971.191353797913s
2022-07-23 11:14:40.245414 (1.0, 100000.0, 29, 10.0, 0.3, 0.288, 2.0, 3) [0.11805197108560886 0.0042719139937560545 0.004296822010685001] 10 29543.43277001381s
2022-07-23 11:41:00.022740 (1.0, 100000.0, 29, 10.0, 0.3, 0.288, 2.0, 3) [0.12019893645363418 0.0036706082748878843 0.003798652902050244] 10 29108.24786067009s
2022-07-23 11:47:20.556615 (1.0, 100000.0, 25, 10.0, 0.3, 0.288, 2.0, 3) [0.14060484483290545 0.0025087720952389975 0.0035907958074681483] 10 11493.867906808853s
2022-07-23 11:48:03.894820 (1.0, 100000.0, 19, 10.0, 0.3, 0.287, 2.0, 3) [0.180981915805364 0.004390181705203911 0.004188934522746994] 15 4642.306181907654s
2022-07-23 11:49:25.254304 (1.0, 100000.0, 26, 10.0, 0.3, 0.287, 2.0, 3) [0.1328310820021019 0.004630044744966247 0.004052511762868486] 15 15258.443017244339s
2022-07-23 11:50:21.937485 (1.0, 100000.0, 26, 10.0, 0.3, 0.29, 2.0, 3) [0.1308233082745427 0.002497074892234619 0.004500361117603469] 10 29638.56801390648s
2022-07-23 11:56:49.478536 (1.0, 100000.0, 24, 10.0, 0.3, 0.289, 2.0, 3) [0.14222041491015192 0.0026887302454053287 0.004401550910883807] 15 21379.504309415817s
2022-07-23 12:18:40.482341 (1.0, 100000.0, 27, 10.0, 0.3, 0.29, 2.0, 3) [0.12425347094145359 0.002401509768378259 0.004927841328949185] 15 18616.668071985245s
2022-07-23 12:39:00.183218 (1.0, 100000.0, 21, 10.0, 0.3, 0.287, 2.0, 3) [0.16958006370014192 0.005034064096049598 0.003285156593175144] 15 5641.941545963287s
2022-07-23 12:44:05.383987 (1.0, 100000.0, 23, 10.0, 0.3, 0.288, 2.0, 3) [0.1489228234423705 0.003657720551073599 0.0042865166581858025] 15 8916.404080867767s
2022-07-23 12:48:48.828341 (1.0, 100000.0, 22, 10.0, 0.3, 0.287, 2.0, 3) [0.15529824369834178 0.0040298538000135995 0.0043595148599376455] 15 5950.434406518936s
2022-07-23 13:05:24.974747 (1.0, 100000.0, 19, 10.0, 0.3, 0.287, 2.0, 3) [0.17879603091987803 0.0029756812884147617 0.004547318268901825] 15 4641.077276945114s
2022-07-23 14:12:46.848529 (1.0, 100000.0, 21, 10.0, 0.3, 0.287, 2.0, 3) [0.16456899111024986 0.0040878446142952225 0.004044525040457348] 15 5626.663366556168s
2022-07-23 14:22:54.857019 (1.0, 100000.0, 19, 10.0, 0.3, 0.287, 2.0, 3) [0.1798406605174107 0.0035116639331548316 0.004367829751862723] 15 4649.880046844482s
2022-07-23 14:27:50.239323 (1.0, 100000.0, 22, 10.0, 0.3, 0.287, 2.0, 3) [0.1588112050041244 0.0025986336524799853 0.0037481066185858954] 15 5941.407063484192s
2022-07-23 14:47:42.210249 (1.0, 100000.0, 27, 10.0, 0.3, 0.288, 2.0, 3) [0.12478676244518244 0.004247542665270931 0.004794234221994691] 10 22570.191126585007s
2022-07-23 15:03:14.799125 (1.0, 100000.0, 28, 10.0, 0.3, 0.287, 2.0, 3) [0.1253648208767723 0.002972276719556317 0.0036133741518189133] 10 14434.866162061691s
2022-07-23 15:06:55.909996 (1.0, 100000.0, 25, 10.0, 0.3, 0.288, 2.0, 3) [0.1379715748091169 0.0027336415062098386 0.004090278946986734] 10 11975.350682735443s
2022-07-23 15:12:18.502014 (1.0, 100000.0, 23, 10.0, 0.3, 0.288, 2.0, 3) [0.15255309974311243 0.003077657416644245 0.0036326691095464048] 15 8893.114063978195s
2022-07-23 15:39:38.924912 (1.0, 100000.0, 25, 10.0, 0.3, 0.29, 2.0, 3) [0.13504060922586558 0.0050191708724923985 0.004736334541026594] 15 19436.747490882874s
2022-07-23 15:40:22.060708 (1.0, 100000.0, 19, 10.0, 0.3, 0.287, 2.0, 3) [0.17876834120295568 0.003570935110625143 0.004551760871926188] 15 4647.201365470886s
2022-07-23 15:44:49.270173 (1.0, 100000.0, 21, 10.0, 0.3, 0.287, 2.0, 3) [0.1633860658493283 0.002905304260376534 0.004243947352975547] 15 5522.41873717308s
2022-07-23 16:04:14.546595 (1.0, 100000.0, 26, 10.0, 0.3, 0.287, 2.0, 3) [0.13257024604958484 0.004808275855588965 0.004103900750286114] 15 15289.287895202637s
2022-07-23 16:06:57.469564 (1.0, 100000.0, 22, 10.0, 0.3, 0.287, 2.0, 3) [0.15470165953120082 0.0023399282016909532 0.004477842474498866] 15 5947.227357387543s
2022-07-23 16:57:48.180054 (1.0, 100000.0, 19, 10.0, 0.3, 0.287, 2.0, 3) [0.18079957006247818 0.004856167347212629 0.0042151156433970225] 15 4646.117101192474s
2022-07-23 17:18:24.224871 (1.0, 100000.0, 29, 10.0, 0.3, 0.287, 2.0, 3) [0.12144520160309451 0.0030699493721907133 0.003533547928215776] 15 26938.588906764984s
2022-07-23 17:19:25.370237 (1.0, 100000.0, 26, 10.0, 0.3, 0.29, 2.0, 3) [0.13379655987881783 0.007094564716677928 0.0038596774082677986] 10 19743.426561832428s
2022-07-23 17:22:00.818192 (1.0, 100000.0, 21, 10.0, 0.3, 0.287, 2.0, 3) [0.1655872188949555 0.003759024853722959 0.003875923326885819] 15 5831.540298938751s
2022-07-23 17:30:30.581114 (1.0, 100000.0, 27, 10.0, 0.3, 0.29, 2.0, 3) [0.12029307600052969 0.00478010043960595 0.006085363975913032] 15 18710.095308303833s
2022-07-23 17:32:13.147303 (1.0, 100000.0, 28, 10.0, 0.3, 0.287, 2.0, 3) [0.12671778709880663 0.00439601889328113 0.003352082309624782] 15 38361.00855898857s
2022-07-23 17:46:23.930499 (1.0, 100000.0, 22, 10.0, 0.3, 0.288, 2.0, 3) [0.1574809429179631 0.002683609076111173 0.003966532755551122] 15 5963.175845384598s
2022-07-23 18:00:12.403034 (1.0, 100000.0, 23, 10.0, 0.3, 0.287, 2.0, 3) [0.15041883431045636 0.004457783088255859 0.004013013055565075] 15 10069.923949480057s
2022-07-23 18:15:04.648447 (1.0, 100000.0, 19, 10.0, 0.3, 0.287, 2.0, 3) [0.17679774491233194 0.004299137834849428 0.004904231557836237] 15 4636.466109752655s
2022-07-23 18:25:33.747991 (1.0, 100000.0, 25, 10.0, 0.3, 0.288, 2.0, 3) [0.14049529228084087 0.004835916986507594 0.00361200530308408] 10 11917.835447072983s
2022-07-23 18:52:46.364917 (1.0, 100000.0, 21, 10.0, 0.3, 0.287, 2.0, 3) [0.164209189440819 0.004128302922188721 0.004100859673676125] 15 5445.542553186417s
2022-07-23 19:02:15.813046 (1.0, 100000.0, 30, 10.0, 0.3, 0.289, 2.0, 3) [0.11433602599678089 0.003985092913908453 0.004243522015718195] 15 36704.18060255051s
2022-07-23 19:03:39.731184 (1.0, 100000.0, 28, 10.0, 0.3, 0.287, 2.0, 3) [0.12132125465189263 0.0030318571915044696 0.0045239349785264026] 10 14424.929602861404s
2022-07-23 19:24:24.963290 (1.0, 100000.0, 22, 10.0, 0.3, 0.288, 2.0, 3) [0.1579072858348853 0.0031635801489607717 0.003902838995678797] 15 5881.029403686523s
2022-07-23 19:25:26.390394 (1.0, 100000.0, 29, 10.0, 0.3, 0.288, 2.0, 3) [0.11815834154718696 0.0047680290786755765 0.004265807067474178] 10 29446.141228437424s
2022-07-23 19:45:12.093781 (1.0, 100000.0, 29, 10.0, 0.3, 0.288, 2.0, 3) [0.11808590490031443 0.0034583710543905303 0.00429018159672113] 10 29052.068637371063s
2022-07-23 20:19:02.456692 (1.0, 100000.0, 26, 10.0, 0.3, 0.287, 2.0, 3) [0.13469377796720092 0.0024039735948870656 0.0036749489163444625] 15 15287.905779838562s
2022-07-23 20:23:44.874407 (1.0, 100000.0, 21, 10.0, 0.3, 0.287, 2.0, 3) [0.16363003937721904 0.0036377300528864192 0.004198683462104329] 15 5458.5065360069275s
2022-07-23 20:29:05.997535 (1.0, 100000.0, 23, 10.0, 0.3, 0.287, 2.0, 3) [0.15124637369507934 0.002518094550303893 0.003861354516777938] 15 8933.591803073883s
2022-07-23 20:43:44.027176 (1.0, 100000.0, 27, 10.0, 0.3, 0.288, 2.0, 3) [0.12923280227589398 0.004766885119706637 0.003775480568796299] 10 21361.814551591873s
2022-07-23 20:50:44.471851 (1.0, 100000.0, 25, 10.0, 0.3, 0.29, 2.0, 3) [0.13376828484508102 0.0035114685898941663 0.005044343343952152] 15 18665.544328212738s
2022-07-23 21:02:51.547402 (1.0, 100000.0, 22, 10.0, 0.3, 0.288, 2.0, 3) [0.1529770824332192 0.002630687064070614 0.004831568472220783] 15 5906.57780623436s
2022-07-23 21:43:01.695744 (1.0, 100000.0, 25, 10.0, 0.3, 0.288, 2.0, 3) [0.13669750182279353 0.002169944883821883 0.00436427048348294] 10 11847.945189237595s
2022-07-23 21:54:45.299962 (1.0, 100000.0, 21, 10.0, 0.3, 0.287, 2.0, 3) [0.16324068472588832 0.004886811557877745 0.004269825034784272] 15 5460.422639131546s
2022-07-23 21:56:10.688648 (1.0, 100000.0, 30, 10.0, 0.3, 0.289, 2.0, 3) [0.11253599787742347 0.002703225290664455 0.004723785930872281] 10 57253.51146173477s
2022-07-23 22:40:57.806689 (1.0, 100000.0, 22, 10.0, 0.3, 0.288, 2.0, 3) [0.1554758413851183 0.0041171324765417565 0.004331607231144196] 15 5886.254464626312s
2022-07-23 22:42:04.519653 (1.0, 100000.0, 26, 10.0, 0.3, 0.29, 2.0, 3) [0.1296099383230954 0.002350707709320177 0.004782418970557598] 10 19359.143344163895s
2022-07-23 22:52:24.369997 (1.0, 100000.0, 27, 10.0, 0.3, 0.289, 2.0, 3) [0.12541538948805792 0.0029049907937226714 0.0046352998747167555] 15 19309.407269477844s
2022-07-23 23:04:03.606207 (1.0, 100000.0, 28, 10.0, 0.3, 0.287, 2.0, 3) [0.12147940505048409 0.003823475830485869 0.004480499202631651] 10 14423.872525691986s
2022-07-23 23:08:24.861844 (1.0, 100000.0, 23, 10.0, 0.3, 0.287, 2.0, 3) [0.14960314662544896 0.002673337392407845 0.004153735071742134] 15 9558.860696077347s
2022-07-23 23:25:41.100635 (1.0, 100000.0, 21, 10.0, 0.3, 0.287, 2.0, 3) [0.16373832309745498 0.0040783479292326895 0.00418463343728633] 15 5455.797214984894s
2022-07-24 00:20:00.160240 (1.0, 100000.0, 22, 10.0, 0.3, 0.288, 2.0, 3) [0.15594479649291307 0.0033094469935454596 0.004243986500340802] 15 5942.350004911423s
2022-07-24 00:33:00.808174 (1.0, 100000.0, 26, 10.0, 0.3, 0.287, 2.0, 3) [0.13200565125834274 0.0032561887966276073 0.0042229296420830675] 15 15238.348233938217s
2022-07-24 00:43:33.438199 (1.0, 100000.0, 29, 10.0, 0.3, 0.287, 2.0, 3) [0.11995299687204342 0.004293592447792724 0.0038508442181535672] 15 26709.210265636444s
2022-07-24 00:57:00.120744 (1.0, 100000.0, 21, 10.0, 0.3, 0.287, 2.0, 3) [0.1629917780220041 0.0054475184949191666 0.004311298105026511] 15 5479.016224145889s
2022-07-24 01:02:05.515111 (1.0, 100000.0, 25, 10.0, 0.3, 0.288, 2.0, 3) [0.1349396923580813 0.005130718476840513 0.004747030591180871] 10 11943.816849470139s
2022-07-24 01:06:12.982830 (1.0, 100000.0, 24, 10.0, 0.3, 0.287, 2.0, 3) [0.14244088446867958 0.002844290077380524 0.004343132786343955] 15 47358.98770236969s
2022-07-24 01:32:20.068468 (1.0, 100000.0, 23, 10.0, 0.3, 0.287, 2.0, 3) [0.15199555525674974 0.002542801600244506 0.003725863286111015] 15 8635.203672885895s
2022-07-24 01:59:03.162822 (1.0, 100000.0, 22, 10.0, 0.3, 0.288, 2.0, 3) [0.15678536255800793 0.004098679420547166 0.004091558326865248] 15 5942.999342918396s
2022-07-24 02:28:23.051869 (1.0, 100000.0, 21, 10.0, 0.3, 0.287, 2.0, 3) [0.1677889514600225 0.004262078366450919 0.0035393606843117506] 15 5482.928494930267s
2022-07-24 02:35:52.041937 (1.0, 100000.0, 27, 10.0, 0.3, 0.288, 2.0, 3) [0.12612921875811875 0.0027520937632232504 0.004453325672470334] 10 21128.01166534424s
2022-07-24 02:55:01.011627 (1.0, 100000.0, 25, 10.0, 0.3, 0.29, 2.0, 3) [0.13643221612760503 0.0033431321894822055 0.004419626435709718] 15 21856.536636829376s
2022-07-24 03:06:47.148887 (1.0, 100000.0, 28, 10.0, 0.3, 0.289, 2.0, 3) [0.1205166788202178 0.0033018844755511676 0.004736002699213578] 10 14553.813305139542s
2022-07-24 03:30:16.642426 (1.0, 100000.0, 29, 10.0, 0.3, 0.288, 2.0, 3) [0.12239774270048717 0.004282491038331654 0.003344816067908116] 10 29090.248357772827s
2022-07-24 03:38:19.780780 (1.0, 100000.0, 22, 10.0, 0.3, 0.288, 2.0, 3) [0.1574984857547843 0.004433848798716521 0.003968460213359475] 15 5956.614823579788s
2022-07-24 03:47:40.955699 (1.0, 100000.0, 29, 10.0, 0.3, 0.29, 2.0, 3) [0.11544448778104456 0.0037910509540701257 0.004997226056693891] 10 28944.36780691147s
2022-07-24 03:54:23.386493 (1.0, 100000.0, 23, 10.0, 0.3, 0.287, 2.0, 3) [0.15525667311603472 0.005001121882462016 0.0032180720504993497] 15 8523.314141750336s
2022-07-24 03:57:05.456938 (1.0, 100000.0, 21, 10.0, 0.3, 0.287, 2.0, 3) [0.16148403944900702 0.003123813839897807 0.0046022247809355] 15 5322.4018704891205s
2022-07-24 03:59:55.906318 (1.0, 100000.0, 27, 10.0, 0.3, 0.289, 2.0, 3) [0.12742018072093614 0.003766172847199046 0.004161938588359912] 15 18451.530720949173s
2022-07-24 04:07:26.866812 (1.0, 100000.0, 26, 10.0, 0.3, 0.29, 2.0, 3) [0.1292841110586301 0.002596358136421402 0.00486688913627633] 10 19522.344259023666s
2022-07-24 04:12:15.722413 (1.0, 100000.0, 28, 10.0, 0.3, 0.287, 2.0, 3) [0.1258622427362912 0.004108183833491942 0.003511866166303213] 15 38402.57294011116s
2022-07-24 04:20:54.296850 (1.0, 100000.0, 25, 10.0, 0.3, 0.288, 2.0, 3) [0.13871731642895768 0.0033006704262213814 0.003955153359652321] 10 11928.778216838837s
2022-07-24 04:47:26.957887 (1.0, 100000.0, 26, 10.0, 0.3, 0.287, 2.0, 3) [0.13818489149176538 0.0046881992102920395 0.0030714620576023683] 15 15266.14661026001s
2022-07-24 05:18:11.141919 (1.0, 100000.0, 22, 10.0, 0.3, 0.288, 2.0, 3) [0.15779660877899773 0.003013631094097495 0.003919244835024132] 15 5991.358482599258s
2022-07-24 05:25:38.461269 (1.0, 100000.0, 21, 10.0, 0.3, 0.287, 2.0, 3) [0.1654954911245185 0.002898912689150225 0.003890680761316419] 15 5313.000826358795s
2022-07-24 06:19:45.106799 (1.0, 100000.0, 23, 10.0, 0.3, 0.287, 2.0, 3) [0.1496485026625845 0.0032431738022062726 0.004147593166493668] 15 8721.717243909836s
2022-07-24 06:54:33.504929 (1.0, 100000.0, 21, 10.0, 0.3, 0.287, 2.0, 3) [0.16071692186488 0.0033116910789301054 0.0047373981965657085] 15 5335.040788412094s
2022-07-24 06:56:24.705425 (1.0, 100000.0, 22, 10.0, 0.3, 0.288, 2.0, 3) [0.15457048220989933 0.0036753707755161707 0.004512786422226894] 15 5893.555063724518s
2022-07-24 07:08:44.262080 (1.0, 100000.0, 28, 10.0, 0.3, 0.289, 2.0, 3) [0.12142307884245192 0.0036690794643464563 0.004503185117273844] 10 14517.110964298248s
2022-07-24 07:16:59.410410 (1.0, 100000.0, 30, 10.0, 0.3, 0.289, 2.0, 3) [0.11396954162778396 0.0022879663486971846 0.004337313734988808] 15 44083.59464216232s
2022-07-24 07:39:21.929205 (1.0, 100000.0, 25, 10.0, 0.3, 0.288, 2.0, 3) [0.13780908220259644 0.003970315577987043 0.004121429739877148] 10 11907.627840280533s
2022-07-24 08:09:43.257362 (1.0, 100000.0, 29, 10.0, 0.3, 0.287, 2.0, 3) [0.1252792343532021 0.005126202939636797 0.002833509041963703] 15 26769.816447019577s
2022-07-24 08:19:32.671093 (1.0, 100000.0, 27, 10.0, 0.3, 0.288, 2.0, 3) [0.12755247807064693 0.003090301659717707 0.004134895084438334] 10 20620.625105142593s
2022-07-24 08:23:21.579013 (1.0, 100000.0, 21, 10.0, 0.3, 0.287, 2.0, 3) [0.16603024166827002 0.0029667589529375937 0.0038036760063717766] 15 5328.07050037384s
2022-07-24 08:33:39.784193 (1.0, 100000.0, 22, 10.0, 0.3, 0.288, 2.0, 3) [0.15838676392400067 0.0028835747226127134 0.003822136913693081] 15 5835.075176954269s
2022-07-24 09:01:25.430198 (1.0, 100000.0, 26, 10.0, 0.3, 0.287, 2.0, 3) [0.1334183693584959 0.004324197271771105 0.003929473500295913] 15 15238.467379570007s
2022-07-24 09:07:00.894786 (1.0, 100000.0, 27, 10.0, 0.3, 0.289, 2.0, 3) [0.12416385711101666 0.0036327956364327137 0.004952322668579602] 15 18424.98421740532s
2022-07-24 09:13:03.662022 (1.0, 100000.0, 25, 10.0, 0.3, 0.29, 2.0, 3) [0.13536998911371034 0.003224866995633299 0.004657467736690917] 15 22682.64763379097s
2022-07-24 09:30:54.137540 (1.0, 100000.0, 23, 10.0, 0.3, 0.287, 2.0, 3) [0.1499873621467856 0.0024941846832532964 0.004082107537337223] 15 11469.027571201324s
2022-07-24 09:32:39.995983 (1.0, 100000.0, 26, 10.0, 0.3, 0.29, 2.0, 3) [0.13225516212040878 0.002153893890111968 0.004179296728384197] 10 19513.126239299774s
2022-07-24 09:33:05.032009 (1.0, 100000.0, 24, 10.0, 0.3, 0.287, 2.0, 3) [0.14566911101778265 0.003089289827790293 0.0037268286622464714] 15 30412.046234846115s
2022-07-24 09:52:17.868839 (1.0, 100000.0, 21, 10.0, 0.3, 0.287, 2.0, 3) [0.16463803462861762 0.002769146992727506 0.004026561819979897] 15 5336.279449939728s
2022-07-24 10:11:51.882193 (1.0, 100000.0, 22, 10.0, 0.3, 0.288, 2.0, 3) [0.15817359275192605 0.0028073999315991337 0.0038637214514456444] 15 5892.094549655914s
2022-07-24 10:58:49.335079 (1.0, 100000.0, 25, 10.0, 0.3, 0.288, 2.0, 3) [0.13782915947120677 0.0031253642958839153 0.00412242374661951] 10 11967.40334701538s
2022-07-24 11:09:01.714267 (1.0, 100000.0, 28, 10.0, 0.3, 0.289, 2.0, 3) [0.12278772018624277 0.001935285080954461 0.0041742020793941355] 10 14417.44986796379s
2022-07-24 11:39:35.686087 (1.0, 100000.0, 29, 10.0, 0.3, 0.29, 2.0, 3) [0.11250673034900478 0.0053223444553387525 0.0059198664345589645] 10 29354.394357681274s
2022-07-24 11:49:58.359005 (1.0, 100000.0, 22, 10.0, 0.3, 0.288, 2.0, 3) [0.15701047001611604 0.004320825974614302 0.004050535317442665] 15 5886.473614931107s
2022-07-24 11:51:31.780954 (1.0, 100000.0, 29, 10.0, 0.3, 0.29, 2.0, 3) [0.11857517848825402 0.004918575236357894 0.004173323366933192] 10 29030.822835445404s
2022-07-24 11:58:18.895353 (1.0, 100000.0, 23, 10.0, 0.3, 0.287, 2.0, 3) [0.1472791120180534 0.004487781945904259 0.0046140823037013855] 15 8844.752827167511s
2022-07-24 13:15:19.705898 (1.0, 100000.0, 26, 10.0, 0.3, 0.287, 2.0, 3) [0.13404853317585524 0.0024982866764816144 0.0037983582162241154] 15 15234.272205114365s
2022-07-24 13:28:57.246118 (1.0, 100000.0, 22, 10.0, 0.3, 0.288, 2.0, 3) [0.1549782814750727 0.004105093465698849 0.0044306545993047656] 15 5938.883973360062s
2022-07-24 13:54:38.462951 (1.0, 100000.0, 30, 10.0, 0.3, 0.289, 2.0, 3) [0.114967056881262 0.0040753433542010985 0.004083796122493724] 10 57507.77196884155s
2022-07-24 14:01:59.966698 (1.0, 100000.0, 27, 10.0, 0.3, 0.288, 2.0, 3) [0.1268685497353296 0.002792135680238344 0.004277253090351201] 10 20547.29261136055s
2022-07-24 14:13:03.304260 (1.0, 100000.0, 27, 10.0, 0.3, 0.289, 2.0, 3) [0.12676287939554012 0.002017864986687396 0.004300620515885739] 15 18362.40626168251s
2022-07-24 14:17:54.800529 (1.0, 100000.0, 25, 10.0, 0.3, 0.288, 2.0, 3) [0.14061340063756747 0.0034508557724533735 0.003588724032938978] 10 11945.462394952774s
2022-07-24 14:20:26.139262 (1.0, 100000.0, 23, 10.0, 0.3, 0.287, 2.0, 3) [0.15208968155038605 0.004788243320909061 0.0037176716446589964] 15 8527.240290641785s
2022-07-24 14:50:44.147448 (1.0, 100000.0, 26, 10.0, 0.3, 0.29, 2.0, 3) [0.1328609704934541 0.0028850380243477104 0.00404705228019564] 10 19084.147294282913s
2022-07-24 14:52:06.286650 (1.0, 100000.0, 28, 10.0, 0.3, 0.287, 2.0, 3) [0.12763216411765987 0.0037525280102382167 0.003188479547664489] 15 38390.56191897392s
2022-07-24 15:08:32.136174 (1.0, 100000.0, 22, 10.0, 0.3, 0.288, 2.0, 3) [0.1553547701003481 0.0025603431094005 0.00435081682345072] 15 5974.887099027634s
2022-07-24 15:08:58.058291 (1.0, 100000.0, 28, 10.0, 0.3, 0.289, 2.0, 3) [0.12180850015573924 0.003782956772979008 0.004406086369627703] 10 14396.341416597366s
