2022-04-15 15:04:08.067845 (1.0, 100000.0, 21, 10.0, 0.3, 0.299, 2.0, 3) [0.15012541964343926 0.004324057226933111 0.007408389751059295] 10 54324.47948551178s
2022-04-15 20:02:40.027900 (1.0, 100000.0, 21, 10.0, 0.3, 0.299, 2.0, 3) [0.1428856445415916 0.007098048860726329 0.010017026477287737] 10 17911.95688509941s
2022-04-15 20:18:28.672857 (1.0, 100000.0, 22, 10.0, 0.3, 0.285, 2.0, 3) [0.1580854577856755 0.0055823449383066584 0.0038658303322089715] 10 72546.94749212265s
2022-04-15 22:49:38.038295 (1.0, 100000.0, 24, 10.0, 0.3, 0.299, 2.0, 3) [0.1287667115250598 0.004448054853200823 0.008378949775515353] 10 79673.04789614677s
2022-04-15 23:23:07.017546 (1.0, 100000.0, 21, 10.0, 0.3, 0.299, 2.0, 3) [0.1480939386510846 0.004112965821910759 0.008051377176139749] 10 12026.986816883087s
2022-04-15 23:36:55.600290 (1.0, 100000.0, 22, 10.0, 0.3, 0.285, 2.0, 3) [0.1589352940609167 0.002724122262909275 0.0037227952073949477] 10 11906.924600839615s
2022-04-16 02:26:53.715291 (1.0, 100000.0, 22, 10.0, 0.3, 0.285, 2.0, 3) [0.1582150221422228 0.004151221012198992 0.003833682921370316] 10 10198.112470388412s
2022-04-16 03:13:45.578791 (1.0, 100000.0, 24, 10.0, 0.3, 0.299, 2.0, 3) [0.12775172184672698 0.0032930490189626853 0.008786747789392577] 10 15847.538168430328s
2022-04-16 03:26:25.866296 (1.0, 100000.0, 21, 10.0, 0.3, 0.299, 2.0, 3) [0.14309252474280124 0.004203273024707819 0.009918832036910593] 10 14598.846197605133s
2022-04-16 04:53:37.110775 (1.0, 100000.0, 22, 10.0, 0.3, 0.285, 2.0, 3) [0.16130130461423836 0.007170009135482203 0.0033572748589297294] 10 8803.389386177063s
2022-04-16 07:11:45.824265 (1.0, 100000.0, 22, 10.0, 0.3, 0.285, 2.0, 3) [0.1612134290942013 0.003598086589717848 0.003374580999454306] 10 8288.70863032341s
2022-04-16 07:22:22.528795 (1.0, 100000.0, 24, 10.0, 0.3, 0.299, 2.0, 3) [0.12588098064916348 0.00688090471607392 0.00960084167857916] 10 14916.947360515594s
2022-04-16 09:16:57.010183 (1.0, 100000.0, 21, 10.0, 0.3, 0.299, 2.0, 3) [0.14623014584166572 0.003207788373380414 0.00870998254436117] 10 21031.141233205795s
2022-04-16 09:36:16.431294 (1.0, 100000.0, 22, 10.0, 0.3, 0.285, 2.0, 3) [0.1608793232201827 0.0033201252748086634 0.0034168942591045926] 10 8670.604342460632s
2022-04-16 12:05:16.542018 (1.0, 100000.0, 24, 10.0, 0.3, 0.299, 2.0, 3) [0.1290967205120495 0.004559716399753151 0.008274648916502134] 10 16974.010679721832s
2022-04-16 12:06:36.817753 (1.0, 100000.0, 21, 10.0, 0.3, 0.299, 2.0, 3) [0.14875186555016745 0.004393795528355902 0.00785439242153842] 10 10179.805052042007s
2022-04-16 12:42:58.668895 (1.0, 100000.0, 22, 10.0, 0.3, 0.285, 2.0, 3) [0.16187313948851983 0.0024302534427910584 0.0032725785201475695] 10 11202.235154628754s
2022-04-16 13:54:18.172025 (1.0, 100000.0, 23, 10.0, 0.3, 0.292, 2.0, 3) [0.14347447638809052 0.004784348206789276 0.005511252233030855] 10 135524.21700572968s
2022-04-16 15:12:33.920240 (1.0, 100000.0, 22, 10.0, 0.3, 0.285, 2.0, 3) [0.15982104631777644 0.00223196101830378 0.0035841688626094045] 10 8975.248925447464s
2022-04-16 15:18:02.713619 (1.0, 100000.0, 21, 10.0, 0.3, 0.299, 2.0, 3) [0.14553421598864963 0.005858318791786328 0.008990986308263558] 10 11485.893247127533s
2022-04-16 16:25:23.656675 (1.0, 100000.0, 24, 10.0, 0.3, 0.299, 2.0, 3) [0.12646499535634204 0.0022458662432599382 0.009321955516456782] 10 15607.112004756927s
2022-04-16 17:54:00.932129 (1.0, 100000.0, 22, 10.0, 0.3, 0.285, 2.0, 3) [0.16041007013929956 0.0031298910735436405 0.0034965727745108104] 10 9687.008792877197s
2022-04-16 19:37:08.028321 (1.0, 100000.0, 21, 10.0, 0.3, 0.299, 2.0, 3) [0.15053873384983132 0.003878575657651757 0.0072904513219327945] 10 15545.311883211136s
2022-04-16 23:54:18.415129 (1.0, 100000.0, 21, 10.0, 0.3, 0.299, 2.0, 3) [0.14849349167715356 0.0041612265202466 0.007941775365333043] 10 15430.383944034576s
2022-04-17 02:31:01.441465 (1.0, 100000.0, 22, 10.0, 0.3, 0.285, 2.0, 3) [0.16212099462995092 0.0030650570865283474 0.00324733948387721] 10 31020.50656080246s
2022-04-17 02:36:22.761532 (1.0, 100000.0, 21, 10.0, 0.3, 0.299, 2.0, 3) [0.1454292106967978 0.0026873913526693606 0.00901373665472448] 10 9724.343924045563s
2022-04-17 06:48:45.230920 (1.0, 100000.0, 20, 10.0, 0.3, 0.3, 2.0, 3) [0.15614403927238346 0.007791051945096338 0.007895158420854705] 10 198784.70403122902s
2022-04-17 07:43:03.357941 (1.0, 100000.0, 21, 10.0, 0.3, 0.285, 2.0, 3) [0.16974647893974243 0.003875525228928663 0.0032541946214679355] 10 18388.065258026123s
2022-04-17 09:40:29.236845 (1.0, 100000.0, 21, 10.0, 0.3, 0.285, 2.0, 3) [0.1702352214044821 0.002730681772546643 0.0031905409568903295] 10 7045.8633008003235s
2022-04-17 11:46:07.162336 (1.0, 100000.0, 21, 10.0, 0.3, 0.285, 2.0, 3) [0.16721988646795835 0.004072430125322331 0.0036167059406854237] 10 7537.886029958725s
2022-04-17 12:26:40.916157 (1.0, 100000.0, 22, 10.0, 0.3, 0.305, 2.0, 3) [0.13269132958091515 0.0032414066959294717 0.011792223506925398] 10 35707.21481013298s
2022-04-17 13:41:56.512610 (1.0, 100000.0, 21, 10.0, 0.3, 0.285, 2.0, 3) [0.164188257094272 0.004554612122050392 0.004108672795071003] 10 6949.336157083511s
2022-04-17 15:06:11.066244 (1.0, 100000.0, 24, 10.0, 0.3, 0.299, 2.0, 3) [0.1284482373310463 0.0032333380172658173 0.008520035070459158] 10 81647.40717864037s
2022-04-17 17:41:28.418233 (1.0, 100000.0, 21, 10.0, 0.3, 0.285, 2.0, 3) [0.16623910216694218 0.0032868471129924577 0.0037612953972015794] 10 14371.885000705719s
2022-04-17 17:58:18.393647 (1.0, 100000.0, 22, 10.0, 0.3, 0.305, 2.0, 3) [0.1299700613266224 0.0052279938703568085 0.013248127475197151] 10 19897.472796201706s
2022-04-17 19:30:33.302941 (1.0, 100000.0, 21, 10.0, 0.3, 0.285, 2.0, 3) [0.16847312672317005 0.003202577521679901 0.0034279876913100304] 10 6544.869180202484s
2022-04-17 20:49:09.728102 (1.0, 100000.0, 22, 10.0, 0.3, 0.305, 2.0, 3) [0.13191561382610667 0.0030837996052369043 0.012185817668636228] 10 10251.331060171127s
2022-04-17 21:21:44.419223 (1.0, 100000.0, 21, 10.0, 0.3, 0.285, 2.0, 3) [0.1702217211402595 0.003651962936181857 0.0031913797276166456] 10 6671.091428041458s
2022-04-18 07:22:09.309971 (1.0, 100000.0, 23, 10.0, 0.3, 0.292, 2.0, 3) [0.14435517094706785 0.0036919178547638824 0.005296389585694395] 10 149271.13563108444s
2022-04-18 07:22:56.669469 (1.0, 100000.0, 21, 10.0, 0.3, 0.285, 2.0, 3) [0.16923569691718093 0.004428919290744153 0.003323531280840936] 10 36072.247970342636s
2022-04-18 09:27:03.073266 (1.0, 100000.0, 21, 10.0, 0.3, 0.285, 2.0, 3) [0.1709191910204597 0.0033837217467916486 0.0031049040224712518] 10 7446.401558876038s
2022-04-18 12:30:31.758274 (1.0, 100000.0, 22, 10.0, 0.3, 0.305, 2.0, 3) [0.13492219880763892 0.0029467731736424934 0.010721882566161528] 10 56482.02716708183s
2022-04-18 14:41:16.966281 (1.0, 100000.0, 23, 10.0, 0.3, 0.292, 2.0, 3) [0.14637822931825473 0.002609807913709132 0.0048319798359637706] 10 26347.631237983704s
2022-04-18 19:48:27.001140 (1.0, 100000.0, 21, 10.0, 0.3, 0.285, 2.0, 3) [0.16869613289876317 0.004251624969123991 0.0034046825754126923] 10 37283.92513489723s
2022-04-19 03:46:42.711069 (1.0, 100000.0, 21, 10.0, 0.3, 0.319, 2.0, 3) [0.12275230475992792 0.0038330118718222454 0.023201858885331064] 10 28672.75758290291s
2022-04-19 06:47:40.398696 (1.0, 100000.0, 23, 10.0, 0.3, 0.292, 2.0, 3) [0.14238440281334205 0.003242900870803085 0.005788734054755003] 10 57983.4274764061s
2022-04-19 07:30:15.318612 (1.0, 100000.0, 21, 10.0, 0.3, 0.319, 2.0, 3) [0.12332212078733185 0.00385311058427956 0.02270843581833738] 10 13412.592247009277s
2022-04-19 09:59:03.548329 (1.0, 100000.0, 21, 10.0, 0.3, 0.319, 2.0, 3) [0.11905643353666708 0.0029317607850331243 0.02706478951585672] 10 8928.227454662323s
2022-04-19 11:47:51.819367 (1.0, 100000.0, 20, 10.0, 0.3, 0.3, 2.0, 3) [0.15477508658871791 0.0032271318314675717 0.008309902333615598] 10 190746.57910203934s
2022-04-19 12:49:37.583265 (1.0, 100000.0, 21, 10.0, 0.3, 0.319, 2.0, 3) [0.12102580761252543 0.003634907083021697 0.024919787874979622] 10 10234.032701969147s
2022-04-19 13:40:14.137169 (1.0, 100000.0, 23, 10.0, 0.3, 0.292, 2.0, 3) [0.14608194196978866 0.0030717719477087605 0.004887372298598959] 10 24753.736008167267s
2022-04-19 13:59:30.889599 (1.0, 100000.0, 20, 10.0, 0.3, 0.3, 2.0, 3) [0.15181049507362937 0.00643020629175203 0.009333991132412157] 10 7899.06410908699s
2022-04-19 15:18:41.977446 (1.0, 100000.0, 21, 10.0, 0.3, 0.319, 2.0, 3) [0.12241958485467994 0.002186385746809225 0.023611894598932343] 10 8944.391658782959s
2022-04-19 16:15:12.526290 (1.0, 100000.0, 20, 10.0, 0.3, 0.3, 2.0, 3) [0.15562703148328513 0.004062259364539309 0.008037325987185881] 10 8141.631336212158s
2022-04-19 16:33:23.095458 (1.0, 100000.0, 23, 10.0, 0.3, 0.292, 2.0, 3) [0.14703922186651686 0.0037857095912073985 0.004684032820115124] 10 10388.95546245575s
2022-04-19 17:30:14.654628 (1.0, 100000.0, 21, 10.0, 0.3, 0.319, 2.0, 3) [0.12299525189985445 0.002827236577494353 0.023018964131190155] 10 7892.674525499344s
2022-04-19 17:54:40.561978 (1.0, 100000.0, 20, 10.0, 0.3, 0.3, 2.0, 3) [0.15361133365454713 0.004133460345705717 0.008696508588681559] 10 5968.033285856247s
2022-04-19 20:11:12.121312 (1.0, 100000.0, 23, 10.0, 0.3, 0.292, 2.0, 3) [0.14519818001057694 0.0025043379471568978 0.005101861424248325] 10 13069.02311372757s
2022-04-20 07:21:37.343591 (1.0, 100000.0, 20, 10.0, 0.3, 0.3, 2.0, 3) [0.15429056461509652 0.0041081231573149735 0.008455475579687049] 10 48416.77910685539s
2022-04-20 08:51:25.712253 (1.0, 100000.0, 22, 10.0, 0.3, 0.305, 2.0, 3) [0.1322295017888669 0.004602654083750791 0.012058112748293902] 10 159653.92386102676s
2022-04-20 15:14:42.969028 (1.0, 100000.0, 24, 10.0, 0.3, 0.299, 2.0, 3) [0.12832476069699558 0.00468851075654521 0.008545144376362356] 10 259711.88699316978s
2022-04-20 17:45:31.900388 (1.0, 100000.0, 23, 10.0, 0.3, 0.292, 2.0, 3) [0.1441322484437658 0.0023060235277489677 0.005352219299912428] 10 77659.77661347389s
2022-04-21 18:12:27.421819 (1.0, 100000.0, 20, 10.0, 0.3, 0.3, 2.0, 3) [0.15535438451095018 0.002783899509127019 0.0081191766651671] 10 125450.07490372658s
2022-04-22 01:45:39.654901 (1.0, 100000.0, 22, 10.0, 0.3, 0.305, 2.0, 3) [0.13655491377745096 0.003634463961675841 0.00997163933866442] 10 147253.94006562233s
2022-04-22 04:23:15.026229 (1.0, 100000.0, 23, 10.0, 0.3, 0.292, 2.0, 3) [0.14169929662838193 0.0022060212280841165 0.0059760411368699525] 10 124663.1083021164s
2022-04-22 13:28:14.191619 (1.0, 100000.0, 23, 10.0, 0.3, 0.292, 2.0, 3) [0.14386824773264315 0.004819718406742893 0.005414571631042472] 10 32698.77754187584s
2022-04-22 13:50:25.465617 (1.0, 100000.0, 20, 10.0, 0.3, 0.3, 2.0, 3) [0.15566073253544277 0.0044260700567635815 0.008033537309409727] 10 70678.02890706062s
2022-04-22 15:35:04.695764 (1.0, 100000.0, 22, 10.0, 0.3, 0.305, 2.0, 3) [0.13540734427186743 0.004852434688405891 0.0104605097969531] 10 49765.038158893585s
2022-04-22 15:35:58.731932 (1.0, 100000.0, 20, 10.0, 0.3, 0.3, 2.0, 3) [0.15325414713846713 0.0025907480798926796 0.00884207381062014] 10 6333.249161720276s
2022-04-22 17:31:14.587186 (1.0, 100000.0, 24, 10.0, 0.3, 0.299, 2.0, 3) [0.13091978584041614 0.0023136836560624955 0.007557114112844639] 10 180991.58569836617s
2022-04-22 18:03:38.770639 (1.0, 100000.0, 20, 10.0, 0.3, 0.3, 2.0, 3) [0.15369267453752286 0.0022720014761492373 0.008652168950992382] 10 8860.03652715683s
2022-04-22 18:54:22.973333 (1.0, 100000.0, 22, 10.0, 0.3, 0.305, 2.0, 3) [0.13190864767717503 0.004938477367649281 0.012194980582883083] 10 11958.25287604332s
2022-04-22 20:00:09.986085 (1.0, 100000.0, 23, 10.0, 0.3, 0.285, 2.0, 3) [0.15243872954630475 0.0032823360080267783 0.003646283314809605] 10 23461.12554168701s
2022-04-22 21:45:31.761654 (1.0, 100000.0, 22, 10.0, 0.3, 0.305, 2.0, 3) [0.13224070032989457 0.003310061237082459 0.012027891020387512] 10 10268.772363901138s
2022-04-23 07:45:01.713688 (1.0, 100000.0, 23, 10.0, 0.3, 0.285, 2.0, 3) [0.15663101328131748 0.0035369269476213942 0.003013638532456559] 10 42291.70710396767s
2022-04-23 12:56:52.440942 (1.0, 100000.0, 20, 10.0, 0.3, 0.305, 2.0, 3) [0.14556497857146988 0.003379039756707378 0.011982402547759419] 10 67943.41003346443s
2022-04-23 18:10:10.247325 (1.0, 100000.0, 23, 10.0, 0.3, 0.285, 2.0, 3) [0.1541624060430056 0.0032108201078585234 0.0033812750409151974] 10 37508.48951411247s
2022-04-24 12:00:24.754536 (1.0, 100000.0, 22, 10.0, 0.3, 0.305, 2.0, 3) [0.13212317150230737 0.0035723223695065484 0.012062128409763801] 10 137692.97607064247s
2022-04-24 22:59:16.581262 (1.0, 100000.0, 24, 10.0, 0.3, 0.299, 2.0, 3) [0.12633867119758757 0.003908130995779631 0.009384753978403935] 10 192481.9725267887s
2022-04-26 10:36:40.972008 (1.0, 100000.0, 23, 10.0, 0.3, 0.285, 2.0, 3) [0.15399054364465617 0.002829508275456983 0.0034000827900362773] 10 231990.69041705132s
2022-04-26 20:47:41.001998 (1.0, 100000.0, 20, 10.0, 0.3, 0.305, 2.0, 3) [0.146632734468199 0.0036754943362126437 0.011465719226474958] 10 287448.522121191s
2022-04-27 00:06:40.467524 (1.0, 100000.0, 23, 10.0, 0.3, 0.285, 2.0, 3) [0.15765457793972631 0.005442321249874446 0.002879220036293473] 10 48599.475528240204s
2022-04-28 19:59:19.275451 (1.0, 100000.0, 21, 10.0, 0.3, 0.285, 2.0, 3) [0.16642561293854122 0.003749921153454691 0.0037343554066939836] 10 20067.759685993195s
2022-04-28 23:39:58.759745 (1.0, 100000.0, 21, 10.0, 0.3, 0.285, 2.0, 3) [0.16757145072483276 0.002014403673036162 0.0035622821819917346] 10 13239.41998243332s
2022-04-29 03:38:22.197961 (1.0, 100000.0, 21, 10.0, 0.3, 0.285, 2.0, 3) [0.168015349775806 0.0023850626044342534 0.0034957240879319815] 10 14303.405714988708s
2022-04-29 08:58:24.958695 (1.0, 100000.0, 21, 10.0, 0.3, 0.285, 2.0, 3) [0.17040018052851272 0.0030324927032882288 0.0031683843219717325] 10 19202.744923114777s
2022-04-29 14:26:09.972328 (1.0, 100000.0, 21, 10.0, 0.3, 0.285, 2.0, 3) [0.16667737297547033 0.0023866126171144934 0.0036967944522303324] 10 19665.00970196724s
2022-04-29 20:13:05.352241 (1.0, 100000.0, 21, 10.0, 0.3, 0.285, 2.0, 3) [0.1688128330655089 0.005030338911638308 0.0033846879361542404] 10 20815.36342191696s
2022-04-30 01:49:09.877599 (1.0, 100000.0, 21, 10.0, 0.3, 0.285, 2.0, 3) [0.1702532081286814 0.0026435880733248905 0.0031949221939309223] 10 20164.523147821426s
2022-04-30 07:36:51.820105 (1.0, 100000.0, 21, 10.0, 0.3, 0.285, 2.0, 3) [0.1697375722943149 0.003453580709549638 0.00325541008894529] 10 20861.923017263412s
2022-04-30 12:20:15.390756 (1.0, 100000.0, 21, 10.0, 0.3, 0.285, 2.0, 3) [0.16874086101899988 0.004877985714459482 0.0033973681991941946] 10 17003.542175531387s
2022-04-30 16:14:38.428229 (1.0, 100000.0, 21, 10.0, 0.3, 0.285, 2.0, 3) [0.16190442743740485 0.006059908340793915 0.004508879716384039] 10 14062.828743219376s
2022-04-30 19:07:48.352481 (1.0, 100000.0, 21, 10.0, 0.3, 0.299, 2.0, 3) [0.1450143817892228 0.0040280276368806186 0.009156763480164086] 10 10352.912891864777s
2022-04-30 22:49:54.115244 (1.0, 100000.0, 21, 10.0, 0.3, 0.299, 2.0, 3) [0.14922783314543636 0.0018615705802697267 0.00768613989685808] 10 13325.76058936119s
2022-05-01 02:01:00.893590 (1.0, 100000.0, 21, 10.0, 0.3, 0.299, 2.0, 3) [0.1441756025990688 0.004024530065478268 0.009481464991175284] 10 11466.77597117424s
2022-05-01 05:18:41.148386 (1.0, 100000.0, 21, 10.0, 0.3, 0.299, 2.0, 3) [0.14759760242636324 0.004981633725209778 0.008224192161882497] 10 11860.251942396164s
2022-05-01 08:15:51.160783 (1.0, 100000.0, 21, 10.0, 0.3, 0.299, 2.0, 3) [0.14828225054435054 0.003788158541520606 0.008000574628894136] 10 10630.010085344315s
2022-05-01 11:45:06.500209 (1.0, 100000.0, 21, 10.0, 0.3, 0.299, 2.0, 3) [0.14847088952180298 0.00426590817957273 0.007937499985353268] 10 12555.336914777756s
2022-05-01 14:50:43.344043 (1.0, 100000.0, 21, 10.0, 0.3, 0.299, 2.0, 3) [0.1463899322522382 0.0035569081388255445 0.008652508135946407] 10 11136.841302871704s
2022-05-01 18:13:53.807586 (1.0, 100000.0, 21, 10.0, 0.3, 0.299, 2.0, 3) [0.15044932591098195 0.0025851707898159964 0.007320007397614329] 10 12190.460944890976s
2022-05-02 02:16:31.989880 (1.0, 100000.0, 21, 10.0, 0.3, 0.299, 2.0, 3) [0.14513347861576262 0.003925146972336246 0.009119268581073002] 10 28958.179797887802s
2022-05-02 06:01:30.456440 (1.0, 100000.0, 21, 10.0, 0.3, 0.299, 2.0, 3) [0.14726404705400753 0.003576561416531769 0.008351401198623095] 10 13498.462797641754s
2022-05-02 08:21:01.756689 (1.0, 100000.0, 21, 10.0, 0.3, 0.312, 2.0, 3) [0.12785324120660016 0.003648024889273665 0.018768011858694655] 10 8338.758181810379s
2022-05-02 14:34:35.788353 (1.0, 100000.0, 21, 10.0, 0.3, 0.312, 2.0, 3) [0.13033335354748846 0.0019315650083986094 0.01694331851975334] 10 22414.02660012245s
2022-05-02 16:47:15.682897 (1.0, 100000.0, 21, 10.0, 0.3, 0.312, 2.0, 3) [0.13144456681347158 0.001869473437998181 0.016195840471046826] 10 7959.859928607941s
2022-05-02 19:50:25.317047 (1.0, 100000.0, 21, 10.0, 0.3, 0.312, 2.0, 3) [0.13000517783563564 0.003204483350174408 0.017182273902262814] 10 10989.631621837616s
2022-05-02 23:47:49.471235 (1.0, 100000.0, 21, 10.0, 0.3, 0.312, 2.0, 3) [0.13160530639505916 0.004069963257856615 0.016113496227525326] 10 14244.087933778763s
2022-05-03 02:16:32.626672 (1.0, 100000.0, 21, 10.0, 0.3, 0.312, 2.0, 3) [0.1335982280867272 0.00279005472605147 0.014817461640117912] 10 8923.13406252861s
2022-05-03 04:50:02.686268 (1.0, 100000.0, 21, 10.0, 0.3, 0.312, 2.0, 3) [0.13010123360803905 0.00604471005059854 0.017072089656630672] 10 9210.032091140747s
2022-05-03 07:11:11.505318 (1.0, 100000.0, 21, 10.0, 0.3, 0.312, 2.0, 3) [0.13133836845081237 0.004164269030993879 0.016245809426046753] 10 8468.788451194763s
2022-05-03 09:11:06.482720 (1.0, 100000.0, 21, 10.0, 0.3, 0.312, 2.0, 3) [0.1330118354280281 0.0033481572446453734 0.015188012177249926] 10 7194.961908578873s
2022-05-03 11:30:30.415162 (1.0, 100000.0, 21, 10.0, 0.3, 0.312, 2.0, 3) [0.1341771614045407 0.0038974289440293873 0.014450259488800698] 10 8363.922443389893s
2022-05-03 14:39:44.974303 (1.0, 100000.0, 21, 10.0, 0.3, 0.3, 2.0, 3) [0.1489984303177328 0.0043388937513313495 0.007783985711267392] 10 11292.701347589493s
2022-05-03 17:33:43.079033 (1.0, 100000.0, 21, 10.0, 0.3, 0.3, 2.0, 3) [0.1463789442572263 0.002158506593166795 0.00868228698169061] 10 10438.069335699081s
2022-05-03 19:36:50.674681 (1.0, 100000.0, 21, 10.0, 0.3, 0.3, 2.0, 3) [0.14837680348866497 0.002815968410908138 0.007974999330101606] 10 7387.569137573242s
2022-05-03 21:44:33.012882 (1.0, 100000.0, 21, 10.0, 0.3, 0.3, 2.0, 3) [0.14537809925501372 0.0026568512947772343 0.009012367548297038] 10 7662.309355258942s
2022-05-03 23:53:00.685000 (1.0, 100000.0, 21, 10.0, 0.3, 0.3, 2.0, 3) [0.14711361261669487 0.003425680504817628 0.00840240353986889] 10 7707.649481058121s
2022-05-04 02:00:51.153965 (1.0, 100000.0, 21, 10.0, 0.3, 0.3, 2.0, 3) [0.1448102682998074 0.003482043563430292 0.00922942653751428] 10 7670.443271398544s
2022-05-04 04:06:14.622251 (1.0, 100000.0, 21, 10.0, 0.3, 0.3, 2.0, 3) [0.1447219652360027 0.003762105029460102 0.009266453263927553] 10 7523.450011968613s
2022-05-04 06:23:30.998923 (1.0, 100000.0, 21, 10.0, 0.3, 0.3, 2.0, 3) [0.14377884003233424 0.0031844352541611806 0.009653714542766392] 10 8236.35977935791s
2022-05-04 09:18:06.934365 (1.0, 100000.0, 21, 10.0, 0.3, 0.3, 2.0, 3) [0.14831386867598798 0.0032723465009041348 0.007999209950955549] 10 10475.9055519104s
2022-05-04 12:25:50.797646 (1.0, 100000.0, 21, 10.0, 0.3, 0.3, 2.0, 3) [0.1437159711976091 0.0035976364964045043 0.009654616096798704] 10 11263.834366083145s
2022-05-04 15:41:31.373203 (1.0, 100000.0, 21, 10.0, 0.3, 0.305, 2.0, 3) [0.14107681850643505 0.0038884908905178835 0.010835274849768217] 10 11731.598670005798s
2022-05-04 19:03:47.143790 (1.0, 100000.0, 21, 10.0, 0.3, 0.305, 2.0, 3) [0.139742817549191 0.0029349631298960376 0.011442077229257993] 10 12135.752479076385s
2022-05-04 21:28:44.632502 (1.0, 100000.0, 21, 10.0, 0.3, 0.305, 2.0, 3) [0.14185232443685517 0.003832740617623385 0.010484256267786428] 10 8697.466923236847s
2022-05-04 23:23:18.984985 (1.0, 100000.0, 21, 10.0, 0.3, 0.305, 2.0, 3) [0.13802937145889724 0.004374470606524668 0.012274007957707753] 10 6874.322776794434s
2022-05-05 01:15:05.227765 (1.0, 100000.0, 21, 10.0, 0.3, 0.305, 2.0, 3) [0.13910334021183576 0.003382681234413403 0.011756628747837393] 10 6706.214781999588s
2022-05-05 03:03:00.915913 (1.0, 100000.0, 21, 10.0, 0.3, 0.305, 2.0, 3) [0.13908509196236254 0.003265624241504578 0.01174006982397547] 10 6475.659767866135s
2022-05-05 04:56:32.482510 (1.0, 100000.0, 21, 10.0, 0.3, 0.305, 2.0, 3) [0.14046167303756307 0.0035809537689050004 0.011104887888918882] 10 6811.549408197403s
2022-05-05 10:29:16.804858 (1.0, 100000.0, 21, 10.0, 0.3, 0.305, 2.0, 3) [0.13933201008863488 0.005911118735265636 0.011658153110517613] 10 19964.29695868492s
2022-05-05 20:36:43.055618 (1.0, 100000.0, 21, 10.0, 0.3, 0.305, 2.0, 3) [0.1384519654402878 0.005542237463642014 0.01206912765560511] 10 36446.22519540787s
2022-05-06 06:20:06.756165 (1.0, 100000.0, 21, 10.0, 0.3, 0.305, 2.0, 3) [0.14042292284446767 0.003056398436982185 0.011116435805616484] 10 35003.67685198784s
2022-05-06 09:08:49.545203 (1.0, 100000.0, 21, 10.0, 0.3, 0.307, 2.0, 3) [0.13736980993269546 0.004149012547705626 0.012650142207624985] 10 10118.274991035461s
2022-05-06 12:14:33.803190 (1.0, 100000.0, 21, 10.0, 0.3, 0.307, 2.0, 3) [0.1353197333891643 0.0028752053970200245 0.013741792799336931] 10 11144.08959531784s
2022-05-06 14:47:58.958931 (1.0, 100000.0, 21, 10.0, 0.3, 0.307, 2.0, 3) [0.1350796162679102 0.0021299232512588433 0.013890883975640884] 10 9205.134202718735s
2022-05-06 16:55:55.734107 (1.0, 100000.0, 21, 10.0, 0.3, 0.307, 2.0, 3) [0.13617689435075753 0.005612821332604348 0.013282182699853068] 10 7676.745259523392s
2022-05-06 19:03:57.037600 (1.0, 100000.0, 21, 10.0, 0.3, 0.307, 2.0, 3) [0.135473025368291 0.0034983822109005843 0.013695488362969084] 10 7681.2825882434845s
2022-05-06 21:51:06.172029 (1.0, 100000.0, 21, 10.0, 0.3, 0.307, 2.0, 3) [0.1358635917496712 0.0037632704575279704 0.013437253076221739] 10 10029.0254509449s
2022-05-07 00:29:39.114801 (1.0, 100000.0, 21, 10.0, 0.3, 0.307, 2.0, 3) [0.13787336719426432 0.002250422394113374 0.01235889989218637] 10 9512.896887302399s
2022-05-07 05:03:34.435244 (1.0, 100000.0, 21, 10.0, 0.3, 0.307, 2.0, 3) [0.1347360216810481 0.003672202957612549 0.014071766608428057] 10 16435.304500102997s
2022-05-07 09:19:35.992705 (1.0, 100000.0, 21, 10.0, 0.3, 0.307, 2.0, 3) [0.13703971465306608 0.0022306415986951228 0.012821971674118488] 10 15361.544895410538s
2022-05-07 14:09:45.193270 (1.0, 100000.0, 21, 10.0, 0.3, 0.307, 2.0, 3) [0.13665218953216862 0.0030068265222007342 0.01299228037122563] 10 17409.176733732224s
2022-05-07 16:20:55.621161 (1.0, 100000.0, 21, 10.0, 0.3, 0.302, 2.0, 3) [0.1493495315725523 0.004772534899162101 0.007668821804302424] 10 7856.9986917972565s
2022-05-07 18:28:30.368139 (1.0, 100000.0, 21, 10.0, 0.3, 0.302, 2.0, 3) [0.14510014154473252 0.003951155642839182 0.009154097306209058] 10 7654.718450546265s
2022-05-07 22:09:23.202480 (1.0, 100000.0, 21, 10.0, 0.3, 0.302, 2.0, 3) [0.14149026388969105 0.003758525410811725 0.010634651402911251] 10 13252.806742429733s
2022-05-08 01:08:32.424652 (1.0, 100000.0, 21, 10.0, 0.3, 0.302, 2.0, 3) [0.14617945767749654 0.0023967193222349296 0.008734049926585857] 10 10749.20605969429s
2022-05-08 03:09:38.355959 (1.0, 100000.0, 21, 10.0, 0.3, 0.302, 2.0, 3) [0.14471146521326905 0.003997077367496816 0.009307997329117704] 10 7265.673490285873s
2022-05-08 05:26:26.657510 (1.0, 100000.0, 21, 10.0, 0.3, 0.302, 2.0, 3) [0.1443401028201444 0.0026341713762924384 0.009427688098154492] 10 8208.195034503937s
2022-05-08 08:15:16.162880 (1.0, 100000.0, 21, 10.0, 0.3, 0.302, 2.0, 3) [0.14643856668161426 0.003000197901317185 0.008654446703351151] 10 10129.468605279922s
2022-05-08 10:48:45.590765 (1.0, 100000.0, 21, 10.0, 0.3, 0.302, 2.0, 3) [0.1438315816832709 0.003696121243253089 0.00963925700187979] 10 9209.342822313309s
2022-05-08 13:44:36.380531 (1.0, 100000.0, 21, 10.0, 0.3, 0.302, 2.0, 3) [0.14209339907852406 0.00306621777191864 0.010376465379753903] 10 10550.685079336166s
