2022-07-16 15:39:05.629877 (1.0, 100000.0, 25, 10.0, 0.3, 0.2945, 2.0, 3) [0.1282526722011523 0.0041478639796044695 0.0066451553004625] 10 15345.367669343948s
2022-07-16 16:29:20.208318 (1.0, 100000.0, 27, 10.0, 0.3, 0.2945, 2.0, 3) [0.12189125128505661 0.007017011606080286 0.005615883683178994] 10 18363.01433444023s
2022-07-16 18:22:08.435269 (1.0, 100000.0, 28, 10.0, 0.3, 0.2955, 2.0, 3) [0.11496349449124232 0.0022249378290519965 0.006480660214674588] 10 25131.10945034027s
2022-07-16 19:17:46.545506 (1.0, 100000.0, 29, 10.0, 0.3, 0.2955, 2.0, 3) [0.11048893951960415 0.0030620947274993347 0.0066578194185262845] 10 28465.02036166191s
2022-07-16 19:51:16.279461 (1.0, 100000.0, 25, 10.0, 0.3, 0.2945, 2.0, 3) [0.13049596120192608 0.003929086980433666 0.005949613801921129] 10 15130.646456241608s
2022-07-16 21:11:09.709961 (1.0, 100000.0, 30, 10.0, 0.3, 0.2955, 2.0, 3) [0.10429653129891817 0.004252857385182431 0.0077445147083842845] 10 35268.20229911804s
2022-07-16 21:31:35.449628 (1.0, 100000.0, 27, 10.0, 0.3, 0.2945, 2.0, 3) [0.12049200528172564 0.0025296796508591855 0.006042489452156812] 10 18135.238255262375s
2022-07-16 23:33:10.220169 (1.0, 100000.0, 24, 10.0, 0.3, 0.294, 2.0, 3) [0.1362860210220753 0.004138235443826174 0.005850335095127503] 10 43790.39003753662s
2022-07-17 00:04:30.328457 (1.0, 100000.0, 25, 10.0, 0.3, 0.2945, 2.0, 3) [0.12840225468632652 0.0026596983119917417 0.006592039685726618] 10 15194.045836687088s
2022-07-17 02:02:39.863165 (1.0, 100000.0, 28, 10.0, 0.3, 0.2955, 2.0, 3) [0.11388558418758819 0.00248206775694471 0.006873160009943167] 10 27631.425303936005s
2022-07-17 02:33:06.938528 (1.0, 100000.0, 27, 10.0, 0.3, 0.2945, 2.0, 3) [0.12170538758934156 0.0022566821829350914 0.005674259775857695] 10 18091.48614048958s
2022-07-17 02:43:18.620166 (1.0, 100000.0, 26, 10.0, 0.3, 0.2955, 2.0, 3) [0.11937980138242817 0.0032630743346240255 0.008125753715891373] 10 55198.184030771255s
2022-07-17 03:16:07.437476 (1.0, 100000.0, 29, 10.0, 0.3, 0.2955, 2.0, 3) [0.11037952610779621 0.0017789902995002502 0.006703173415424013] 10 28700.887887001038s
2022-07-17 04:20:10.413562 (1.0, 100000.0, 25, 10.0, 0.3, 0.2945, 2.0, 3) [0.126016166480015 0.004636714179974805 0.007425424740254421] 10 15340.081665039062s
2022-07-17 06:43:24.678686 (1.0, 100000.0, 30, 10.0, 0.3, 0.2955, 2.0, 3) [0.10553097612668726 0.002802798382959343 0.00717854942442637] 10 34334.96612524986s
2022-07-17 07:27:34.577680 (1.0, 100000.0, 27, 10.0, 0.3, 0.2945, 2.0, 3) [0.12255434343325598 0.003060615620661395 0.005424216815542126] 10 17667.635961532593s
2022-07-17 08:36:00.930515 (1.0, 100000.0, 25, 10.0, 0.3, 0.2945, 2.0, 3) [0.1288820948118055 0.0033852478276255238 0.006442356246017458] 10 15350.51385641098s
2022-07-17 09:51:29.873857 (1.0, 100000.0, 28, 10.0, 0.3, 0.2955, 2.0, 3) [0.11396312743305993 0.0025622480582175285 0.006831382108589464] 10 28130.00783109665s
2022-07-17 11:13:53.137289 (1.0, 100000.0, 29, 10.0, 0.3, 0.2955, 2.0, 3) [0.1082450461196315 0.005144620908366259 0.007573617467125112] 10 28665.696929693222s
2022-07-17 12:17:50.799583 (1.0, 100000.0, 27, 10.0, 0.3, 0.2945, 2.0, 3) [0.11814043971609638 0.003864650776715529 0.006864645989855207] 10 17416.21798157692s
2022-07-17 12:51:03.279709 (1.0, 100000.0, 25, 10.0, 0.3, 0.2945, 2.0, 3) [0.12830640504025356 0.003288027629074451 0.006616294893607995] 10 15302.345848798752s
2022-07-17 15:30:13.042722 (1.0, 100000.0, 24, 10.0, 0.3, 0.294, 2.0, 3) [0.13288657124960257 0.0026012879978438617 0.006858501589051174] 10 57422.8084025383s
2022-07-17 16:29:21.288525 (1.0, 100000.0, 30, 10.0, 0.3, 0.2955, 2.0, 3) [0.10501840555290178 0.002001504575957936 0.0074153929527872135] 10 35156.606959581375s
2022-07-17 17:04:33.536490 (1.0, 100000.0, 25, 10.0, 0.3, 0.2945, 2.0, 3) [0.1302165668530311 0.003016362683830621 0.0060243199743671445] 10 15210.253535747528s
2022-07-17 17:08:58.333156 (1.0, 100000.0, 27, 10.0, 0.3, 0.2945, 2.0, 3) [0.11904834489131953 0.0025048672281429286 0.0065401929352238] 10 17467.53014278412s
2022-07-17 17:34:15.152726 (1.0, 100000.0, 28, 10.0, 0.3, 0.2955, 2.0, 3) [0.11104786099678525 0.00169448650509104 0.008052185891131446] 10 27765.275482177734s
2022-07-17 19:08:32.249157 (1.0, 100000.0, 29, 10.0, 0.3, 0.2955, 2.0, 3) [0.11141507707004662 0.0031672562642373453 0.006319419069460144] 10 28479.107271194458s
2022-07-17 21:16:50.258780 (1.0, 100000.0, 25, 10.0, 0.3, 0.2945, 2.0, 3) [0.13013487086452244 0.0019931448511678576 0.006058661184969299] 10 15136.71726822853s
2022-07-17 22:01:09.999247 (1.0, 100000.0, 27, 10.0, 0.3, 0.2945, 2.0, 3) [0.11792526844707908 0.0031253463207597705 0.006935015787906328] 10 17531.66351032257s
2022-07-18 01:28:28.486529 (1.0, 100000.0, 25, 10.0, 0.3, 0.2945, 2.0, 3) [0.13162122757074313 0.0021400085248074823 0.005614666742926011] 10 15098.224621772766s
2022-07-18 02:15:36.234202 (1.0, 100000.0, 30, 10.0, 0.3, 0.2955, 2.0, 3) [0.10430217731312398 0.002776706731446089 0.007715703727790817] 10 35174.94301557541s
2022-07-18 02:46:32.086692 (1.0, 100000.0, 27, 10.0, 0.3, 0.2945, 2.0, 3) [0.11977963773454532 0.0024684173980551445 0.006299690919799813] 10 17122.08465051651s
2022-07-18 02:55:39.133181 (1.0, 100000.0, 29, 10.0, 0.3, 0.2955, 2.0, 3) [0.10587607302809009 0.0029484766098560587 0.008689553692761833] 10 28026.874979496002s
2022-07-18 03:37:22.558375 (1.0, 100000.0, 26, 10.0, 0.3, 0.2955, 2.0, 3) [0.12394874548201555 0.0022690327906400858 0.006420642858759278] 10 89643.93202543259s
2022-07-18 05:40:53.403458 (1.0, 100000.0, 25, 10.0, 0.3, 0.2945, 2.0, 3) [0.12890074819568448 0.0046940090763587725 0.006428693120954103] 10 15144.913596391678s
2022-07-18 07:39:07.457093 (1.0, 100000.0, 24, 10.0, 0.3, 0.294, 2.0, 3) [0.13316661822275302 0.0031634977589018428 0.006771553585519634] 10 58134.41159272194s
2022-07-18 07:41:04.416203 (1.0, 100000.0, 27, 10.0, 0.3, 0.2945, 2.0, 3) [0.11591055834007084 0.0021831614438869054 0.007714197128798282] 10 17672.325366020203s
2022-07-18 09:34:32.057702 (1.0, 100000.0, 25, 10.0, 0.3, 0.294, 2.0, 3) [0.12840461339953607 0.004117126587854201 0.006589905890635274] 10 13971.246064186096s
2022-07-18 10:33:38.642449 (1.0, 100000.0, 29, 10.0, 0.3, 0.2955, 2.0, 3) [0.10964099165165189 0.0039014348209288215 0.0069969301140833775] 10 27479.506325483322s
2022-07-18 12:19:05.963945 (1.0, 100000.0, 27, 10.0, 0.3, 0.2945, 2.0, 3) [0.12298661329635466 0.004847950506333574 0.005297169969303137] 10 16681.544043302536s
2022-07-18 12:30:05.416165 (1.0, 100000.0, 30, 10.0, 0.3, 0.2955, 2.0, 3) [0.10583810930472187 0.0034449839781078764 0.00705805186257326] 10 36869.17893624306s
2022-07-18 13:29:49.685926 (1.0, 100000.0, 25, 10.0, 0.3, 0.294, 2.0, 3) [0.12840073110292916 0.002820679031179081 0.006590166829307669] 10 14117.62575173378s
2022-07-18 15:18:02.525608 (1.0, 100000.0, 28, 10.0, 0.3, 0.2955, 2.0, 3) [0.11421608339922645 0.0028848712654422548 0.006749873729715013] 10 78227.36957168579s
2022-07-18 17:25:48.739326 (1.0, 100000.0, 25, 10.0, 0.3, 0.294, 2.0, 3) [0.12937954060730814 0.0023282162909940467 0.006259776685565015] 10 14159.050190210342s
2022-07-18 17:37:12.900675 (1.0, 100000.0, 27, 10.0, 0.3, 0.294, 2.0, 3) [0.12221080702344818 0.0033524346298601662 0.005514235382455327] 10 19083.657369852066s
2022-07-18 18:18:22.006879 (1.0, 100000.0, 29, 10.0, 0.3, 0.2955, 2.0, 3) [0.11055987959588638 0.0024604034085460185 0.006644525243613545] 10 27883.361166000366s
2022-07-18 21:19:17.960675 (1.0, 100000.0, 25, 10.0, 0.3, 0.294, 2.0, 3) [0.1318194107635975 0.003711076869245597 0.005560067731583785] 10 14009.218266010284s
2022-07-18 21:38:36.427449 (1.0, 100000.0, 28, 10.0, 0.3, 0.2955, 2.0, 3) [0.11357604628628196 0.004333826492423693 0.006994893701742289] 10 22833.89893603325s
2022-07-18 22:16:11.955338 (1.0, 100000.0, 30, 10.0, 0.3, 0.2955, 2.0, 3) [0.10393806837237482 0.002373613383031262 0.007897679977990542] 10 35166.53644323349s
2022-07-18 23:27:24.653929 (1.0, 100000.0, 27, 10.0, 0.3, 0.294, 2.0, 3) [0.11926496047636247 0.0030110198022246467 0.006444557062410402] 10 21011.750735759735s
2022-07-18 23:52:16.301313 (1.0, 100000.0, 24, 10.0, 0.3, 0.294, 2.0, 3) [0.137551375078734 0.0040334853246507055 0.005510398517497965] 10 58388.821323394775s
2022-07-19 01:11:01.722610 (1.0, 100000.0, 25, 10.0, 0.3, 0.294, 2.0, 3) [0.13293109292352376 0.0027732049945791972 0.005272078012584942] 10 13903.758623361588s
2022-07-19 01:56:15.479313 (1.0, 100000.0, 29, 10.0, 0.3, 0.2955, 2.0, 3) [0.1121237886600819 0.003283138362150676 0.006075634566023991] 10 27473.46755337715s
2022-07-19 02:55:24.326994 (1.0, 100000.0, 26, 10.0, 0.3, 0.2955, 2.0, 3) [0.12272477295707701 0.0028545594855034825 0.00684128332344996] 10 83881.76247739792s
2022-07-19 04:23:07.986898 (1.0, 100000.0, 28, 10.0, 0.3, 0.2955, 2.0, 3) [0.11105322086765396 0.0036302276923996773 0.008039519934481296] 10 24271.556740760803s
2022-07-19 04:59:40.602107 (1.0, 100000.0, 25, 10.0, 0.3, 0.294, 2.0, 3) [0.12828497475677053 0.002872477377988885 0.00663776406513706] 10 13718.875942707062s
2022-07-19 05:28:04.242690 (1.0, 100000.0, 27, 10.0, 0.3, 0.294, 2.0, 3) [0.1208307372176487 0.0020686714841565575 0.005937399916295188] 10 21639.585852861404s
2022-07-19 08:36:42.880447 (1.0, 100000.0, 30, 10.0, 0.3, 0.2955, 2.0, 3) [0.10228998227306682 0.0025149699609995535 0.00870097059625416] 10 37230.921864032745s
2022-07-19 08:48:03.331386 (1.0, 100000.0, 25, 10.0, 0.3, 0.294, 2.0, 3) [0.1288692923049635 0.004058165632393371 0.006449580848908859] 10 13702.726466655731s
2022-07-19 09:33:36.808831 (1.0, 100000.0, 29, 10.0, 0.3, 0.2955, 2.0, 3) [0.10703763821119334 0.0018196660565292604 0.008128339508286864] 10 27441.326414346695s
2022-07-19 10:06:51.888118 (1.0, 100000.0, 27, 10.0, 0.3, 0.294, 2.0, 3) [0.12084621922029483 0.004037112254327125 0.005933599040985281] 10 16727.63850903511s
2022-07-19 10:21:44.965036 (1.0, 100000.0, 28, 10.0, 0.3, 0.2955, 2.0, 3) [0.11264348565817883 0.002854978580055957 0.0073673914382418725] 10 21516.968567609787s
2022-07-19 12:35:34.798532 (1.0, 100000.0, 25, 10.0, 0.3, 0.294, 2.0, 3) [0.12491677729507887 0.005558709310866292 0.007840221493901997] 10 13651.463942527771s
2022-07-19 14:36:39.226587 (1.0, 100000.0, 27, 10.0, 0.3, 0.294, 2.0, 3) [0.11825753296330413 0.0017209160403438733 0.006800364150230776] 10 16187.320779800415s
2022-07-19 15:16:28.568919 (1.0, 100000.0, 24, 10.0, 0.3, 0.294, 2.0, 3) [0.1361536723535868 0.002512941619697584 0.005880424853351555] 10 55452.264417648315s
2022-07-19 16:16:05.105158 (1.0, 100000.0, 27, 10.0, 0.3, 0.294, 2.0, 3) [0.12195167943814479 0.0022768660887002405 0.005596430145352309] 10 13407.476744174957s
2022-07-19 16:21:42.863081 (1.0, 100000.0, 25, 10.0, 0.3, 0.294, 2.0, 3) [0.1292322670524656 0.003120119947332452 0.006329316035042976] 10 13568.047487258911s
2022-07-19 16:43:00.424064 (1.0, 100000.0, 24, 10.0, 0.3, 0.2948, 2.0, 3) [0.1334041995827595 0.00255114283976599 0.006694420354290669] 10 15020.749343395233s
2022-07-19 16:44:12.116688 (1.0, 100000.0, 25, 10.0, 0.3, 0.2948, 2.0, 3) [0.12684813730834751 0.0031968228047923103 0.007102795099351808] 10 15090.997396707535s
2022-07-19 16:46:11.588578 (1.0, 100000.0, 28, 10.0, 0.3, 0.294, 2.0, 3) [0.11411750547245456 0.0022933616867059714 0.006778497851298051] 10 15213.966708898544s
2022-07-19 17:05:07.730919 (1.0, 100000.0, 29, 10.0, 0.3, 0.2955, 2.0, 3) [0.11111012355442954 0.003080660264249484 0.0064389465291749] 10 27090.919374465942s
2022-07-19 17:15:31.863813 (1.0, 100000.0, 26, 10.0, 0.3, 0.2933, 2.0, 3) [0.12534699875463567 0.0032101838467548647 0.0059689576273633735] 10 16970.687591075897s
2022-07-19 17:21:55.024526 (1.0, 100000.0, 28, 10.0, 0.3, 0.2955, 2.0, 3) [0.11223340967916265 0.004065774489837504 0.007524439184219523] 10 25210.054498434067s
2022-07-19 17:41:13.164714 (1.0, 100000.0, 29, 10.0, 0.3, 0.294, 2.0, 3) [0.11177045243951005 0.003738820651574897 0.006187560315855071] 10 18515.536232709885s
2022-07-19 19:10:29.792959 (1.0, 100000.0, 27, 10.0, 0.3, 0.294, 2.0, 3) [0.12079316153612202 0.003527475613666803 0.005944552164708177] 10 16430.561984062195s
2022-07-19 19:52:12.975752 (1.0, 100000.0, 27, 10.0, 0.3, 0.294, 2.0, 3) [0.12057638662820644 0.003720235121854116 0.00601267864872803] 10 12967.86849808693s
2022-07-19 20:08:55.118334 (1.0, 100000.0, 25, 10.0, 0.3, 0.294, 2.0, 3) [0.1329183366109948 0.004994064280983324 0.005282223286536038] 10 13632.252097845078s
2022-07-19 20:18:27.712404 (1.0, 100000.0, 30, 10.0, 0.3, 0.2955, 2.0, 3) [0.10853423889146324 0.002241968356842968 0.006010488975410876] 10 42104.82789874077s
2022-07-19 20:35:22.274994 (1.0, 100000.0, 24, 10.0, 0.3, 0.2948, 2.0, 3) [0.13447204035606675 0.003591224141794075 0.0063776886961832814] 10 13941.84876036644s
2022-07-19 20:55:19.366316 (1.0, 100000.0, 28, 10.0, 0.3, 0.294, 2.0, 3) [0.11728862463395003 0.0037949239739509346 0.005682890022656541] 10 14947.775509595871s
2022-07-19 21:23:46.949034 (1.0, 100000.0, 25, 10.0, 0.3, 0.2948, 2.0, 3) [0.1288311943660657 0.003397231467268665 0.006440371356666338] 10 16774.824979782104s
2022-07-19 21:37:08.567168 (1.0, 100000.0, 26, 10.0, 0.3, 0.2933, 2.0, 3) [0.12500555179169862 0.0028623148329689984 0.006076201558187329] 10 15696.700699806213s
2022-07-19 22:41:49.165439 (1.0, 100000.0, 29, 10.0, 0.3, 0.294, 2.0, 3) [0.11229685979518679 0.003188394892092761 0.006005439933581431] 10 18035.99802994728s
2022-07-19 23:23:50.085649 (1.0, 100000.0, 28, 10.0, 0.3, 0.2955, 2.0, 3) [0.11406484247275549 0.0025556844232236735 0.006801996730146231] 10 21715.047429084778s
2022-07-19 23:28:27.495473 (1.0, 100000.0, 27, 10.0, 0.3, 0.294, 2.0, 3) [0.1195345751531676 0.0031396645609190854 0.006357775286367755] 10 12974.517365455627s
2022-07-19 23:40:35.842410 (1.0, 100000.0, 27, 10.0, 0.3, 0.294, 2.0, 3) [0.12306325396289358 0.0029733751976726737 0.0052682537788036376] 10 16206.04605793953s
2022-07-20 00:06:17.813603 (1.0, 100000.0, 25, 10.0, 0.3, 0.2948, 2.0, 3) [0.12757322930592252 0.004566811328057362 0.006875191640295308] 10 14236.931360721588s
2022-07-20 00:28:12.711806 (1.0, 100000.0, 29, 10.0, 0.3, 0.2945, 2.0, 3) [0.111638892933848 0.0022744900606440155 0.006236128213742353] 10 26580.319529533386s
2022-07-20 00:30:24.619912 (1.0, 100000.0, 24, 10.0, 0.3, 0.2948, 2.0, 3) [0.13462562772694692 0.0027572737460546783 0.006327490079079083] 10 14102.342567682266s
2022-07-20 01:04:37.456946 (1.0, 100000.0, 28, 10.0, 0.3, 0.294, 2.0, 3) [0.11416901894059397 0.0017989843711569342 0.00676405794502892] 10 14958.088137865067s
2022-07-20 01:12:16.723095 (1.0, 100000.0, 30, 10.0, 0.3, 0.294, 2.0, 3) [0.10893046686324223 0.003353182453142612 0.005865284748076249] 10 45578.40585374832s
2022-07-20 01:49:58.012639 (1.0, 100000.0, 26, 10.0, 0.3, 0.2933, 2.0, 3) [0.12265008622287428 0.004428509991747967 0.006869948497204926] 10 15169.442389249802s
2022-07-20 02:02:00.807806 (1.0, 100000.0, 24, 10.0, 0.3, 0.294, 2.0, 3) [0.13495199740342625 0.0027279511981038755 0.006231769237447287] 10 38732.21777009964s
2022-07-20 03:04:47.378923 (1.0, 100000.0, 27, 10.0, 0.3, 0.294, 2.0, 3) [0.11817052845109012 0.0028216797981224493 0.006842736576234078] 10 12979.880902528763s
2022-07-20 03:39:32.401107 (1.0, 100000.0, 26, 10.0, 0.3, 0.2955, 2.0, 3) [0.11968522719285266 0.002237293062605634 0.008005737672143111] 10 89048.06925296783s
2022-07-20 03:41:30.562667 (1.0, 100000.0, 29, 10.0, 0.3, 0.294, 2.0, 3) [0.11196058664063871 0.003513030805436982 0.006110118873217459] 10 17981.394768476486s
2022-07-20 03:59:39.419298 (1.0, 100000.0, 25, 10.0, 0.3, 0.2948, 2.0, 3) [0.13124836226840153 0.003222289452645525 0.0057118521291173105] 10 14001.599598646164s
2022-07-20 04:09:44.138706 (1.0, 100000.0, 27, 10.0, 0.3, 0.294, 2.0, 3) [0.11931577026380419 0.0030657948085715853 0.006462813552480607] 10 16148.293203115463s
2022-07-20 04:10:51.416214 (1.0, 100000.0, 25, 10.0, 0.3, 0.2948, 2.0, 3) [0.13076277346227028 0.005067566522146416 0.005862216744805782] 10 24424.464096307755s
2022-07-20 04:27:24.439742 (1.0, 100000.0, 24, 10.0, 0.3, 0.2948, 2.0, 3) [0.13685372608508936 0.003229377233963406 0.005685045835130546] 10 14219.817597866058s
2022-07-20 05:14:10.613738 (1.0, 100000.0, 28, 10.0, 0.3, 0.294, 2.0, 3) [0.11530819473818983 0.003530116405437274 0.006336928347911229] 10 14973.154438495636s
2022-07-20 06:03:20.007675 (1.0, 100000.0, 26, 10.0, 0.3, 0.2933, 2.0, 3) [0.1235123200412308 0.0032545887135973506 0.00657217566823064] 10 15201.98608660698s
2022-07-20 06:41:21.705682 (1.0, 100000.0, 27, 10.0, 0.3, 0.294, 2.0, 3) [0.12160284781128264 0.0025193946979719644 0.005705799958011645] 10 12994.324236631393s
2022-07-20 07:43:22.980498 (1.0, 100000.0, 30, 10.0, 0.3, 0.2955, 2.0, 3) [0.10397083362604134 0.002400604977044715 0.007892706728278293] 10 41095.265161037445s
2022-07-20 07:47:35.459782 (1.0, 100000.0, 29, 10.0, 0.3, 0.2945, 2.0, 3) [0.11103866028932055 0.0030596502792788163 0.006451344454410426] 10 26362.74573302269s
2022-07-20 07:50:31.093038 (1.0, 100000.0, 25, 10.0, 0.3, 0.2948, 2.0, 3) [0.1291713951849551 0.004367206607573673 0.006342257488094767] 10 13851.670535802841s
2022-07-20 07:54:26.644798 (1.0, 100000.0, 28, 10.0, 0.3, 0.2933, 2.0, 3) [0.11911175127533215 0.002577839995651609 0.005134408403290315] 10 30630.663811922073s
2022-07-20 08:17:53.436003 (1.0, 100000.0, 24, 10.0, 0.3, 0.2948, 2.0, 3) [0.13728541858963028 0.003408890307831907 0.005562973143990981] 10 13828.965413331985s
2022-07-20 08:33:32.825751 (1.0, 100000.0, 27, 10.0, 0.3, 0.294, 2.0, 3) [0.11915037422382145 0.0032883550773509197 0.006482848529608536] 10 15828.683901309967s
2022-07-20 08:40:01.323164 (1.0, 100000.0, 29, 10.0, 0.3, 0.294, 2.0, 3) [0.11352496794710935 0.0018661657749681451 0.005594748787878258] 10 17910.757821559906s
2022-07-20 09:23:58.141449 (1.0, 100000.0, 28, 10.0, 0.3, 0.294, 2.0, 3) [0.11576885162908991 0.0036174103989475644 0.006175465235795508] 10 14987.50790476799s
2022-07-20 09:27:18.224831 (1.0, 100000.0, 24, 10.0, 0.3, 0.294, 2.0, 3) [0.13610459375926756 0.002886920103577292 0.005889350324642791] 10 26717.412163496017s
2022-07-20 10:08:29.944855 (1.0, 100000.0, 26, 10.0, 0.3, 0.2933, 2.0, 3) [0.12296506991591748 0.00322668402746725 0.006746676138971868] 10 14709.914766550064s
2022-07-20 10:18:03.204416 (1.0, 100000.0, 27, 10.0, 0.3, 0.294, 2.0, 3) [0.11966902308090846 0.002793862007344574 0.006319139476480842] 10 13001.48834347725s
2022-07-20 11:38:50.586077 (1.0, 100000.0, 25, 10.0, 0.3, 0.2948, 2.0, 3) [0.13114423585438587 0.0033925799364865642 0.005755154930810679] 10 13699.489412784576s
2022-07-20 12:17:59.903312 (1.0, 100000.0, 24, 10.0, 0.3, 0.2948, 2.0, 3) [0.13276451823365087 0.003203373159987028 0.006895165275495352] 10 14406.452852487564s
2022-07-20 13:04:06.122749 (1.0, 100000.0, 27, 10.0, 0.3, 0.294, 2.0, 3) [0.11874996768087369 0.0032417636573697692 0.006652204910363567] 10 16233.282012462616s
2022-07-20 13:06:02.743385 (1.0, 100000.0, 25, 10.0, 0.3, 0.2948, 2.0, 3) [0.12680237731148797 0.0034245298713620385 0.0071378698348655055] 10 32111.32427382469s
2022-07-20 13:28:50.151922 (1.0, 100000.0, 28, 10.0, 0.3, 0.294, 2.0, 3) [0.11382119886528419 0.002672995500394476 0.006889869334738422] 10 14692.00756764412s
2022-07-20 13:35:18.970752 (1.0, 100000.0, 29, 10.0, 0.3, 0.294, 2.0, 3) [0.11088986208446404 0.0030758965590242013 0.006514129665471027] 10 17717.644634723663s
2022-07-20 13:43:20.991630 (1.0, 100000.0, 30, 10.0, 0.3, 0.294, 2.0, 3) [0.10884614224220017 0.003827742232724954 0.005892160615370165] 10 45064.26636981964s
2022-07-20 13:48:07.600233 (1.0, 100000.0, 27, 10.0, 0.3, 0.294, 2.0, 3) [0.1172606770042868 0.003614799622535212 0.007182018322827577] 10 12604.39330625534s
2022-07-20 14:18:09.431199 (1.0, 100000.0, 26, 10.0, 0.3, 0.2933, 2.0, 3) [0.12653390564671113 0.0023338175638755706 0.005625380901222051] 10 14979.483303070068s
2022-07-20 15:04:13.255204 (1.0, 100000.0, 29, 10.0, 0.3, 0.2945, 2.0, 3) [0.10696159561142266 0.0033359119123339987 0.008144280626037668] 10 26197.79140686989s
2022-07-20 15:27:48.190523 (1.0, 100000.0, 25, 10.0, 0.3, 0.2948, 2.0, 3) [0.12999925965295664 0.0031570275692275177 0.006091366002846002] 10 13737.601284742355s
2022-07-20 16:05:56.365238 (1.0, 100000.0, 28, 10.0, 0.3, 0.2933, 2.0, 3) [0.11682347998253208 0.002844840326155845 0.005827813137032227] 10 29489.715542554855s
2022-07-20 16:26:54.325749 (1.0, 100000.0, 30, 10.0, 0.3, 0.2955, 2.0, 3) [0.10827263852983103 0.002329055957608208 0.006108476277160108] 10 31411.324432611465s
2022-07-20 16:38:20.796166 (1.0, 100000.0, 24, 10.0, 0.3, 0.2948, 2.0, 3) [0.13343365613895042 0.0024697803251560973 0.006693202837182463] 10 15620.890599489212s
2022-07-20 17:14:01.244596 (1.0, 100000.0, 27, 10.0, 0.3, 0.294, 2.0, 3) [0.1211287257443623 0.0031451956729670614 0.00583811380769656] 10 12353.641727685928s
2022-07-20 17:25:36.420425 (1.0, 100000.0, 28, 10.0, 0.3, 0.294, 2.0, 3) [0.1154598731225007 0.0040666947709763765 0.006286534757662762] 10 14206.266125679016s
2022-07-20 17:25:37.683788 (1.0, 100000.0, 27, 10.0, 0.3, 0.2955, 2.0, 3) [0.11848048525144568 0.004254763074777665 0.006738763711399171] 10 15686.799021482468s
2022-07-20 18:20:06.248307 (1.0, 100000.0, 29, 10.0, 0.3, 0.294, 2.0, 3) [0.10869034956988735 0.003279665627306886 0.007373678501165683] 10 17087.173099040985s
2022-07-20 18:30:59.781964 (1.0, 100000.0, 26, 10.0, 0.3, 0.2933, 2.0, 3) [0.1265202223464796 0.0021255472745764026 0.005627249884043882] 10 15170.329697608948s
2022-07-20 19:16:56.679587 (1.0, 100000.0, 25, 10.0, 0.3, 0.2948, 2.0, 3) [0.13166426296867373 0.003721668047432699 0.005614063470906992] 10 13748.47142958641s
2022-07-20 20:39:53.677258 (1.0, 100000.0, 27, 10.0, 0.3, 0.294, 2.0, 3) [0.1219800399696867 0.005200099362409574 0.005596692588753952] 10 12352.416755914688s
2022-07-20 21:23:10.677621 (1.0, 100000.0, 28, 10.0, 0.3, 0.294, 2.0, 3) [0.11475777975378362 0.0032664245456929873 0.0065360911060365155] 10 14254.2544298172s
2022-07-20 21:53:56.552974 (1.0, 100000.0, 27, 10.0, 0.3, 0.2955, 2.0, 3) [0.11628915607232482 0.004744062006882606 0.007564002771139419] 10 16098.86574625969s
2022-07-20 21:57:53.461329 (1.0, 100000.0, 29, 10.0, 0.3, 0.2945, 2.0, 3) [0.10921944838634513 0.003253515584587585 0.007162750249276759] 10 24820.185210466385s
2022-07-20 22:33:53.797149 (1.0, 100000.0, 25, 10.0, 0.3, 0.2948, 2.0, 3) [0.1316143291707886 0.002429869850882681 0.005618751905901722] 10 34071.0473754406s
2022-07-20 22:35:31.536012 (1.0, 100000.0, 24, 10.0, 0.3, 0.2948, 2.0, 3) [0.1338441692410352 0.0022506083859274027 0.006572719815660602] 10 21430.736754655838s
2022-07-20 22:38:04.713219 (1.0, 100000.0, 26, 10.0, 0.3, 0.2933, 2.0, 3) [0.12356100613692034 0.002920054158650137 0.006546726036328153] 10 14824.925255298615s
2022-07-20 22:56:50.365811 (1.0, 100000.0, 28, 10.0, 0.3, 0.2933, 2.0, 3) [0.11725518128996827 0.0027149870606493127 0.005695094744275936] 10 24653.982566595078s
2022-07-20 23:03:01.722693 (1.0, 100000.0, 29, 10.0, 0.3, 0.294, 2.0, 3) [0.11384074278847554 0.0029829759116103247 0.005505423314176679] 10 16975.45346570015s
2022-07-20 23:06:10.709986 (1.0, 100000.0, 24, 10.0, 0.3, 0.294, 2.0, 3) [0.13440306689653603 0.0029647379926678917 0.006395248821866572] 10 49132.48224616051s
2022-07-20 23:06:33.804483 (1.0, 100000.0, 25, 10.0, 0.3, 0.2948, 2.0, 3) [0.1288749903433678 0.003414895655571075 0.0064442236442157335] 10 13777.103139400482s
2022-07-21 00:06:06.975737 (1.0, 100000.0, 27, 10.0, 0.3, 0.294, 2.0, 3) [0.11873617216740781 0.004640649145849584 0.006642527356422895] 10 12373.290444850922s
2022-07-21 01:20:28.593296 (1.0, 100000.0, 28, 10.0, 0.3, 0.294, 2.0, 3) [0.1179098125768709 0.005650487501082751 0.00549636198827366] 10 14237.89822435379s
2022-07-21 02:16:02.154988 (1.0, 100000.0, 27, 10.0, 0.3, 0.2955, 2.0, 3) [0.11772965933311498 0.0037259815425087334 0.007013614454464195] 10 15725.59878230095s
2022-07-21 02:16:58.124937 (1.0, 100000.0, 30, 10.0, 0.3, 0.294, 2.0, 3) [0.10915726895943656 0.006363695839918093 0.005794804376409329] 10 45217.131017923355s
2022-07-21 02:44:04.996968 (1.0, 100000.0, 26, 10.0, 0.3, 0.2933, 2.0, 3) [0.1256481095876092 0.0039101805925186185 0.0058817867061017135] 10 14760.27962398529s
2022-07-21 02:56:25.913673 (1.0, 100000.0, 25, 10.0, 0.3, 0.2948, 2.0, 3) [0.12834647862826537 0.005327574175254381 0.0066001849798804045] 10 13792.106134653091s
2022-07-21 03:09:29.115974 (1.0, 100000.0, 24, 10.0, 0.3, 0.2948, 2.0, 3) [0.1311268773213258 0.0030193570398948616 0.0074749670577187] 10 16437.577785015106s
2022-07-21 03:14:06.886368 (1.0, 100000.0, 30, 10.0, 0.3, 0.2945, 2.0, 3) [0.10793343059670937 0.002761949448093597 0.006226192578290262] 10 38821.92884159088s
2022-07-21 03:29:18.626205 (1.0, 100000.0, 27, 10.0, 0.3, 0.2945, 2.0, 3) [0.120703944704231 0.0028032458610966764 0.005968061249332196] 10 12188.46711397171s
2022-07-21 03:43:42.928419 (1.0, 100000.0, 29, 10.0, 0.3, 0.294, 2.0, 3) [0.11209744267776159 0.003958852767118435 0.0060922026675757435] 10 16841.203361988068s
2022-07-21 04:32:03.062257 (1.0, 100000.0, 25, 10.0, 0.3, 0.2948, 2.0, 3) [0.13211341199607726 0.003715485378119989 0.005492935929808253] 10 21489.26148700714s
2022-07-21 04:56:17.304298 (1.0, 100000.0, 28, 10.0, 0.3, 0.2933, 2.0, 3) [0.11639577417462346 0.004032390059827822 0.005987025387759268] 10 21566.93564748764s
2022-07-21 05:02:42.794400 (1.0, 100000.0, 29, 10.0, 0.3, 0.2945, 2.0, 3) [0.109734845339484 0.0023094122029056184 0.006952011921244433] 10 25489.330517292023s
2022-07-21 05:16:44.015585 (1.0, 100000.0, 28, 10.0, 0.3, 0.294, 2.0, 3) [0.11398490375433973 0.0024559118279357333 0.0068359008537217615] 10 14175.41988658905s
2022-07-21 06:32:02.009446 (1.0, 100000.0, 27, 10.0, 0.3, 0.2955, 2.0, 3) [0.1176315967318225 0.00240692650123998 0.007040246224030111] 10 15359.85186457634s
2022-07-21 06:45:53.594924 (1.0, 100000.0, 25, 10.0, 0.3, 0.2948, 2.0, 3) [0.13026806434312385 0.003778474739591946 0.006005538495084918] 10 13767.678206205368s
2022-07-21 06:51:56.796465 (1.0, 100000.0, 27, 10.0, 0.3, 0.2945, 2.0, 3) [0.11903757649927149 0.004358219009262426 0.0065328978436208565] 10 12158.168236017227s
2022-07-21 07:13:17.439740 (1.0, 100000.0, 24, 10.0, 0.3, 0.2948, 2.0, 3) [0.13889011702058018 0.002756530368609041 0.005161645805522966] 10 14628.321524381638s
2022-07-21 07:40:32.828132 (1.0, 100000.0, 25, 10.0, 0.3, 0.2948, 2.0, 3) [0.12723719108274067 0.003017297973266438 0.006970494981321293] 10 11309.763206005096s
2022-07-21 08:23:04.059839 (1.0, 100000.0, 29, 10.0, 0.3, 0.294, 2.0, 3) [0.11344770184609795 0.0023828025735678085 0.005625999301533616] 10 16761.128700256348s
2022-07-21 09:07:20.873643 (1.0, 100000.0, 28, 10.0, 0.3, 0.2945, 2.0, 3) [0.11568069156385342 0.002940085071115793 0.006221065647537659] 10 13833.62714266777s
2022-07-21 10:13:47.257364 (1.0, 100000.0, 27, 10.0, 0.3, 0.2945, 2.0, 3) [0.1150312044747481 0.0024544585979215743 0.008087417240771779] 10 12110.458733558655s
2022-07-21 10:35:32.672820 (1.0, 100000.0, 25, 10.0, 0.3, 0.2948, 2.0, 3) [0.12694480687852655 0.003146962211605156 0.007085228063729365] 10 13779.074837446213s
2022-07-21 10:59:59.983317 (1.0, 100000.0, 27, 10.0, 0.3, 0.2955, 2.0, 3) [0.11863501436238598 0.0044646950613526385 0.0066820063957855145] 10 16077.970410823822s
2022-07-21 11:05:19.727319 (1.0, 100000.0, 26, 10.0, 0.3, 0.2933, 2.0, 3) [0.12803794977716723 0.0032615769448563806 0.0052086077489952405] 10 30074.71691799164s
2022-07-21 11:26:05.843710 (1.0, 100000.0, 24, 10.0, 0.3, 0.294, 2.0, 3) [0.13664228135234524 0.0029245362237450257 0.005746665244449693] 10 15164.17352104187s
2022-07-21 12:14:54.979184 (1.0, 100000.0, 29, 10.0, 0.3, 0.2945, 2.0, 3) [0.11263976600270932 0.001973806695159515 0.005894013056800032] 10 25932.17672586441s
2022-07-21 12:57:36.594559 (1.0, 100000.0, 28, 10.0, 0.3, 0.2945, 2.0, 3) [0.11224947238411083 0.0033595161345971285 0.007518051642134629] 10 13815.71879029274s
2022-07-21 13:01:53.295547 (1.0, 100000.0, 29, 10.0, 0.3, 0.294, 2.0, 3) [0.1113325580464192 0.004370002087626065 0.006337708494962995] 10 16729.233203411102s
2022-07-21 13:04:35.903682 (1.0, 100000.0, 30, 10.0, 0.3, 0.2945, 2.0, 3) [0.10870221795311474 0.0023135200699949967 0.005943502412518202] 10 35429.01459026337s
2022-07-21 13:13:22.506004 (1.0, 100000.0, 28, 10.0, 0.3, 0.2933, 2.0, 3) [0.11538549186212588 0.0037081878732126 0.00631478132764604] 10 29825.195049762726s
2022-07-21 13:20:32.245467 (1.0, 100000.0, 24, 10.0, 0.3, 0.294, 2.0, 3) [0.1368148306683558 0.0023698413433271234 0.005695780142240754] 10 51261.53187131882s
2022-07-21 13:35:28.674751 (1.0, 100000.0, 27, 10.0, 0.3, 0.2945, 2.0, 3) [0.12174416389834448 0.002555206238261822 0.005656559803184732] 10 12101.415025949478s
2022-07-21 14:27:10.047395 (1.0, 100000.0, 25, 10.0, 0.3, 0.2933, 2.0, 3) [0.12733044902036778 0.002621945814239021 0.006938715887756737] 10 13892.579890012741s
2022-07-21 14:52:29.926479 (1.0, 100000.0, 30, 10.0, 0.3, 0.294, 2.0, 3) [0.10917921510600727 0.0026972684919588314 0.005795423123956078] 10 45331.799196243286s
2022-07-21 15:09:57.797288 (1.0, 100000.0, 26, 10.0, 0.3, 0.2955, 2.0, 3) [0.1226306788513788 0.0043677853542529906 0.006871075981121398] 10 14668.890773296356s
2022-07-21 15:20:11.496580 (1.0, 100000.0, 27, 10.0, 0.3, 0.2955, 2.0, 3) [0.11968147660306458 0.0033818828368112207 0.0063194201866823094] 10 15611.510479450226s
2022-07-21 15:52:38.617205 (1.0, 100000.0, 25, 10.0, 0.3, 0.2948, 2.0, 3) [0.1282573595262172 0.004356512084379272 0.00663754989933013] 10 29525.78625535965s
2022-07-21 16:11:11.560233 (1.0, 100000.0, 24, 10.0, 0.3, 0.294, 2.0, 3) [0.13408310087197026 0.002404357100302411 0.006479075643838498] 10 17105.71427464485s
2022-07-21 16:45:29.976591 (1.0, 100000.0, 26, 10.0, 0.3, 0.2955, 2.0, 3) [0.12501938525964248 0.0030080562003506096 0.0060909543743868505] 10 133557.5556693077s
2022-07-21 16:48:06.309611 (1.0, 100000.0, 28, 10.0, 0.3, 0.2945, 2.0, 3) [0.11424053064838517 0.0033041858768065105 0.006727386016137472] 10 13829.712712049484s
2022-07-21 16:57:23.083750 (1.0, 100000.0, 27, 10.0, 0.3, 0.2945, 2.0, 3) [0.1196605081753454 0.003416053813315182 0.006321237297538031] 10 12114.40665102005s
2022-07-21 17:37:58.064719 (1.0, 100000.0, 29, 10.0, 0.3, 0.2948, 2.0, 3) [0.11225824137103992 0.003987342779990685 0.006018333081228659] 10 16561.65136361122s
2022-07-21 18:04:35.542806 (1.0, 100000.0, 25, 10.0, 0.3, 0.2933, 2.0, 3) [0.1291004431247689 0.00424570583128858 0.006371601820656585] 10 13045.492043018341s
2022-07-21 19:14:25.258128 (1.0, 100000.0, 26, 10.0, 0.3, 0.2955, 2.0, 3) [0.12463125136865091 0.003666827726657108 0.006210034012294096] 10 14667.453125715256s
2022-07-21 19:20:53.311471 (1.0, 100000.0, 28, 10.0, 0.3, 0.2933, 2.0, 3) [0.11103345032192713 0.0038463821471439326 0.00802677146004013] 10 22050.80283522606s
2022-07-21 19:34:01.007545 (1.0, 100000.0, 29, 10.0, 0.3, 0.2945, 2.0, 3) [0.10872387415842452 0.0031625741018557123 0.007372276898158925] 10 26346.02546262741s
2022-07-21 19:38:54.697949 (1.0, 100000.0, 27, 10.0, 0.3, 0.2955, 2.0, 3) [0.11546552336222239 0.002512625144086996 0.007913294538239581] 10 15523.195957660675s
2022-07-21 20:19:20.062544 (1.0, 100000.0, 27, 10.0, 0.3, 0.2945, 2.0, 3) [0.11454649359969019 0.00442710734949326 0.00830642845277719] 10 12116.958559274673s
2022-07-21 20:38:34.367771 (1.0, 100000.0, 28, 10.0, 0.3, 0.2945, 2.0, 3) [0.11511491175078056 0.0034492612558433442 0.006403142736561038] 10 13828.055905103683s
2022-07-21 21:13:12.870956 (1.0, 100000.0, 24, 10.0, 0.3, 0.294, 2.0, 3) [0.13454126410241515 0.0022621563011018114 0.006350761767074812] 10 18121.287970781326s
2022-07-21 21:42:20.469669 (1.0, 100000.0, 25, 10.0, 0.3, 0.2933, 2.0, 3) [0.13279353968945132 0.0031074091262776747 0.0053089625984363824] 10 13064.902787685394s
2022-07-21 22:05:17.526171 (1.0, 100000.0, 30, 10.0, 0.3, 0.2945, 2.0, 3) [0.10727481197923056 0.003468183798387635 0.006474193952577411] 10 32441.61971473694s
2022-07-21 22:14:53.889159 (1.0, 100000.0, 29, 10.0, 0.3, 0.2948, 2.0, 3) [0.1103284549999928 0.004466556553040209 0.006724812190643959] 10 16615.807443857193s
2022-07-21 22:29:49.615576 (1.0, 100000.0, 25, 10.0, 0.3, 0.2948, 2.0, 3) [0.1291727565707495 0.003612999890812853 0.006341754986528652] 10 23830.98464179039s
2022-07-21 23:41:26.097501 (1.0, 100000.0, 27, 10.0, 0.3, 0.2945, 2.0, 3) [0.11952540321023777 0.002553475409826202 0.006362453640915724] 10 12126.032478570938s
2022-07-21 23:50:48.324020 (1.0, 100000.0, 24, 10.0, 0.3, 0.294, 2.0, 3) [0.13322056381607184 0.004035619353140328 0.006752553948164093] 10 37816.06982469559s
2022-07-21 23:51:50.381880 (1.0, 100000.0, 27, 10.0, 0.3, 0.2955, 2.0, 3) [0.11535463472718648 0.003292394572943576 0.007957479465958988] 10 15175.680462121964s
2022-07-22 00:17:25.059824 (1.0, 100000.0, 26, 10.0, 0.3, 0.2955, 2.0, 3) [0.12077855748112659 0.002239539489628647 0.0075855690681549395] 10 18179.778111696243s
2022-07-22 00:29:06.105905 (1.0, 100000.0, 28, 10.0, 0.3, 0.2945, 2.0, 3) [0.11242488532344659 0.0054649148044874345 0.007443177030369278] 10 13831.73577785492s
2022-07-22 01:22:02.247346 (1.0, 100000.0, 25, 10.0, 0.3, 0.2933, 2.0, 3) [0.13060468922092341 0.004139055753937652 0.005893426210956049] 10 13181.774819850922s
2022-07-22 01:28:42.496728 (1.0, 100000.0, 24, 10.0, 0.3, 0.294, 2.0, 3) [0.1362263757825643 0.004549030127773852 0.0058623924690920405] 10 15329.623250722885s
2022-07-22 02:44:28.731309 (1.0, 100000.0, 29, 10.0, 0.3, 0.2945, 2.0, 3) [0.11293134026064831 0.0023536276420876947 0.005796660575517879] 10 25827.72045326233s
2022-07-22 02:51:47.086734 (1.0, 100000.0, 29, 10.0, 0.3, 0.2948, 2.0, 3) [0.10983938433518195 0.0023848958140952254 0.006909903059065192] 10 16613.1950776577s
2022-07-22 03:03:24.032828 (1.0, 100000.0, 27, 10.0, 0.3, 0.2945, 2.0, 3) [0.12004913487788595 0.003112876810820255 0.006194123810572325] 10 12117.91955280304s
2022-07-22 03:10:43.753574 (1.0, 100000.0, 25, 10.0, 0.3, 0.2948, 2.0, 3) [0.12978941900899446 0.006310027002624443 0.006167562704312366] 10 16854.1348195076s
2022-07-22 03:19:32.394317 (1.0, 100000.0, 30, 10.0, 0.3, 0.294, 2.0, 3) [0.10894145340727467 0.004339065557590218 0.005856647554081852] 10 44822.465705156326s
2022-07-22 04:00:28.184775 (1.0, 100000.0, 27, 10.0, 0.3, 0.2955, 2.0, 3) [0.11553280478594007 0.00414803424651579 0.00787646127068108] 10 14917.800301551819s
2022-07-22 04:19:40.873961 (1.0, 100000.0, 28, 10.0, 0.3, 0.2945, 2.0, 3) [0.11413704891507673 0.0033187563491871306 0.0067870416876493435] 10 13834.765316724777s
2022-07-22 05:00:53.592364 (1.0, 100000.0, 25, 10.0, 0.3, 0.2933, 2.0, 3) [0.1284586126378299 0.003516116255563759 0.006560865333040951] 10 13131.34173297882s
2022-07-22 05:44:55.899022 (1.0, 100000.0, 24, 10.0, 0.3, 0.294, 2.0, 3) [0.13876137344571707 0.0022809699947158803 0.005203520221159735] 10 15373.394621610641s
2022-07-22 06:05:30.886965 (1.0, 100000.0, 26, 10.0, 0.3, 0.2955, 2.0, 3) [0.12359674508601043 0.0028680877163117353 0.006537976921143888] 10 20885.823572158813s
2022-07-22 06:25:16.852059 (1.0, 100000.0, 27, 10.0, 0.3, 0.2945, 2.0, 3) [0.1212668726966711 0.0042935165343431945 0.005802069217133499] 10 12112.816725730896s
2022-07-22 07:14:56.310750 (1.0, 100000.0, 30, 10.0, 0.3, 0.2945, 2.0, 3) [0.1074293937047874 0.0036651544064906813 0.006417138323753013] 10 32978.78125357628s
2022-07-22 07:29:12.437206 (1.0, 100000.0, 29, 10.0, 0.3, 0.2948, 2.0, 3) [0.11201005632126844 0.002967620550595102 0.00609523617556959] 10 16645.34803700447s
2022-07-22 08:10:08.248608 (1.0, 100000.0, 28, 10.0, 0.3, 0.2945, 2.0, 3) [0.11165076637571847 0.002282775248348795 0.007771961640605128] 10 13827.372066020966s
2022-07-22 08:13:05.511422 (1.0, 100000.0, 27, 10.0, 0.3, 0.2955, 2.0, 3) [0.1198355161495785 0.0037554212812452546 0.006270135562815717] 10 15157.30850481987s
2022-07-22 08:22:11.850070 (1.0, 100000.0, 25, 10.0, 0.3, 0.2945, 2.0, 3) [0.1307447176882574 0.0034547839832529945 0.005863738478493339] 10 18683.733402252197s
2022-07-22 08:42:30.809761 (1.0, 100000.0, 25, 10.0, 0.3, 0.2933, 2.0, 3) [0.13078278817066788 0.004006409829903632 0.005856130933485686] 10 13297.214267969131s
2022-07-22 09:38:30.508818 (1.0, 100000.0, 28, 10.0, 0.3, 0.2933, 2.0, 3) [0.11890674102181328 0.004471556624641705 0.0052073325895358675] 10 51457.19360566139s
2022-07-22 09:47:05.006810 (1.0, 100000.0, 27, 10.0, 0.3, 0.2945, 2.0, 3) [0.11875866398310668 0.005800345734412716 0.006632052773389593] 10 12108.152384519577s
2022-07-22 09:52:45.238313 (1.0, 100000.0, 24, 10.0, 0.3, 0.294, 2.0, 3) [0.1358468313547854 0.0027187658321211373 0.005970691191767973] 10 14869.336791038513s
2022-07-22 10:03:57.319617 (1.0, 100000.0, 29, 10.0, 0.3, 0.2945, 2.0, 3) [0.1082715687855947 0.004093242101541795 0.007558892165584144] 10 26368.584547758102s
2022-07-22 10:10:23.473966 (1.0, 100000.0, 26, 10.0, 0.3, 0.2955, 2.0, 3) [0.12491184386009536 0.004831078732301211 0.006114301587044086] 10 14692.580480337143s
2022-07-22 12:00:49.142760 (1.0, 100000.0, 28, 10.0, 0.3, 0.2945, 2.0, 3) [0.1163283707458442 0.0035625637884142006 0.005993188638075809] 10 13840.891685962677s
2022-07-22 12:07:19.039006 (1.0, 100000.0, 29, 10.0, 0.3, 0.2948, 2.0, 3) [0.10829533421351262 0.002852234242067607 0.007553970646167867] 10 16686.59915304184s
2022-07-22 12:19:01.729546 (1.0, 100000.0, 25, 10.0, 0.3, 0.2933, 2.0, 3) [0.13151415491705615 0.003289294201463015 0.005645433775102877] 10 12990.917086601257s
2022-07-22 12:25:32.281211 (1.0, 100000.0, 27, 10.0, 0.3, 0.2933, 2.0, 3) [0.1196329597400897 0.003622674101647164 0.006320264178213178] 10 15143.16493010521s
2022-07-22 13:04:57.524473 (1.0, 100000.0, 27, 10.0, 0.3, 0.2933, 2.0, 3) [0.11978925020024973 0.0026148851502070386 0.006287947218865452] 10 11864.063291549683s
2022-07-22 13:57:01.772583 (1.0, 100000.0, 24, 10.0, 0.3, 0.294, 2.0, 3) [0.13439753709638594 0.002984746065555654 0.006391896125605877] 10 14656.531920909882s
2022-07-22 14:19:21.861385 (1.0, 100000.0, 26, 10.0, 0.3, 0.2955, 2.0, 3) [0.12267563113914534 0.004353444410963736 0.006865717638311151] 10 14938.384597063065s
2022-07-22 15:50:09.025639 (1.0, 100000.0, 30, 10.0, 0.3, 0.294, 2.0, 3) [0.10504874981165956 0.0029154084444061906 0.007395417561873096] 10 45036.62882351875s
2022-07-22 15:51:28.892547 (1.0, 100000.0, 28, 10.0, 0.3, 0.2945, 2.0, 3) [0.1153819578256544 0.002541413366247127 0.006321469175592502] 10 13839.733407735825s
2022-07-22 15:56:33.636827 (1.0, 100000.0, 25, 10.0, 0.3, 0.2933, 2.0, 3) [0.1295054996472538 0.002438355916818016 0.006230778083360342] 10 13051.902612686157s
2022-07-22 15:56:59.226730 (1.0, 100000.0, 25, 10.0, 0.3, 0.2945, 2.0, 3) [0.12994385966119287 0.002583340208349661 0.006107366335013138] 10 27287.373162269592s
2022-07-22 15:57:10.263705 (1.0, 100000.0, 30, 10.0, 0.3, 0.2945, 2.0, 3) [0.10982035367517105 0.002830315079868889 0.0055692368731321395] 10 31333.945793151855s
2022-07-22 16:15:12.346518 (1.0, 100000.0, 27, 10.0, 0.3, 0.2933, 2.0, 3) [0.11808926897996366 0.00305766373334595 0.006859317904406144] 10 11414.819838523865s
2022-07-22 16:33:34.754165 (1.0, 100000.0, 24, 10.0, 0.3, 0.2933, 2.0, 3) [0.13768614438670032 0.002330254823172288 0.005474853564380665] 10 60160.80316233635s
2022-07-22 16:40:04.497250 (1.0, 100000.0, 27, 10.0, 0.3, 0.2933, 2.0, 3) [0.11854853509295303 0.004821461734071526 0.00673467110940475] 10 15272.209784507751s
2022-07-22 16:44:51.242697 (1.0, 100000.0, 29, 10.0, 0.3, 0.2948, 2.0, 3) [0.11354970658890567 0.004090753009920103 0.005586322077858874] 10 16652.19983649254s
