2022-04-16 02:10:47.971444 (1.0, 100000.0, 26, 10.0, 0.3, 0.307, 2.0, 3) [0.10805460985701118 0.002537681930563893 0.014656600220783413] 5 17027.857310056686s
2022-04-16 06:40:14.780204 (1.0, 100000.0, 26, 10.0, 0.3, 0.307, 2.0, 3) [0.10759045641960988 0.0029558031028855828 0.014989141860066483] 5 16166.803123235703s
2022-04-16 08:29:25.125424 (1.0, 100000.0, 28, 10.0, 0.3, 0.3, 2.0, 3) [0.10792969760014783 0.005075948568863073 0.009571635406931518] 5 39744.77066850662s
2022-04-16 11:08:35.759047 (1.0, 100000.0, 26, 10.0, 0.3, 0.307, 2.0, 3) [0.1032050084401715 0.0033631984690376715 0.0187226777297542] 5 16100.974363803864s
2022-04-16 15:44:52.467360 (1.0, 100000.0, 26, 10.0, 0.3, 0.307, 2.0, 3) [0.10916813951344367 0.0038919011500189032 0.013859949855943772] 5 16576.705718278885s
2022-04-16 18:50:06.520946 (1.0, 100000.0, 28, 10.0, 0.3, 0.3, 2.0, 3) [0.1078209658395168 0.0032053572300644265 0.009639808510716106] 5 37241.392362356186s
2022-04-16 20:41:12.908365 (1.0, 100000.0, 26, 10.0, 0.3, 0.307, 2.0, 3) [0.1061322293440433 0.005032471383723967 0.01625081922387001] 5 17780.438384771347s
2022-04-17 01:08:29.807294 (1.0, 100000.0, 26, 10.0, 0.3, 0.302, 2.0, 3) [0.11764047573256643 0.0024422216435110744 0.008955361763582532] 5 16030.540058851242s
2022-04-17 04:15:43.087478 (1.0, 100000.0, 28, 10.0, 0.3, 0.3, 2.0, 3) [0.10622603038307561 0.004835462444707718 0.010512933755093134] 5 33936.56312203407s
2022-04-17 05:35:36.337959 (1.0, 100000.0, 26, 10.0, 0.3, 0.302, 2.0, 3) [0.11322872458758496 0.003902954315938267 0.01119111322913133] 5 16026.528210401535s
2022-04-17 10:06:03.881276 (1.0, 100000.0, 28, 10.0, 0.3, 0.3, 2.0, 3) [0.10901198743915642 0.002854929665196264 0.009025166766547299] 5 21020.784576177597s
2022-04-17 10:54:59.528587 (1.0, 100000.0, 26, 10.0, 0.3, 0.302, 2.0, 3) [0.11297685471842887 0.0036652175902601117 0.01134201705154175] 5 19163.167756080627s
2022-04-17 14:53:36.059089 (1.0, 100000.0, 27, 10.0, 0.3, 0.292, 2.0, 3) [0.12164662422977238 0.0030881306171125704 0.005670218907525917] 5 149196.0838022232s
2022-04-17 15:35:25.510182 (1.0, 100000.0, 26, 10.0, 0.3, 0.302, 2.0, 3) [0.11375415488082931 0.0026759187271122283 0.010879762048893822] 5 16825.956894636154s
2022-04-17 16:03:34.018540 (1.0, 100000.0, 28, 10.0, 0.3, 0.3, 2.0, 3) [0.10592207547357368 0.0022753307699152512 0.010711352690733637] 5 21450.1134827137s
2022-04-17 20:23:31.189868 (1.0, 100000.0, 26, 10.0, 0.3, 0.302, 2.0, 3) [0.11229460900455178 0.006542636228062792 0.011711231847081264] 5 17285.54839539528s
2022-04-17 22:18:17.703200 (1.0, 100000.0, 28, 10.0, 0.3, 0.319, 2.0, 3) [0.08698256098461206 0.001897080384990737 0.03078673322876304] 5 22461.873386859894s
2022-04-18 00:27:17.231019 (1.0, 100000.0, 27, 10.0, 0.3, 0.292, 2.0, 3) [0.12187754489721576 0.0038599481405449075 0.005604016409460822] 5 34420.945950984955s
2022-04-18 01:09:08.624481 (1.0, 100000.0, 26, 10.0, 0.3, 0.285, 2.0, 3) [0.13963778152077228 0.00375623707427653 0.0028456944794102365] 5 17120.684858560562s
2022-04-18 04:15:09.267675 (1.0, 100000.0, 28, 10.0, 0.3, 0.319, 2.0, 3) [0.08786073233054671 0.0026064366538711874 0.029316229611509332] 5 21411.51339149475s
2022-04-18 05:55:07.244697 (1.0, 100000.0, 26, 10.0, 0.3, 0.285, 2.0, 3) [0.1361669877617791 0.0022457320662327474 0.003403853728529411] 5 17158.617851018906s
2022-04-18 10:50:20.986582 (1.0, 100000.0, 26, 10.0, 0.3, 0.285, 2.0, 3) [0.13543232822130752 0.003283341132536377 0.0035347719078999613] 5 17713.7394220829s
2022-04-18 12:11:44.454953 (1.0, 100000.0, 28, 10.0, 0.3, 0.319, 2.0, 3) [0.08451829121462545 0.0021725271776075967 0.03520216903121757] 5 28595.162197589874s
2022-04-18 14:26:35.398844 (1.0, 100000.0, 27, 10.0, 0.3, 0.292, 2.0, 3) [0.12128392613573592 0.0021533841569280916 0.005779240109136677] 5 50357.92071032524s
2022-04-18 15:27:19.744190 (1.0, 100000.0, 26, 10.0, 0.3, 0.285, 2.0, 3) [0.13890466119512526 0.003094282783159866 0.0029581000272151524] 5 16618.755105257034s
2022-04-18 17:01:06.221757 (1.0, 100000.0, 28, 10.0, 0.3, 0.319, 2.0, 3) [0.08315822071327819 0.001975545542208251 0.037887774976201716] 5 17361.564215660095s
2022-04-18 21:21:31.576470 (1.0, 100000.0, 26, 10.0, 0.3, 0.285, 2.0, 3) [0.13822080104720752 0.002771159190892558 0.003065663031530873] 5 21251.790648698807s
2022-04-18 21:53:27.071115 (1.0, 100000.0, 28, 10.0, 0.3, 0.319, 2.0, 3) [0.08365638833290046 0.002396270429576529 0.03681709548195616] 5 17540.766171455383s
2022-04-19 02:21:27.706650 (1.0, 100000.0, 28, 10.0, 0.3, 0.307, 2.0, 3) [0.09836935446484812 0.0021987009436631303 0.016280451554763146] 5 16072.771566152573s
2022-04-19 02:26:44.005092 (1.0, 100000.0, 26, 10.0, 0.3, 0.312, 2.0, 3) [0.10398350706922185 0.003113343945088704 0.01811409568574584] 5 18306.25881075859s
2022-04-19 03:10:57.100371 (1.0, 100000.0, 27, 10.0, 0.3, 0.292, 2.0, 3) [0.12350425381298928 0.002904641194785273 0.005139176837912188] 5 45861.699305295944s
2022-04-19 07:00:05.315837 (1.0, 100000.0, 26, 10.0, 0.3, 0.312, 2.0, 3) [0.10151202489865603 0.0028647991304146833 0.020543035387362057] 5 16401.30870127678s
2022-04-19 09:32:09.276408 (1.0, 100000.0, 28, 10.0, 0.3, 0.307, 2.0, 3) [0.10033839275096045 0.0034933234941686565 0.014662814847579704] 5 25841.541125774384s
2022-04-19 11:48:21.862741 (1.0, 100000.0, 26, 10.0, 0.3, 0.312, 2.0, 3) [0.10218946476864556 0.0036922138974236967 0.01980519850637887] 5 17296.544570684433s
2022-04-19 14:03:04.395422 (1.0, 100000.0, 28, 10.0, 0.3, 0.307, 2.0, 3) [0.09797071115922809 0.002269493033231845 0.016688938051935314] 5 16255.116304159164s
2022-04-19 14:15:18.493958 (1.0, 100000.0, 27, 10.0, 0.3, 0.292, 2.0, 3) [0.12745783215766843 0.0024124543729177306 0.004164621466128917] 5 39861.391672849655s
2022-04-19 18:31:33.571970 (1.0, 100000.0, 28, 10.0, 0.3, 0.307, 2.0, 3) [0.09826890850732768 0.003983444094710569 0.016382895749126124] 5 16109.173757314682s
2022-04-19 22:56:45.398749 (1.0, 100000.0, 28, 10.0, 0.3, 0.307, 2.0, 3) [0.10001631898236077 0.0025428446572643747 0.014940149697755376] 5 15911.823408603668s
2022-04-20 00:41:32.231383 (1.0, 100000.0, 26, 10.0, 0.3, 0.312, 2.0, 3) [0.10221651111976884 0.003217869759709137 0.01977294175106761] 5 46390.366290569305s
2022-04-20 03:25:10.378959 (1.0, 100000.0, 28, 10.0, 0.3, 0.312, 2.0, 3) [0.09180668221741221 0.00408121012042623 0.023443073589677905] 5 16095.37344455719s
2022-04-20 07:55:54.070984 (1.0, 100000.0, 28, 10.0, 0.3, 0.312, 2.0, 3) [0.09225717749135288 0.002809633547163128 0.02292802359294781] 5 16243.690027713776s
2022-04-20 12:24:43.871745 (1.0, 100000.0, 28, 10.0, 0.3, 0.312, 2.0, 3) [0.09123836564857592 0.0034908566531570793 0.0242140284210566] 5 16129.798041820526s
2022-04-20 16:52:23.684222 (1.0, 100000.0, 28, 10.0, 0.3, 0.312, 2.0, 3) [0.09280053640656101 0.00375887668939702 0.022248856490732077] 5 16059.741984128952s
2022-04-20 21:09:27.296548 (1.0, 100000.0, 28, 10.0, 0.3, 0.312, 2.0, 3) [0.09299091003230513 0.002680447235374922 0.022013160266444846] 5 15423.56331205368s
2022-04-21 00:42:36.398001 (1.0, 100000.0, 26, 10.0, 0.3, 0.312, 2.0, 3) [0.10295937209566224 0.0042473456114367585 0.019077007644652144] 5 86464.1643922329s
2022-04-21 01:23:46.797966 (1.0, 100000.0, 28, 10.0, 0.3, 0.285, 2.0, 3) [0.1272640339383643 0.002610901711165671 0.003249875874928429] 5 15248.671705961227s
2022-04-21 05:02:28.305159 (1.0, 100000.0, 26, 10.0, 0.3, 0.3, 2.0, 3) [0.11712274510144946 0.0024293483380052657 0.009152894161079717] 5 15586.62662100792s
2022-04-21 05:37:09.671901 (1.0, 100000.0, 28, 10.0, 0.3, 0.285, 2.0, 3) [0.1303210043577513 0.004109780272579559 0.0027477844037870334] 5 15202.871494531631s
2022-04-21 09:44:23.245697 (1.0, 100000.0, 26, 10.0, 0.3, 0.3, 2.0, 3) [0.1192966162890031 0.0030961794528645004 0.008188915720211194] 5 16914.938386678696s
2022-04-21 09:47:24.596263 (1.0, 100000.0, 28, 10.0, 0.3, 0.285, 2.0, 3) [0.13069659913253298 0.003351118114971493 0.0026840856554921043] 5 15014.921622514725s
2022-04-21 14:16:51.464401 (1.0, 100000.0, 28, 10.0, 0.3, 0.285, 2.0, 3) [0.12924949227472185 0.0028847370235482125 0.0029112965336202234] 5 16166.85380911827s
2022-04-21 15:31:24.932351 (1.0, 100000.0, 26, 10.0, 0.3, 0.3, 2.0, 3) [0.1155724419070418 0.0023520214818501567 0.009917058423446999] 5 20821.67437195778s
2022-04-21 18:33:50.345461 (1.0, 100000.0, 28, 10.0, 0.3, 0.285, 2.0, 3) [0.1263813506033422 0.0035337860764170738 0.003410384100810896] 5 15418.856256246567s
2022-04-21 20:47:58.698710 (1.0, 100000.0, 26, 10.0, 0.3, 0.3, 2.0, 3) [0.11605495199861778 0.0027648212046196864 0.009672268916485217] 5 18993.737675189972s
2022-04-21 22:47:33.435278 (1.0, 100000.0, 28, 10.0, 0.3, 0.302, 2.0, 3) [0.10493572669765934 0.0024261145775393888 0.011319860358640833] 5 15209.693620920181s
2022-04-21 22:51:26.030187 (1.0, 100000.0, 27, 10.0, 0.3, 0.305, 2.0, 3) [0.10409643666554594 0.0032262847914379424 0.01458109968364288] 5 203754.62974882126s
2022-04-22 01:08:49.585105 (1.0, 100000.0, 26, 10.0, 0.3, 0.3, 2.0, 3) [0.11792036807712472 0.003880375107840386 0.008788470983160414] 5 15650.884125232697s
2022-04-22 03:07:01.983972 (1.0, 100000.0, 28, 10.0, 0.3, 0.302, 2.0, 3) [0.1049157391044208 0.0026126871285567506 0.011349156137460183] 5 15568.546226501465s
2022-04-22 06:30:52.756518 (1.0, 100000.0, 26, 10.0, 0.3, 0.319, 2.0, 3) [0.09368616309157703 0.002513646747808815 0.030735754407341918] 5 19318.755095243454s
2022-04-22 07:24:40.518989 (1.0, 100000.0, 28, 10.0, 0.3, 0.302, 2.0, 3) [0.10206263390401317 0.004128720404806728 0.013303096005340848] 5 15458.527287960052s
2022-04-22 11:09:20.155904 (1.0, 100000.0, 26, 10.0, 0.3, 0.319, 2.0, 3) [0.09339571130515108 0.0036621768010137432 0.031219328270068555] 5 16707.39729976654s
2022-04-22 11:46:35.698395 (1.0, 100000.0, 28, 10.0, 0.3, 0.302, 2.0, 3) [0.10523416700761691 0.002405891975322341 0.011144491499465458] 5 15715.176666975021s
2022-04-22 15:53:48.779845 (1.0, 100000.0, 28, 10.0, 0.3, 0.302, 2.0, 3) [0.10702789666529208 0.0022192067437870415 0.010081189017392458] 5 14833.078949689865s
2022-04-22 17:27:51.403665 (1.0, 100000.0, 26, 10.0, 0.3, 0.319, 2.0, 3) [0.0982638614281674 0.002958561749008337 0.024381239208460526] 5 22711.245628356934s
2022-04-22 20:06:16.283066 (1.0, 100000.0, 28, 10.0, 0.3, 0.305, 2.0, 3) [0.10072199764720938 0.003944631528328345 0.014336041886071715] 5 15139.344460487366s
2022-04-22 22:41:08.096282 (1.0, 100000.0, 26, 10.0, 0.3, 0.319, 2.0, 3) [0.09430894636062376 0.00326365520578343 0.029773104290629033] 5 18796.67333674431s
2022-04-23 00:23:56.178934 (1.0, 100000.0, 28, 10.0, 0.3, 0.305, 2.0, 3) [0.10417651765217435 0.0016719164352753278 0.011833779089221683] 5 15459.802232980728s
2022-04-23 04:36:03.403030 (1.0, 100000.0, 28, 10.0, 0.3, 0.305, 2.0, 3) [0.09996985674421123 0.0027476352469233546 0.014910080478419477] 5 15127.198541164398s
2022-04-23 08:42:09.363532 (1.0, 100000.0, 28, 10.0, 0.3, 0.305, 2.0, 3) [0.10113337918920819 0.004210596239338858 0.013981552089352988] 5 14765.931412935257s
2022-04-23 11:20:08.066367 (1.0, 100000.0, 26, 10.0, 0.3, 0.319, 2.0, 3) [0.09688645490671789 0.003220414658637802 0.02617933025248526] 5 45539.95338201523s
2022-04-23 12:49:31.561255 (1.0, 100000.0, 28, 10.0, 0.3, 0.305, 2.0, 3) [0.1006048769155848 0.003214734271159569 0.014398123606415186] 5 14842.174950361252s
2022-04-23 17:01:48.042484 (1.0, 100000.0, 28, 10.0, 0.3, 0.297, 2.0, 3) [0.11084467212741907 0.0022839609786164203 0.008138792248184624] 5 15126.329434633255s
2022-04-23 21:12:28.500231 (1.0, 100000.0, 28, 10.0, 0.3, 0.297, 2.0, 3) [0.10908270576480682 0.0037941288721420777 0.008979881636571083] 5 15040.434364080429s
2022-04-23 23:48:19.246174 (1.0, 100000.0, 26, 10.0, 0.3, 0.292, 2.0, 3) [0.12692941798220697 0.0031095057817783025 0.005494158866463116] 5 44886.96091580391s
2022-04-24 01:19:29.846977 (1.0, 100000.0, 28, 10.0, 0.3, 0.297, 2.0, 3) [0.1112391214114806 0.002939575152862166 0.007968694334041338] 5 14821.324122428894s
2022-04-24 05:24:28.789905 (1.0, 100000.0, 28, 10.0, 0.3, 0.297, 2.0, 3) [0.11110639037738988 0.002517174529690811 0.00801962123149077] 5 14698.923949718475s
2022-04-24 07:00:39.680321 (1.0, 100000.0, 27, 10.0, 0.3, 0.305, 2.0, 3) [0.10534587128162068 0.0026502243525570834 0.013652319927453712] 5 202153.64826273918s
2022-04-24 07:49:39.153902 (1.0, 100000.0, 26, 10.0, 0.3, 0.292, 2.0, 3) [0.1276144990403918 0.002775149103923534 0.005312839579791912] 5 28879.84419155121s
2022-04-24 09:31:18.947313 (1.0, 100000.0, 28, 10.0, 0.3, 0.297, 2.0, 3) [0.110018135746708 0.0028500373325045752 0.008521160428958277] 5 14810.11474442482s
2022-04-24 12:52:02.991805 (1.0, 100000.0, 26, 10.0, 0.3, 0.292, 2.0, 3) [0.12273086204509316 0.0025165732372859364 0.0068247544973431985] 5 18143.835630893707s
2022-04-24 13:49:27.653951 (1.0, 100000.0, 28, 10.0, 0.3, 0.292, 2.0, 3) [0.11598471133389834 0.0021625117120760372 0.006099015663230501] 5 15481.384723186493s
2022-04-24 18:01:42.384380 (1.0, 100000.0, 26, 10.0, 0.3, 0.292, 2.0, 3) [0.12957304777225412 0.003990855612235505 0.004805144228552891] 5 18579.39034318924s
2022-04-24 18:16:19.522546 (1.0, 100000.0, 28, 10.0, 0.3, 0.292, 2.0, 3) [0.11750281020789312 0.0028000526238648356 0.005605194702493524] 5 16011.854781866074s
2022-04-24 22:37:04.742252 (1.0, 100000.0, 28, 10.0, 0.3, 0.292, 2.0, 3) [0.11716554148816874 0.004469706933988974 0.005729736756409914] 5 15645.217013835907s
2022-04-24 22:57:07.034064 (1.0, 100000.0, 26, 10.0, 0.3, 0.292, 2.0, 3) [0.1289826997189667 0.002914767414818794 0.0049390094120108545] 5 17724.6471452713s
2022-04-25 02:57:32.540707 (1.0, 100000.0, 28, 10.0, 0.3, 0.292, 2.0, 3) [0.11644878983765677 0.004110130191516065 0.005960640878761033] 5 15627.795795917511s
2022-04-25 03:59:12.435499 (1.0, 100000.0, 26, 10.0, 0.3, 0.305, 2.0, 3) [0.10957252571830411 0.0034568223309480403 0.013512958806504553] 5 18111.310856103897s
2022-04-25 07:30:04.016585 (1.0, 100000.0, 28, 10.0, 0.3, 0.292, 2.0, 3) [0.11917028023988593 0.0027895261009443814 0.005118430408052815] 5 16351.473216295242s
2022-04-25 08:51:00.648774 (1.0, 100000.0, 26, 10.0, 0.3, 0.305, 2.0, 3) [0.11188470149769456 0.0037544034301126494 0.011996201855999223] 5 17508.211229085922s
2022-04-25 12:13:06.217457 (1.0, 100000.0, 28, 10.0, 0.3, 0.299, 2.0, 3) [0.11194379070498126 0.00337625904755381 0.007685365945182822] 5 16976.093246936798s
2022-04-25 13:40:27.365927 (1.0, 100000.0, 26, 10.0, 0.3, 0.305, 2.0, 3) [0.1115650857569413 0.0019795337334289915 0.012218975829554363] 5 17366.71436738968s
2022-04-25 16:40:55.486280 (1.0, 100000.0, 28, 10.0, 0.3, 0.299, 2.0, 3) [0.10629450424371793 0.003161407611963017 0.01047872994220639] 5 16069.245834589005s
2022-04-25 18:23:17.730553 (1.0, 100000.0, 26, 10.0, 0.3, 0.305, 2.0, 3) [0.11099150422195908 0.003974541752086349 0.012611343498658485] 5 16970.338114976883s
2022-04-25 21:01:28.731757 (1.0, 100000.0, 28, 10.0, 0.3, 0.299, 2.0, 3) [0.10710836673948311 0.003153987144312232 0.010050361971806405] 5 15633.227254390717s
2022-04-29 23:27:09.362254 (1.0, 100000.0, 26, 10.0, 0.3, 0.286, 2.0, 3) [0.1365694049438369 0.00374843911469181 0.003329017067043582] 5 7281.259700059891s
2022-04-29 23:49:21.472393 (1.0, 100000.0, 27, 10.0, 0.3, 0.306, 2.0, 3) [0.10667559060334056 0.0034456863986098334 0.012744222139617043] 5 8613.359894752502s
2022-04-30 00:20:09.357036 (1.0, 100000.0, 28, 10.0, 0.3, 0.298, 2.0, 3) [0.11160600069207945 0.0038176855775337213 0.007801074895869695] 5 10461.246040582657s
2022-04-30 01:22:45.226091 (1.0, 100000.0, 26, 10.0, 0.3, 0.286, 2.0, 3) [0.1368491554347898 0.0024935357151609286 0.0032916798443576884] 5 6935.837780237198s
2022-04-30 02:13:38.093262 (1.0, 100000.0, 27, 10.0, 0.3, 0.306, 2.0, 3) [0.10226387583786405 0.0035618455090203195 0.016087072455967383] 5 8656.618763685226s
2022-04-30 03:15:57.974395 (1.0, 100000.0, 28, 10.0, 0.3, 0.298, 2.0, 3) [0.11524876832065693 0.0032397350752877098 0.006384755888336373] 5 10548.615184545517s
2022-04-30 03:18:12.116254 (1.0, 100000.0, 26, 10.0, 0.3, 0.286, 2.0, 3) [0.13219355526829346 0.003991008315473989 0.004182368402752576] 5 6926.887797832489s
2022-04-30 04:39:17.164823 (1.0, 100000.0, 27, 10.0, 0.3, 0.306, 2.0, 3) [0.10538295498809887 0.002248760124997025 0.013606194975980661] 5 8739.069159507751s
2022-04-30 05:12:58.319151 (1.0, 100000.0, 26, 10.0, 0.3, 0.286, 2.0, 3) [0.13431916385927978 0.005349558614565224 0.003744155567826027] 5 6886.200831890106s
2022-04-30 06:11:49.323624 (1.0, 100000.0, 28, 10.0, 0.3, 0.298, 2.0, 3) [0.11541112671846192 0.0036444943168080675 0.006343885656755664] 5 10551.346865177155s
2022-04-30 07:05:05.771251 (1.0, 100000.0, 27, 10.0, 0.3, 0.306, 2.0, 3) [0.10264570619292315 0.0029681134359819906 0.015795149939052008] 5 8748.604042768478s
2022-04-30 07:08:06.142209 (1.0, 100000.0, 26, 10.0, 0.3, 0.286, 2.0, 3) [0.13376689724219806 0.0028158806650387686 0.0038574242689677573] 5 6907.820967197418s
2022-04-30 09:07:24.543394 (1.0, 100000.0, 28, 10.0, 0.3, 0.298, 2.0, 3) [0.109950351849979 0.004039231090490308 0.008574499010281185] 5 10535.217465639114s
2022-04-30 09:10:23.902308 (1.0, 100000.0, 26, 10.0, 0.3, 0.32, 2.0, 3) [0.09590919903265484 0.0031651655472261057 0.027418987791756243] 5 7322.20708489418s
2022-04-30 09:30:40.139514 (1.0, 100000.0, 27, 10.0, 0.3, 0.306, 2.0, 3) [0.10559776274920518 0.0034616462339705175 0.013450288387148637] 5 8734.365776777267s
2022-04-30 11:11:25.583877 (1.0, 100000.0, 26, 10.0, 0.3, 0.32, 2.0, 3) [0.09537019903352938 0.0037984605222145477 0.02822044316275861] 5 7261.679903268814s
2022-04-30 11:48:25.918659 (1.0, 100000.0, 27, 10.0, 0.3, 0.301, 2.0, 3) [0.11170436521222143 0.003315224402696924 0.009685315668402342] 5 8213.428013563156s
2022-04-30 12:02:51.996526 (1.0, 100000.0, 28, 10.0, 0.3, 0.298, 2.0, 3) [0.11017893348970274 0.003148716729425578 0.008450741573179881] 5 10527.442387342453s
2022-04-30 13:12:27.352637 (1.0, 100000.0, 26, 10.0, 0.3, 0.32, 2.0, 3) [0.09299516672034147 0.002887213673137261 0.031788493281273124] 5 7261.749062776566s
2022-04-30 14:03:25.262956 (1.0, 100000.0, 27, 10.0, 0.3, 0.301, 2.0, 3) [0.1087732636010034 0.004025619308840278 0.011347673615930231] 5 8099.342085123062s
2022-04-30 14:57:27.184690 (1.0, 100000.0, 28, 10.0, 0.3, 0.303, 2.0, 3) [0.10340372272730601 0.004856449033016585 0.012320825813326393] 5 10471.367417812347s
2022-04-30 15:13:12.012111 (1.0, 100000.0, 26, 10.0, 0.3, 0.32, 2.0, 3) [0.09304106561562318 0.0032651730648560746 0.031771312172738514] 5 7244.6570336818695s
2022-04-30 16:18:29.440364 (1.0, 100000.0, 27, 10.0, 0.3, 0.301, 2.0, 3) [0.10803107132585835 0.004799944890033631 0.011793769158695523] 5 8104.1752235889435s
2022-04-30 17:13:41.086313 (1.0, 100000.0, 26, 10.0, 0.3, 0.32, 2.0, 3) [0.0926351159692735 0.0032922933686760653 0.032407342261008165] 5 7229.0721390247345s
2022-04-30 17:52:41.373017 (1.0, 100000.0, 28, 10.0, 0.3, 0.303, 2.0, 3) [0.1030114943553296 0.00437426543912171 0.012633657856428098] 5 10514.186390399933s
2022-04-30 18:34:04.970681 (1.0, 100000.0, 27, 10.0, 0.3, 0.301, 2.0, 3) [0.10772975680634067 0.003229762362674593 0.011984941844241538] 5 8135.528043746948s
2022-04-30 19:14:25.434496 (1.0, 100000.0, 26, 10.0, 0.3, 0.313, 2.0, 3) [0.09635703846949593 0.0031405008351296673 0.026731267472357753] 5 7238.8086104393005s
2022-04-30 20:48:23.521877 (1.0, 100000.0, 28, 10.0, 0.3, 0.303, 2.0, 3) [0.10470697096099298 0.0022462669703410786 0.011502432440252166] 5 10542.146455287933s
2022-04-30 20:50:05.023340 (1.0, 100000.0, 27, 10.0, 0.3, 0.301, 2.0, 3) [0.112779687010058 0.0030376389900559635 0.009154893075932683] 5 8160.050386428833s
2022-04-30 21:14:45.514174 (1.0, 100000.0, 26, 10.0, 0.3, 0.313, 2.0, 3) [0.10443209744769472 0.0026383360405413205 0.017717724696409386] 5 7220.077874660492s
2022-04-30 23:14:07.305393 (1.0, 100000.0, 27, 10.0, 0.3, 0.303, 2.0, 3) [0.10794171216487955 0.002655383434307989 0.011872240812170412] 5 8638.83196759224s
2022-04-30 23:15:17.441635 (1.0, 100000.0, 26, 10.0, 0.3, 0.313, 2.0, 3) [0.10092398974700958 0.003540355468070961 0.02116329357308824] 5 7231.925691127777s
2022-04-30 23:43:23.624188 (1.0, 100000.0, 28, 10.0, 0.3, 0.303, 2.0, 3) [0.10264833538228793 0.002200222903710925 0.01285351663592694] 5 10500.100066423416s
2022-05-01 01:16:02.109216 (1.0, 100000.0, 26, 10.0, 0.3, 0.313, 2.0, 3) [0.09895249426490277 0.002648933418496468 0.02337411004125421] 5 7244.6656613349915s
2022-05-01 01:37:52.951165 (1.0, 100000.0, 27, 10.0, 0.3, 0.303, 2.0, 3) [0.11103263449525676 0.002343895868291021 0.010064565688023892] 5 8625.643390893936s
2022-05-01 02:38:44.128573 (1.0, 100000.0, 28, 10.0, 0.3, 0.303, 2.0, 3) [0.11043708883102361 0.006292626228573957 0.008373739759324065] 5 10520.502274513245s
2022-05-01 03:16:37.723802 (1.0, 100000.0, 26, 10.0, 0.3, 0.313, 2.0, 3) [0.10071024120023161 0.002607161304608668 0.02140471384034851] 5 7235.612437486649s
2022-05-01 04:00:37.676204 (1.0, 100000.0, 27, 10.0, 0.3, 0.303, 2.0, 3) [0.1097926380339335 0.0033766810703903826 0.010780077099597095] 5 8564.722684383392s
2022-05-01 05:17:40.074563 (1.0, 100000.0, 26, 10.0, 0.3, 0.298, 2.0, 3) [0.12152722266915987 0.003703149373620112 0.007318571601146467] 5 7259.029671669006s
2022-05-01 05:32:31.522472 (1.0, 100000.0, 28, 10.0, 0.3, 0.301, 2.0, 3) [0.10944027659636231 0.00492913572393228 0.008827128593683802] 5 10423.749037742615s
2022-05-01 06:23:41.442619 (1.0, 100000.0, 27, 10.0, 0.3, 0.303, 2.0, 3) [0.10697880268313661 0.0016828706114834725 0.012503012380960788] 5 8583.763389825821s
2022-05-01 07:11:48.121652 (1.0, 100000.0, 26, 10.0, 0.3, 0.298, 2.0, 3) [0.1177164334720399 0.0031597480820257425 0.008853567533385587] 5 6848.045312643051s
2022-05-01 08:27:24.052404 (1.0, 100000.0, 28, 10.0, 0.3, 0.301, 2.0, 3) [0.10711901808571819 0.002702013273034055 0.010006978608015329] 5 10492.527723550797s
2022-05-01 08:48:18.048169 (1.0, 100000.0, 27, 10.0, 0.3, 0.303, 2.0, 3) [0.1098147283533038 0.004226665330867408 0.01076719821702932] 5 8676.603333473206s
2022-05-01 09:06:25.853060 (1.0, 100000.0, 26, 10.0, 0.3, 0.298, 2.0, 3) [0.11891478109010543 0.0021007180203430204 0.00835307397628707] 5 6877.729369401932s
2022-05-01 11:01:08.515123 (1.0, 100000.0, 26, 10.0, 0.3, 0.298, 2.0, 3) [0.11881458929396937 0.0023296351327765654 0.008389697579458243] 5 6882.659035682678s
2022-05-01 11:12:43.770107 (1.0, 100000.0, 27, 10.0, 0.3, 0.313, 2.0, 3) [0.09461807302958813 0.004656898817676649 0.024260411008956307] 5 8639.75743317604s
2022-05-01 11:21:57.386813 (1.0, 100000.0, 28, 10.0, 0.3, 0.301, 2.0, 3) [0.10921129619725625 0.0027709028733462365 0.008963116582342348] 5 10473.33140540123s
2022-05-01 12:55:48.312083 (1.0, 100000.0, 26, 10.0, 0.3, 0.298, 2.0, 3) [0.12338412358280744 0.005212727679558605 0.006645342136214806] 5 6879.79480099678s
2022-05-01 13:30:59.352441 (1.0, 100000.0, 27, 10.0, 0.3, 0.313, 2.0, 3) [0.0972014413044659 0.0033488657622822303 0.0211624889702528] 5 8295.580414295197s
2022-05-01 14:16:48.960875 (1.0, 100000.0, 28, 10.0, 0.3, 0.301, 2.0, 3) [0.10519281352612038 0.002820789374081723 0.011147117760132635] 5 10491.571503162384s
2022-05-01 14:57:24.173737 (1.0, 100000.0, 26, 10.0, 0.3, 0.303, 2.0, 3) [0.1124503187751387 0.0029888117023417838 0.011667512822970735] 5 7288.024468660355s
2022-05-01 15:49:01.433869 (1.0, 100000.0, 27, 10.0, 0.3, 0.313, 2.0, 3) [0.09348323476642904 0.0027769022249681365 0.025743388757631325] 5 8282.079111814499s
2022-05-01 16:51:51.049799 (1.0, 100000.0, 26, 10.0, 0.3, 0.303, 2.0, 3) [0.11109545862371062 0.00247646605073086 0.012486219785399178] 5 6866.874323606491s
2022-05-01 17:11:36.984086 (1.0, 100000.0, 28, 10.0, 0.3, 0.301, 2.0, 3) [0.10637085659489628 0.004303537152706382 0.010450620332538678] 5 10488.021058321s
2022-05-01 18:06:41.409380 (1.0, 100000.0, 27, 10.0, 0.3, 0.313, 2.0, 3) [0.09224750850226322 0.0024051550254257257 0.027421368675440372] 5 8259.973245382309s
2022-05-01 18:46:15.342255 (1.0, 100000.0, 26, 10.0, 0.3, 0.303, 2.0, 3) [0.1123111020833304 0.00541414031884275 0.01175077699050646] 5 6864.290235042572s
2022-05-01 20:06:16.534009 (1.0, 100000.0, 28, 10.0, 0.3, 0.308, 2.0, 3) [0.09357602425079332 0.0028326971307026947 0.021245030819301954] 5 10476.114921331406s
2022-05-01 20:24:09.254808 (1.0, 100000.0, 27, 10.0, 0.3, 0.313, 2.0, 3) [0.09541177227575418 0.0017531997722015137 0.023242653993395323] 5 8247.843210458755s
2022-05-01 20:40:39.761166 (1.0, 100000.0, 26, 10.0, 0.3, 0.303, 2.0, 3) [0.11336948732617606 0.0028698662410718842 0.011110494362538834] 5 6864.416969060898s
2022-05-01 22:34:53.300213 (1.0, 100000.0, 26, 10.0, 0.3, 0.303, 2.0, 3) [0.11615383043578599 0.004579017776821326 0.009651086146539378] 5 6853.536898851395s
2022-05-01 22:46:55.336156 (1.0, 100000.0, 27, 10.0, 0.3, 0.293, 2.0, 3) [0.11623207723823202 0.005810562079200216 0.007572693414044898] 5 8545.328531742096s
2022-05-01 23:00:04.230823 (1.0, 100000.0, 28, 10.0, 0.3, 0.308, 2.0, 3) [0.09750924636708487 0.0020743201259443944 0.017097353393029046] 5 10427.694781064987s
2022-05-02 00:35:39.407909 (1.0, 100000.0, 26, 10.0, 0.3, 0.306, 2.0, 3) [0.11219343846116968 0.002649365223210618 0.011822981249746749] 5 7241.071454048157s
2022-05-02 01:09:42.129553 (1.0, 100000.0, 27, 10.0, 0.3, 0.293, 2.0, 3) [0.11873151935530743 0.004913172120220514 0.006631028726140433] 5 8566.791162729263s
2022-05-02 01:54:30.992854 (1.0, 100000.0, 28, 10.0, 0.3, 0.308, 2.0, 3) [0.09809187854707282 0.003631395629579863 0.016596765048591467] 5 10466.759822845459s
2022-05-02 02:36:10.282821 (1.0, 100000.0, 26, 10.0, 0.3, 0.306, 2.0, 3) [0.10816112490275441 0.0026333230087715416 0.014539038034383202] 5 7230.873186588287s
2022-05-02 03:32:54.508921 (1.0, 100000.0, 27, 10.0, 0.3, 0.293, 2.0, 3) [0.12194323835148811 0.002223737361318145 0.005590148201906125] 5 8592.376974582672s
2022-05-02 04:36:45.086125 (1.0, 100000.0, 26, 10.0, 0.3, 0.306, 2.0, 3) [0.10846073178977561 0.0028304514219078362 0.01433432962905132] 5 7234.801316976547s
2022-05-02 04:48:46.146471 (1.0, 100000.0, 28, 10.0, 0.3, 0.308, 2.0, 3) [0.09665491007736347 0.003878656392264062 0.017937149081208217] 5 10455.151543855667s
2022-05-02 05:56:21.210534 (1.0, 100000.0, 27, 10.0, 0.3, 0.293, 2.0, 3) [0.12008926288923921 0.00277870309088562 0.006170138420748312] 5 8606.69930934906s
2022-05-02 06:37:11.272564 (1.0, 100000.0, 26, 10.0, 0.3, 0.306, 2.0, 3) [0.10675009425148158 0.003089995800821627 0.015638001408122677] 5 7226.184481859207s
2022-05-02 07:44:03.030678 (1.0, 100000.0, 28, 10.0, 0.3, 0.308, 2.0, 3) [0.10045000437605801 0.0025430173942807203 0.014574623945725645] 5 10516.882053375244s
2022-05-02 08:20:17.173511 (1.0, 100000.0, 27, 10.0, 0.3, 0.293, 2.0, 3) [0.12217778860183423 0.0030101914274784478 0.005511571478620409] 5 8635.96075963974s
2022-05-02 08:37:36.372998 (1.0, 100000.0, 26, 10.0, 0.3, 0.306, 2.0, 3) [0.10964030004888314 0.0038111088696935053 0.013489739447524032] 5 7225.098387956619s
2022-05-02 10:38:29.059268 (1.0, 100000.0, 26, 10.0, 0.3, 0.301, 2.0, 3) [0.11592579009584983 0.0023719195075344213 0.009734059417518185] 5 7249.867902040482s
2022-05-02 10:39:08.782476 (1.0, 100000.0, 28, 10.0, 0.3, 0.293, 2.0, 3) [0.11607961649706879 0.0046128830214074625 0.006069534495757203] 5 10481.729133605957s
2022-05-02 10:44:08.583504 (1.0, 100000.0, 27, 10.0, 0.3, 0.298, 2.0, 3) [0.11366824786509715 0.0023434355979069722 0.008715966491027065] 5 8628.224420309067s
2022-05-02 12:32:56.282916 (1.0, 100000.0, 26, 10.0, 0.3, 0.301, 2.0, 3) [0.11623393932215477 0.003523781807275835 0.009584893243742548] 5 6867.221524000168s
2022-05-02 13:08:03.346171 (1.0, 100000.0, 27, 10.0, 0.3, 0.298, 2.0, 3) [0.11605931346846064 0.0026537194626115473 0.00767275317564403] 5 8634.760444879532s
2022-05-02 13:34:21.889556 (1.0, 100000.0, 28, 10.0, 0.3, 0.293, 2.0, 3) [0.1181421197750811 0.0022095005152039573 0.005414127503965292] 5 10513.105183124542s
2022-05-02 14:27:25.197540 (1.0, 100000.0, 26, 10.0, 0.3, 0.301, 2.0, 3) [0.11619209363023779 0.003191055095002201 0.00961729385229408] 5 6868.9001133441925s
2022-05-02 15:32:34.171927 (1.0, 100000.0, 27, 10.0, 0.3, 0.298, 2.0, 3) [0.1169679987617205 0.0021432160238311743 0.0073277833987540515] 5 8670.765207767487s
2022-05-02 16:21:55.667905 (1.0, 100000.0, 26, 10.0, 0.3, 0.301, 2.0, 3) [0.11138235434452513 0.003519679043621496 0.012311600140420308] 5 6870.468404054642s
2022-05-02 16:29:55.130770 (1.0, 100000.0, 28, 10.0, 0.3, 0.293, 2.0, 3) [0.11863338155910558 0.004504718614094508 0.005275300681610633] 5 10533.216974258423s
2022-05-02 17:57:14.560337 (1.0, 100000.0, 27, 10.0, 0.3, 0.298, 2.0, 3) [0.11476888007166444 0.0025087271644396608 0.008213171327848243] 5 8680.386083602905s
2022-05-02 18:16:28.707005 (1.0, 100000.0, 26, 10.0, 0.3, 0.301, 2.0, 3) [0.11565485120576732 0.003092814960502075 0.00988267964175353] 5 6873.036843776703s
2022-05-02 19:25:57.190170 (1.0, 100000.0, 28, 10.0, 0.3, 0.293, 2.0, 3) [0.11541982713453063 0.0032855010373658957 0.006290927487838868] 5 10562.05679178238s
2022-05-02 20:16:28.526363 (1.0, 100000.0, 26, 10.0, 0.3, 0.308, 2.0, 3) [0.10644020826118658 0.0029360561647040046 0.015951485367078366] 5 7190.915892601013s
2022-05-02 20:22:03.011380 (1.0, 100000.0, 27, 10.0, 0.3, 0.298, 2.0, 3) [0.11623914184046191 0.0038372563489365253 0.007597093782565694] 5 8688.428534507751s
2022-05-02 22:17:19.152130 (1.0, 100000.0, 26, 10.0, 0.3, 0.308, 2.0, 3) [0.10576633486593187 0.002649901451815544 0.016491054541466772] 5 7250.603267431259s
2022-05-02 22:20:55.034447 (1.0, 100000.0, 28, 10.0, 0.3, 0.293, 2.0, 3) [0.11492015144382577 0.002822615364264578 0.0064988108462170485] 5 10497.757937908173s
2022-05-02 22:46:53.505421 (1.0, 100000.0, 27, 10.0, 0.3, 0.286, 2.0, 3) [0.12812535558187 0.0035367665073824527 0.00399523898484229] 5 8679.51085639s
2022-05-03 00:18:19.402347 (1.0, 100000.0, 26, 10.0, 0.3, 0.308, 2.0, 3) [0.10509421472761464 0.0019362122065075366 0.01704537672312907] 5 7260.223169326782s
2022-05-03 01:11:17.521707 (1.0, 100000.0, 27, 10.0, 0.3, 0.286, 2.0, 3) [0.1280183629733535 0.003363872979341905 0.004030032690721002] 5 8664.001127004623s
2022-05-03 01:15:19.236140 (1.0, 100000.0, 28, 10.0, 0.3, 0.32, 2.0, 3) [0.08230513750181889 0.004920837418468647 0.03968978052892129] 5 10445.980226039886s
2022-05-03 02:19:07.637987 (1.0, 100000.0, 26, 10.0, 0.3, 0.308, 2.0, 3) [0.10683883756508405 0.0034105765986296955 0.015606050624512879] 5 7248.205567121506s
2022-05-03 03:35:41.829223 (1.0, 100000.0, 27, 10.0, 0.3, 0.286, 2.0, 3) [0.1254401303157115 0.002728607821802789 0.00461387930213836] 5 8664.278683662415s
2022-05-03 04:08:36.899619 (1.0, 100000.0, 28, 10.0, 0.3, 0.32, 2.0, 3) [0.08599080861939282 0.0034564699504669063 0.03253612160720613] 5 10397.661773443222s
2022-05-03 04:19:57.312100 (1.0, 100000.0, 26, 10.0, 0.3, 0.308, 2.0, 3) [0.10567654629010703 0.002131868207594645 0.01655848605000791] 5 7249.656630754471s
2022-05-03 06:00:03.471828 (1.0, 100000.0, 27, 10.0, 0.3, 0.286, 2.0, 3) [0.13040667632725236 0.0026165448229319324 0.0035414162543513875] 5 8661.627960681915s
2022-05-03 06:20:45.584224 (1.0, 100000.0, 26, 10.0, 0.3, 0.293, 2.0, 3) [0.12740557617351297 0.003419221369777321 0.005364457355910231] 5 7245.20374917984s
2022-05-03 07:01:15.499848 (1.0, 100000.0, 28, 10.0, 0.3, 0.32, 2.0, 3) [0.0836518817244512 0.0024296237972106006 0.036863019476241536] 5 10358.572464466095s
2022-05-03 08:21:23.402312 (1.0, 100000.0, 26, 10.0, 0.3, 0.293, 2.0, 3) [0.12756010813492183 0.0053591861268787525 0.005321678848189202] 5 7237.816310882568s
2022-05-03 08:24:39.411680 (1.0, 100000.0, 27, 10.0, 0.3, 0.286, 2.0, 3) [0.1320714398560182 0.0021698475523449718 0.0032435161746493463] 5 8675.924800157547s
2022-05-03 09:53:57.587141 (1.0, 100000.0, 28, 10.0, 0.3, 0.32, 2.0, 3) [0.08294649866967466 0.0030315460129550957 0.03832641131385628] 5 10362.060093641281s
2022-05-03 10:21:57.371651 (1.0, 100000.0, 26, 10.0, 0.3, 0.293, 2.0, 3) [0.12921886858373105 0.005634846693072552 0.004901501959727557] 5 7233.939492464066s
2022-05-03 10:49:14.617778 (1.0, 100000.0, 27, 10.0, 0.3, 0.32, 2.0, 3) [0.09104944696555775 0.0028585680174828924 0.02940557211497975] 5 8672.011366128922s
2022-05-03 12:22:24.613468 (1.0, 100000.0, 26, 10.0, 0.3, 0.293, 2.0, 3) [0.12383255655052694 0.002574771399368907 0.006454328285750982] 5 7227.23979139328s
2022-05-03 12:47:07.071801 (1.0, 100000.0, 28, 10.0, 0.3, 0.32, 2.0, 3) [0.08268310374998243 0.0028721045713614047 0.03881181636407398] 5 10389.452417612076s
2022-05-03 13:13:34.018331 (1.0, 100000.0, 27, 10.0, 0.3, 0.32, 2.0, 3) [0.08897517173764688 0.002694858089852321 0.032830917364585196] 5 8659.37698507309s
2022-05-03 14:22:57.893831 (1.0, 100000.0, 26, 10.0, 0.3, 0.293, 2.0, 3) [0.12651057617926215 0.004811491679900541 0.005627251449736211] 5 7233.255477905273s
2022-05-03 15:38:12.090115 (1.0, 100000.0, 27, 10.0, 0.3, 0.32, 2.0, 3) [0.08862047865993089 0.003173362109339198 0.03338092593237054] 5 8678.041867733002s
2022-05-03 15:44:12.478198 (1.0, 100000.0, 28, 10.0, 0.3, 0.313, 2.0, 3) [0.09200774915410892 0.0032284103094138315 0.02328623036919184] 5 10523.265224933624s
2022-05-03 16:24:19.437284 (1.0, 100000.0, 26, 10.0, 0.3, 0.3, 2.0, 3) [0.1170119966683171 0.002279561676142368 0.00918635359497095] 5 7267.00220823288s
2022-05-03 18:02:46.079334 (1.0, 100000.0, 27, 10.0, 0.3, 0.32, 2.0, 3) [0.085604196764833 0.0027581555429428027 0.03919686153321467] 5 8673.963346481323s
2022-05-03 18:18:54.754627 (1.0, 100000.0, 26, 10.0, 0.3, 0.3, 2.0, 3) [0.1163115465813707 0.0024660210836462896 0.009551698257807427] 5 6875.272212266922s
2022-05-03 18:39:08.001296 (1.0, 100000.0, 28, 10.0, 0.3, 0.313, 2.0, 3) [0.09125126953843252 0.003295215793673537 0.024275955084974134] 5 10495.512545347214s
2022-05-03 20:13:32.786161 (1.0, 100000.0, 26, 10.0, 0.3, 0.3, 2.0, 3) [0.1169143483786213 0.003076901101345076 0.009252582393272691] 5 6878.002603292465s
2022-05-03 20:29:15.873033 (1.0, 100000.0, 27, 10.0, 0.3, 0.32, 2.0, 3) [0.08749641470734572 0.0037687548454880524 0.0354202629677037] 5 8789.753082990646s
2022-05-03 21:37:04.362054 (1.0, 100000.0, 28, 10.0, 0.3, 0.313, 2.0, 3) [0.09057959394834167 0.004553838996732343 0.025120839917842357] 5 10676.326343297958s
2022-05-03 22:08:13.119133 (1.0, 100000.0, 26, 10.0, 0.3, 0.3, 2.0, 3) [0.11650868527532268 0.0020973870742620063 0.009442968573482974] 5 6880.307330131531s
2022-05-03 22:57:22.283733 (1.0, 100000.0, 27, 10.0, 0.3, 0.308, 2.0, 3) [0.10107319552501795 0.0023777275614870687 0.017190318605021473] 5 8877.394678354263s
2022-05-04 00:02:44.922060 (1.0, 100000.0, 26, 10.0, 0.3, 0.3, 2.0, 3) [0.1189646150178653 0.004752403060209737 0.008346860373307757] 5 6871.782045125961s
2022-05-04 00:35:48.509457 (1.0, 100000.0, 28, 10.0, 0.3, 0.313, 2.0, 3) [0.09260877735387582 0.0030837591358282256 0.022524020811068433] 5 10724.109198331833s
2022-05-04 01:24:39.186874 (1.0, 100000.0, 27, 10.0, 0.3, 0.308, 2.0, 3) [0.1004874008918611 0.002212060183890514 0.017699832452259267] 5 8836.873504400253s
2022-05-04 03:34:02.495536 (1.0, 100000.0, 28, 10.0, 0.3, 0.313, 2.0, 3) [0.09104356530803079 0.002572360388568383 0.024484923592334576] 5 10693.962145328522s
2022-05-04 03:51:33.634924 (1.0, 100000.0, 27, 10.0, 0.3, 0.308, 2.0, 3) [0.10023318457672906 0.0024872279140878235 0.01795719436605118] 5 8814.434302568436s
2022-05-04 06:18:13.789300 (1.0, 100000.0, 27, 10.0, 0.3, 0.308, 2.0, 3) [0.10297844093564709 0.002939420441979364 0.015543290194726394] 5 8800.141103029251s
2022-05-04 06:32:31.534761 (1.0, 100000.0, 28, 10.0, 0.3, 0.286, 2.0, 3) [0.1269492258505123 0.004164433101083632 0.003308936165756994] 5 10704.834620952606s
2022-05-04 08:45:07.325209 (1.0, 100000.0, 27, 10.0, 0.3, 0.308, 2.0, 3) [0.10217706369406786 0.0029952813465643014 0.016215477782390877] 5 8813.509020805359s
2022-05-04 09:30:48.331294 (1.0, 100000.0, 28, 10.0, 0.3, 0.286, 2.0, 3) [0.12580799733522793 0.006524923098019601 0.0035474309056733413] 5 10696.794020652771s
2022-05-04 11:12:43.140083 (1.0, 100000.0, 27, 10.0, 0.3, 0.3, 2.0, 3) [0.11254994858716437 0.002780241157528927 0.009275903344937523] 5 8852.21193432808s
2022-05-04 12:29:28.644653 (1.0, 100000.0, 28, 10.0, 0.3, 0.286, 2.0, 3) [0.12438502241524502 0.002939886688479762 0.0038132739681139695] 5 10720.140145301819s
2022-05-04 13:39:57.466031 (1.0, 100000.0, 27, 10.0, 0.3, 0.3, 2.0, 3) [0.1149738759075495 0.002725253939216704 0.008138818765867936] 5 8834.274043083191s
2022-05-04 15:28:18.562255 (1.0, 100000.0, 28, 10.0, 0.3, 0.286, 2.0, 3) [0.12608706846903198 0.003572941111388801 0.003467957462134858] 5 10729.903893232346s
2022-05-04 16:07:11.272312 (1.0, 100000.0, 27, 10.0, 0.3, 0.3, 2.0, 3) [0.10971556372661646 0.0023643450168597947 0.01078612309278419] 5 8833.80277132988s
2022-05-04 18:27:06.504658 (1.0, 100000.0, 28, 10.0, 0.3, 0.286, 2.0, 3) [0.12948071612203993 0.003577801403057251 0.00287435779140249] 5 10727.903855800629s
2022-05-04 18:34:23.371437 (1.0, 100000.0, 27, 10.0, 0.3, 0.3, 2.0, 3) [0.11506841609573698 0.0036502376808132593 0.00811459846616199] 5 8832.063680648804s
2022-05-04 21:01:34.649528 (1.0, 100000.0, 27, 10.0, 0.3, 0.3, 2.0, 3) [0.11223702670394076 0.0035419642554414084 0.009430511983318004] 5 8831.249942779541s
2022-05-04 21:25:22.191639 (1.0, 100000.0, 28, 10.0, 0.3, 0.3, 2.0, 3) [0.10724227891712726 0.0031803477802396203 0.009959271506246054] 5 10664.619231700897s
2022-05-05 00:17:05.264349 (1.0, 100000.0, 28, 10.0, 0.3, 0.3, 2.0, 3) [0.11005473168188448 0.0031211866243518816 0.008527667994999624] 5 10303.044921636581s
2022-05-05 03:08:48.839768 (1.0, 100000.0, 28, 10.0, 0.3, 0.3, 2.0, 3) [0.10757879567262271 0.004912560459853148 0.00976649604016484] 5 10303.540456295013s
2022-05-05 06:00:38.956377 (1.0, 100000.0, 28, 10.0, 0.3, 0.3, 2.0, 3) [0.1066033519541451 0.003210414700350244 0.010300987089988797] 5 10310.098863601685s
2022-05-05 08:51:13.184036 (1.0, 100000.0, 28, 10.0, 0.3, 0.3, 2.0, 3) [0.10750263697018968 0.002222657486023659 0.009808715331359324] 5 10234.203446865082s
2022-05-05 11:42:47.091003 (1.0, 100000.0, 28, 10.0, 0.3, 0.306, 2.0, 3) [0.09741533856195675 0.0035480810437500186 0.017188303815392436] 5 10289.902962207794s
2022-05-05 14:33:25.381565 (1.0, 100000.0, 28, 10.0, 0.3, 0.306, 2.0, 3) [0.10012073739948786 0.0030466405890373634 0.01482415797519139] 5 10238.269150018692s
2022-05-05 17:24:03.735353 (1.0, 100000.0, 28, 10.0, 0.3, 0.306, 2.0, 3) [0.10280050896689474 0.0038676040619753534 0.012799517270559101] 5 10238.324714183807s
2022-05-05 20:14:41.978021 (1.0, 100000.0, 28, 10.0, 0.3, 0.306, 2.0, 3) [0.10230462167600357 0.003064347524352543 0.01313410100807766] 5 10238.222722530365s
2022-05-05 23:05:19.591676 (1.0, 100000.0, 28, 10.0, 0.3, 0.306, 2.0, 3) [0.1000958633399785 0.0022593372565999866 0.014830396602052804] 5 10237.589104890823s
