2022-04-15 12:47:36.537479 (1.0, 100000.0, 25, 10.0, 0.3, 0.305, 2.0, 3) [0.11469944243567894 0.003021980023230644 0.013063740405521513] 10 37843.39254426956s
2022-04-15 12:57:58.168708 (1.0, 100000.0, 28, 10.0, 0.3, 0.292, 2.0, 3) [0.11931226587825827 0.002466079298439364 0.00508248249530459] 10 33393.98938846588s
2022-04-15 23:10:50.146841 (1.0, 100000.0, 25, 10.0, 0.3, 0.305, 2.0, 3) [0.11590324560576427 0.0045872687362413555 0.012307363046240274] 10 37393.59815454483s
2022-04-15 23:27:49.304012 (1.0, 100000.0, 26, 10.0, 0.3, 0.297, 2.0, 3) [0.11998085668365052 0.003003370615016095 0.007891487627636164] 10 75367.58420801163s
2022-04-16 01:34:17.561799 (1.0, 100000.0, 27, 10.0, 0.3, 0.319, 2.0, 3) [0.0897573350804812 0.002250052867523566 0.03142702490118837] 10 82031.78511452675s
2022-04-16 05:47:58.690937 (1.0, 100000.0, 28, 10.0, 0.3, 0.292, 2.0, 3) [0.11648344862411493 0.00196286751988242 0.005931720812814181] 10 60600.491846084595s
2022-04-16 07:10:51.036244 (1.0, 100000.0, 26, 10.0, 0.3, 0.297, 2.0, 3) [0.121970695686209 0.0027755174210118117 0.007122148973794345] 10 27781.727327108383s
2022-04-16 08:40:43.922186 (1.0, 100000.0, 27, 10.0, 0.3, 0.319, 2.0, 3) [0.08795042891538923 0.002322814144266108 0.03461677278378222] 10 25586.35757780075s
2022-04-16 10:34:15.412502 (1.0, 100000.0, 25, 10.0, 0.3, 0.305, 2.0, 3) [0.11665829632906916 0.006604392369731454 0.011877640865658025] 10 41005.249099731445s
2022-04-16 14:46:29.228862 (1.0, 100000.0, 26, 10.0, 0.3, 0.297, 2.0, 3) [0.11738653045197259 0.002828467402940562 0.009011449983230294] 10 27338.189818382263s
2022-04-16 16:13:19.191864 (1.0, 100000.0, 25, 10.0, 0.3, 0.305, 2.0, 3) [0.11485704719187229 0.0018620800322076596 0.012931946425250161] 10 20343.773529291153s
2022-04-16 16:22:33.793374 (1.0, 100000.0, 27, 10.0, 0.3, 0.319, 2.0, 3) [0.09116659983073004 0.002238132341844178 0.029262613171226557] 10 27709.868366479874s
2022-04-16 18:49:38.261421 (1.0, 100000.0, 28, 10.0, 0.3, 0.292, 2.0, 3) [0.11664557968379531 0.0038802938726818386 0.005877000154132862] 10 46899.54830813408s
2022-04-16 20:50:18.500335 (1.0, 100000.0, 26, 10.0, 0.3, 0.297, 2.0, 3) [0.11687573128821632 0.002906954271127286 0.009256310934423495] 10 21829.26904606819s
2022-04-16 22:07:18.008736 (1.0, 100000.0, 25, 10.0, 0.3, 0.305, 2.0, 3) [0.11377308972698474 0.00332391505549952 0.0136481917170275] 10 21238.81023621559s
2022-04-17 01:13:46.060513 (1.0, 100000.0, 28, 10.0, 0.3, 0.292, 2.0, 3) [0.12116330202766881 0.004929894117301209 0.004590704879915707] 10 23047.794028759003s
2022-04-17 03:06:16.096109 (1.0, 100000.0, 26, 10.0, 0.3, 0.297, 2.0, 3) [0.11927971931185309 0.0026229746595959023 0.008173039769508119] 10 22557.593403100967s
2022-04-17 03:47:26.887623 (1.0, 100000.0, 25, 10.0, 0.3, 0.305, 2.0, 3) [0.11372421267939922 0.0029410969998564305 0.013699255043926903] 10 20408.87429213524s
2022-04-17 06:27:04.287974 (1.0, 100000.0, 28, 10.0, 0.3, 0.292, 2.0, 3) [0.1182839740704495 0.0033150680577565036 0.005366056328963815] 10 18798.22451519966s
2022-04-17 09:38:41.218403 (1.0, 100000.0, 25, 10.0, 0.3, 0.305, 2.0, 3) [0.11282014567055867 0.0032202891127325723 0.0143026777952231] 10 21074.31412601471s
2022-04-17 12:57:57.248868 (1.0, 100000.0, 26, 10.0, 0.3, 0.297, 2.0, 3) [0.12030246502759283 0.0021231153987288664 0.007754490960466508] 10 35501.13683485985s
2022-04-17 13:00:15.828664 (1.0, 100000.0, 28, 10.0, 0.3, 0.292, 2.0, 3) [0.11884689871015175 0.0030316687641461413 0.005207740936907655] 10 23591.525012016296s
2022-04-17 18:22:42.464124 (1.0, 100000.0, 25, 10.0, 0.3, 0.305, 2.0, 3) [0.11823231262307127 0.003184230079081325 0.010955493184667653] 10 31441.22466802597s
2022-04-18 01:21:44.930456 (1.0, 100000.0, 26, 10.0, 0.3, 0.297, 2.0, 3) [0.12032881587788684 0.0029276616862247977 0.007749938759264078] 10 44627.655613183975s
2022-04-18 04:06:20.572105 (1.0, 100000.0, 28, 10.0, 0.3, 0.292, 2.0, 3) [0.11574172341616674 0.0035088802591352157 0.0061797538396276275] 10 54364.73103952408s
2022-04-18 06:52:07.847962 (1.0, 100000.0, 25, 10.0, 0.3, 0.305, 2.0, 3) [0.11496974678095205 0.001924428492949414 0.012838336090826971] 10 44965.35811281204s
2022-04-18 12:42:18.851738 (1.0, 100000.0, 27, 10.0, 0.3, 0.319, 2.0, 3) [0.08851807099895312 0.002920620969212157 0.03364763840128687] 10 159585.05587005615s
2022-04-19 02:34:43.769999 (1.0, 100000.0, 28, 10.0, 0.3, 0.292, 2.0, 3) [0.11972854026025538 0.0045739296504682635 0.004959594048267375] 10 80903.1678802967s
2022-04-19 09:33:24.878971 (1.0, 100000.0, 25, 10.0, 0.3, 0.305, 2.0, 3) [0.11656269794400609 0.0024957114349954887 0.011891996674135782] 10 96077.00218582153s
2022-04-19 10:13:40.865800 (1.0, 100000.0, 26, 10.0, 0.3, 0.297, 2.0, 3) [0.12106958113525093 0.0026659867086861397 0.00744814392694223] 10 118315.91670012474s
2022-04-19 10:44:48.108283 (1.0, 100000.0, 28, 10.0, 0.3, 0.292, 2.0, 3) [0.1164893425297608 0.006163480378400892 0.005943357761306712] 10 29404.317543268204s
2022-04-19 16:20:30.896316 (1.0, 100000.0, 25, 10.0, 0.3, 0.302, 2.0, 3) [0.1196318464052097 0.003918333791429377 0.010204522675301904] 10 24405.108907461166s
2022-04-19 20:11:57.892736 (1.0, 100000.0, 28, 10.0, 0.3, 0.292, 2.0, 3) [0.11895734106644545 0.0021725057864673846 0.005174252081155781] 10 34029.77643895149s
2022-04-20 08:57:32.206625 (1.0, 100000.0, 25, 10.0, 0.3, 0.302, 2.0, 3) [0.12061606328227958 0.004000509892924107 0.009718173874141423] 10 59821.30214238167s
2022-04-20 18:49:54.144372 (1.0, 100000.0, 28, 10.0, 0.3, 0.299, 2.0, 3) [0.10576734010633106 0.002294007709205591 0.010786913083473841] 10 81443.93645787239s
2022-04-21 01:26:59.556543 (1.0, 100000.0, 26, 10.0, 0.3, 0.297, 2.0, 3) [0.11794152473860718 0.004936816081954935 0.0087666476851645] 10 141198.68823575974s
2022-04-21 17:06:02.963591 (1.0, 100000.0, 27, 10.0, 0.3, 0.319, 2.0, 3) [0.08719732534297255 0.001906036499847128 0.036015794000850754] 10 275024.10755872726s
2022-04-21 17:19:18.623651 (1.0, 100000.0, 25, 10.0, 0.3, 0.302, 2.0, 3) [0.11813073801951923 0.004053781755796988 0.010991346597719422] 10 116506.40999293327s
2022-04-22 11:14:37.565504 (1.0, 100000.0, 28, 10.0, 0.3, 0.299, 2.0, 3) [0.10634114094486653 0.003283052765830778 0.010443734252568636] 10 145483.4185371399s
2022-04-22 12:02:01.805541 (1.0, 100000.0, 26, 10.0, 0.3, 0.297, 2.0, 3) [0.12170591678415345 0.0017535671651471882 0.007218883046612656] 10 124502.23432540894s
2022-04-22 17:38:00.187562 (1.0, 100000.0, 28, 10.0, 0.3, 0.299, 2.0, 3) [0.10586651008918721 0.00396126264538077 0.010749874801589426] 10 23002.590380191803s
2022-04-22 20:28:16.491551 (1.0, 100000.0, 27, 10.0, 0.3, 0.319, 2.0, 3) [0.08886860252000721 0.002314980400102862 0.03293693853103819] 10 98533.52502632141s
2022-04-22 23:53:37.325914 (1.0, 100000.0, 28, 10.0, 0.3, 0.299, 2.0, 3) [0.10703671969188547 0.0032343021211889227 0.010080311578807394] 10 22537.121065855026s
2022-04-23 05:43:14.705952 (1.0, 100000.0, 25, 10.0, 0.3, 0.302, 2.0, 3) [0.12061989184533363 0.00286083447399241 0.009735549642210331] 10 131035.98599100113s
2022-04-23 11:15:02.975136 (1.0, 100000.0, 26, 10.0, 0.3, 0.285, 2.0, 3) [0.1397847300325395 0.0036468983948261006 0.002823890972259823] 10 83564.54502558708s
2022-04-23 12:36:55.978981 (1.0, 100000.0, 28, 10.0, 0.3, 0.299, 2.0, 3) [0.10995590149913076 0.0030870314587745193 0.008553724287134643] 10 45798.64000272751s
2022-04-23 22:04:32.583978 (1.0, 100000.0, 25, 10.0, 0.3, 0.302, 2.0, 3) [0.12039124766031842 0.0024013639368089443 0.009836704926535739] 10 58877.8212621212s
2022-04-24 01:39:44.933840 (1.0, 100000.0, 26, 10.0, 0.3, 0.285, 2.0, 3) [0.13521477920677413 0.005116017861266186 0.0035729374353423576] 10 51881.8633685112s
2022-04-24 16:07:54.210431 (1.0, 100000.0, 28, 10.0, 0.3, 0.299, 2.0, 3) [0.10866745179176018 0.0045717435710814595 0.009190239604073457] 10 99058.21235585213s
2022-04-24 16:10:33.003916 (1.0, 100000.0, 25, 10.0, 0.3, 0.302, 2.0, 3) [0.11708081772602215 0.005115795460748949 0.01164208969620649] 10 65160.37255191803s
2022-04-24 17:43:01.917084 (1.0, 100000.0, 26, 10.0, 0.3, 0.285, 2.0, 3) [0.14017245374949777 0.0037009841450286953 0.0027744060987948712] 10 57796.88947606087s
2022-04-25 08:08:57.738920 (1.0, 100000.0, 27, 10.0, 0.3, 0.319, 2.0, 3) [0.09138051470245874 0.002370253286222661 0.02890699025782562] 10 214841.22669434547s
2022-04-25 14:08:35.970833 (1.0, 100000.0, 28, 10.0, 0.3, 0.299, 2.0, 3) [0.11208487513809778 0.00209211743866282 0.0076115394442491605] 10 79241.73023891449s
2022-04-25 23:15:00.672417 (1.0, 100000.0, 28, 10.0, 0.3, 0.299, 2.0, 3) [0.10717418340869708 0.0027754631279005206 0.00997232249253643] 10 32784.6235268116s
2022-04-26 21:36:06.563759 (1.0, 100000.0, 28, 10.0, 0.3, 0.306, 2.0, 3) [0.09774232637423991 0.0030300834748038115 0.016878713080336352] 5 23938.68007993698s
2022-04-27 04:12:05.061065 (1.0, 100000.0, 28, 10.0, 0.3, 0.306, 2.0, 3) [0.10163952783274324 0.003880122860337896 0.013616808371966991] 5 23758.47695994377s
2022-04-27 10:04:24.476802 (1.0, 100000.0, 26, 10.0, 0.3, 0.3, 2.0, 3) [0.11567383624981646 0.0031978244407926356 0.009855277558867295] 5 68836.29753184319s
2022-04-27 10:48:39.579268 (1.0, 100000.0, 28, 10.0, 0.3, 0.306, 2.0, 3) [0.10070772978930997 0.0034333882292886825 0.014347230022317048] 5 23794.507194519043s
2022-04-27 17:27:17.592113 (1.0, 100000.0, 28, 10.0, 0.3, 0.306, 2.0, 3) [0.09796892265019648 0.0034989275827515313 0.01668936756966009] 5 23917.926891565323s
2022-04-27 19:52:06.015710 (1.0, 100000.0, 25, 10.0, 0.3, 0.3, 2.0, 3) [0.12185238812445759 0.0033204416915949843 0.009137072931911789] 5 104098.24109244347s
2022-04-27 23:28:12.821527 (1.0, 100000.0, 26, 10.0, 0.3, 0.3, 2.0, 3) [0.11696688593365902 0.0031455831436395373 0.009244492056329044] 5 48228.31822514534s
2022-04-27 23:58:31.670301 (1.0, 100000.0, 28, 10.0, 0.3, 0.306, 2.0, 3) [0.09997989011510795 0.0037925572994547403 0.01491954030612423] 5 23474.075372457504s
2022-04-28 04:22:26.746157 (1.0, 100000.0, 27, 10.0, 0.3, 0.308, 2.0, 3) [0.0989764904939297 0.004329033115168865 0.01915519305249863] 5 134718.56899166107s
2022-04-28 06:50:40.334909 (1.0, 100000.0, 28, 10.0, 0.3, 0.32, 2.0, 3) [0.08590497295609363 0.002139228794807389 0.03267067398607233] 5 24723.426715373993s
2022-04-28 12:38:40.227300 (1.0, 100000.0, 25, 10.0, 0.3, 0.3, 2.0, 3) [0.12132071719791981 0.004156207735281908 0.009383488773492422] 5 60394.20870566368s
2022-04-28 15:25:21.222476 (1.0, 100000.0, 28, 10.0, 0.3, 0.32, 2.0, 3) [0.08289620704305255 0.0023822852805749136 0.038447771081125175] 5 30880.882555007935s
2022-04-28 21:40:21.725971 (1.0, 100000.0, 27, 10.0, 0.3, 0.308, 2.0, 3) [0.10545922117324415 0.0023635723746843608 0.013586466552482948] 5 62274.953214883804s
2022-04-28 22:02:24.210064 (1.0, 100000.0, 28, 10.0, 0.3, 0.32, 2.0, 3) [0.08193370291476049 0.001968905903272428 0.04052540491895079] 5 23822.960654258728s
2022-04-28 23:12:05.365921 (1.0, 100000.0, 25, 10.0, 0.3, 0.3, 2.0, 3) [0.11846123856149074 0.0052368518404287 0.010842627818365258] 5 31633.828062295914s
2022-04-29 02:18:01.545170 (1.0, 100000.0, 26, 10.0, 0.3, 0.301, 2.0, 3) [0.11187387281044221 0.004855112823162218 0.01197589311903161] 5 42790.01226854324s
2022-04-29 02:20:46.557099 (1.0, 100000.0, 27, 10.0, 0.3, 0.308, 2.0, 3) [0.10158936938873439 0.0020818363709841125 0.016688574780434777] 5 16824.81579709053s
2022-04-29 03:23:46.548227 (1.0, 100000.0, 25, 10.0, 0.3, 0.3, 2.0, 3) [0.12124158352888749 0.0036352302231928823 0.009429605340993219] 5 15101.172615289688s
2022-04-29 04:38:14.161038 (1.0, 100000.0, 28, 10.0, 0.3, 0.32, 2.0, 3) [0.08435069586013819 0.0031907968392486264 0.03554669626059978] 5 23749.948659658432s
2022-04-29 07:11:25.355803 (1.0, 100000.0, 26, 10.0, 0.3, 0.301, 2.0, 3) [0.1147052288478156 0.0017666480821320163 0.01037236875088498] 5 17603.778586387634s
2022-04-29 07:13:19.368817 (1.0, 100000.0, 25, 10.0, 0.3, 0.3, 2.0, 3) [0.12365280173658832 0.004183227723471085 0.00836272022702132] 5 13772.81795668602s
2022-04-29 07:29:53.626886 (1.0, 100000.0, 27, 10.0, 0.3, 0.308, 2.0, 3) [0.10077929071426989 0.0033477115147306498 0.017417691900568872] 5 18547.06661272049s
2022-04-29 11:00:05.425780 (1.0, 100000.0, 25, 10.0, 0.3, 0.3, 2.0, 3) [0.12022553184931978 0.0028369007652694752 0.009890329732181041] 5 13606.054621219635s
2022-04-29 11:03:42.507606 (1.0, 100000.0, 28, 10.0, 0.3, 0.32, 2.0, 3) [0.08509452161999372 0.0038317529054103378 0.03407555945724239] 5 23128.34448814392s
2022-04-29 14:44:45.882789 (1.0, 100000.0, 25, 10.0, 0.3, 0.3, 2.0, 3) [0.12254535025323826 0.0038563986710946703 0.008825697480533287] 5 13480.44690656662s
2022-04-29 18:37:48.671454 (1.0, 100000.0, 25, 10.0, 0.3, 0.32, 2.0, 3) [0.098620373564991 0.003979406749038918 0.029026892765306435] 5 13977.84933423996s
2022-04-29 19:02:40.468092 (1.0, 100000.0, 26, 10.0, 0.3, 0.301, 2.0, 3) [0.11615691266121538 0.0026183704530114995 0.009613671674611763] 5 42675.106293678284s
2022-04-29 22:31:17.769652 (1.0, 100000.0, 25, 10.0, 0.3, 0.32, 2.0, 3) [0.10095064029790378 0.004776828537022162 0.02594084520408772] 5 14009.079644918442s
2022-04-30 02:25:48.396902 (1.0, 100000.0, 25, 10.0, 0.3, 0.32, 2.0, 3) [0.0972396930236997 0.003812405627919684 0.031075561133795754] 5 14070.624778985977s
2022-04-30 03:24:35.866141 (1.0, 100000.0, 26, 10.0, 0.3, 0.301, 2.0, 3) [0.11374036489475607 0.0033133092722479884 0.010891488843820123] 5 30115.393174409866s
2022-04-30 04:36:19.374792 (1.0, 100000.0, 27, 10.0, 0.3, 0.308, 2.0, 3) [0.10338535302744609 0.0034191019956794407 0.015176239395023858] 5 75985.74443340302s
2022-04-30 06:21:45.542639 (1.0, 100000.0, 25, 10.0, 0.3, 0.32, 2.0, 3) [0.09780551899314549 0.0032379232265201557 0.030204059966298585] 5 14157.123378276825s
2022-04-30 08:49:21.372409 (1.0, 100000.0, 26, 10.0, 0.3, 0.301, 2.0, 3) [0.11486996695424431 0.0031383721199593237 0.010287630876363594] 5 19485.50388288498s
2022-04-30 10:10:26.527137 (1.0, 100000.0, 27, 10.0, 0.3, 0.298, 2.0, 3) [0.1135859723534544 0.0033852688237282075 0.00875425390772897] 5 19829.966096639633s
2022-04-30 10:17:54.265127 (1.0, 100000.0, 25, 10.0, 0.3, 0.32, 2.0, 3) [0.09863470483821621 0.0024718173689919857 0.028990569370379905] 5 14168.72015953064s
2022-04-30 14:16:58.948339 (1.0, 100000.0, 25, 10.0, 0.3, 0.293, 2.0, 3) [0.13089054540836706 0.002569160161797306 0.005820042642323843] 5 14339.551150083542s
2022-04-30 18:57:04.417759 (1.0, 100000.0, 25, 10.0, 0.3, 0.293, 2.0, 3) [0.12824549939051158 0.003615385021720502 0.006648017278549304] 5 16805.443828344345s
2022-05-01 01:08:29.470478 (1.0, 100000.0, 25, 10.0, 0.3, 0.293, 2.0, 3) [0.1288427032320598 0.003864736367461873 0.006440052043597932] 5 22285.05001926422s
2022-05-01 08:20:52.611879 (1.0, 100000.0, 25, 10.0, 0.3, 0.293, 2.0, 3) [0.13295954054028017 0.002453258605453563 0.005253223640485138] 5 25943.13879084587s
2022-05-01 12:22:30.146514 (1.0, 100000.0, 26, 10.0, 0.3, 0.293, 2.0, 3) [0.12549704169421472 0.003016209490492262 0.005912764859670828] 5 99151.2234711647s
2022-05-01 14:06:39.323463 (1.0, 100000.0, 27, 10.0, 0.3, 0.298, 2.0, 3) [0.11420915022383366 0.004318731980090326 0.008466827987846823] 5 100572.79396533966s
2022-05-01 16:30:58.045351 (1.0, 100000.0, 25, 10.0, 0.3, 0.293, 2.0, 3) [0.12801613849133917 0.0029806308652575012 0.0067036039503346875] 5 29405.40762901306s
2022-05-01 19:55:46.124479 (1.0, 100000.0, 27, 10.0, 0.3, 0.298, 2.0, 3) [0.11539764285449534 0.0029464131083745976 0.00795263037608374] 5 20946.797800302505s
2022-05-01 20:53:05.011286 (1.0, 100000.0, 25, 10.0, 0.3, 0.286, 2.0, 3) [0.1411148758100242 0.002703611946727675 0.0034954847326506178] 5 15722.703724622726s
2022-05-02 02:23:18.814063 (1.0, 100000.0, 27, 10.0, 0.3, 0.298, 2.0, 3) [0.11365700411079534 0.0033822352253405417 0.008739586322612125] 5 23252.686593532562s
2022-05-02 03:46:12.522159 (1.0, 100000.0, 25, 10.0, 0.3, 0.286, 2.0, 3) [0.13889653244895447 0.0030900361405938777 0.0039005462383035444] 5 24787.50882411003s
2022-05-02 09:48:24.618848 (1.0, 100000.0, 27, 10.0, 0.3, 0.298, 2.0, 3) [0.11208283771842059 0.0027289943820615974 0.00948473698856825] 5 26705.801841259003s
2022-05-02 12:03:18.193186 (1.0, 100000.0, 25, 10.0, 0.3, 0.286, 2.0, 3) [0.14143177353021003 0.003307060356693119 0.0034392068853257678] 5 29825.66521692276s
2022-05-02 20:22:51.211315 (1.0, 100000.0, 25, 10.0, 0.3, 0.286, 2.0, 3) [0.14294451294651098 0.0034769570329217223 0.00319779919967709] 5 29972.98217368126s
2022-05-03 03:13:24.707675 (1.0, 100000.0, 26, 10.0, 0.3, 0.293, 2.0, 3) [0.12682319508188658 0.0020259578386247127 0.005530740774679359] 5 139854.5588476658s
2022-05-03 03:50:54.798196 (1.0, 100000.0, 25, 10.0, 0.3, 0.286, 2.0, 3) [0.13998646277761137 0.0038626919980227787 0.0036952893179736097] 5 26883.376252412796s
2022-05-03 07:44:54.555307 (1.0, 100000.0, 25, 10.0, 0.3, 0.308, 2.0, 3) [0.10965722143781718 0.0032037891022582885 0.016731223559138416] 5 14004.181698322296s
2022-05-03 12:14:21.724669 (1.0, 100000.0, 25, 10.0, 0.3, 0.308, 2.0, 3) [0.113277776051774 0.005134656907398696 0.013992816372511594] 5 16167.139381170273s
2022-05-03 19:51:34.383668 (1.0, 100000.0, 25, 10.0, 0.3, 0.308, 2.0, 3) [0.11305225488222788 0.003531915579142356 0.014188716933633213] 5 27432.626416683197s
2022-05-04 01:16:27.566081 (1.0, 100000.0, 25, 10.0, 0.3, 0.308, 2.0, 3) [0.1083366813442758 0.002451984299951383 0.017877131362588276] 5 19493.15024113655s
2022-05-04 01:58:45.865744 (1.0, 100000.0, 26, 10.0, 0.3, 0.293, 2.0, 3) [0.1274107621157341 0.004696861802888269 0.005372239593149432] 5 81921.12847661972s
2022-05-04 05:07:49.501797 (1.0, 100000.0, 25, 10.0, 0.3, 0.308, 2.0, 3) [0.10760875792361543 0.0030528670574655344 0.018523412869742826] 5 13881.91712808609s
2022-05-04 08:34:49.067641 (1.0, 100000.0, 26, 10.0, 0.3, 0.293, 2.0, 3) [0.1267480063901275 0.0033962732766286917 0.005556699141048168] 5 23763.18552184105s
2022-05-04 08:58:41.947210 (1.0, 100000.0, 25, 10.0, 0.3, 0.306, 2.0, 3) [0.11187174845062439 0.003737265944660962 0.014977066473669993] 5 13848.461551427841s
2022-05-04 12:50:10.118669 (1.0, 100000.0, 25, 10.0, 0.3, 0.306, 2.0, 3) [0.11271379251123714 0.0026024747740081345 0.014368248911444868] 5 13888.168797969818s
2022-05-04 15:19:29.439217 (1.0, 100000.0, 26, 10.0, 0.3, 0.293, 2.0, 3) [0.127076432785034 0.0024255565158596394 0.005462409490135936] 5 24280.358758449554s
2022-05-04 16:47:53.340381 (1.0, 100000.0, 25, 10.0, 0.3, 0.306, 2.0, 3) [0.1154835487198804 0.002220642542553245 0.012581747171903728] 5 14263.219663858414s
2022-05-04 20:45:10.859568 (1.0, 100000.0, 25, 10.0, 0.3, 0.306, 2.0, 3) [0.11390916563922202 0.003024010589004376 0.013557045621474362] 5 14237.479122161865s
2022-05-04 22:48:12.638019 (1.0, 100000.0, 26, 10.0, 0.3, 0.32, 2.0, 3) [0.09588451545452399 0.003436368377462596 0.027505286965615296] 5 26917.92186164856s
2022-05-05 00:37:27.531550 (1.0, 100000.0, 25, 10.0, 0.3, 0.306, 2.0, 3) [0.11345909701443459 0.0038545174554909176 0.013918084113834325] 5 13936.64498591423s
2022-05-05 04:28:33.858933 (1.0, 100000.0, 25, 10.0, 0.3, 0.298, 2.0, 3) [0.12540195738009938 0.0025809371243512525 0.0076634938269330675] 5 13862.014531850815s
2022-05-05 04:34:13.245188 (1.0, 100000.0, 26, 10.0, 0.3, 0.32, 2.0, 3) [0.09204549765410239 0.0023927512174010458 0.03343253333989919] 5 20760.58412337303s
2022-05-05 08:17:12.089927 (1.0, 100000.0, 25, 10.0, 0.3, 0.298, 2.0, 3) [0.12720730569578637 0.004033192207937219 0.007000019652017547] 5 13718.206345796585s
2022-05-05 12:04:01.096061 (1.0, 100000.0, 25, 10.0, 0.3, 0.298, 2.0, 3) [0.12432030149418485 0.0022770329566061303 0.008075848931112682] 5 13608.993015050888s
2022-05-05 13:28:00.253618 (1.0, 100000.0, 26, 10.0, 0.3, 0.32, 2.0, 3) [0.09479727015852668 0.003998784260132549 0.0290762457608436] 5 32026.981541395187s
2022-05-05 15:46:29.582077 (1.0, 100000.0, 25, 10.0, 0.3, 0.298, 2.0, 3) [0.1268876129420522 0.003790450215111947 0.0071149172088204255] 5 13348.471196889877s
2022-05-05 19:28:16.478354 (1.0, 100000.0, 25, 10.0, 0.3, 0.298, 2.0, 3) [0.125770467729731 0.00293950545130451 0.007520065806252494] 5 13306.875600099564s
2022-05-05 23:11:11.197531 (1.0, 100000.0, 25, 10.0, 0.3, 0.301, 2.0, 3) [0.12057053106481598 0.0050602382536423865 0.009754864040181267] 5 13370.86984038353s
2022-05-06 02:53:07.118247 (1.0, 100000.0, 25, 10.0, 0.3, 0.301, 2.0, 3) [0.12267745365274155 0.003124226309567589 0.008784402590977134] 5 13315.902536392212s
2022-05-06 06:36:34.749194 (1.0, 100000.0, 25, 10.0, 0.3, 0.301, 2.0, 3) [0.1212246747083604 0.0026855135794663044 0.009429383752045176] 5 13407.612398147583s
2022-05-06 09:45:13.536656 (1.0, 100000.0, 26, 10.0, 0.3, 0.32, 2.0, 3) [0.09393080850512595 0.0036074924331187174 0.03036580238696619] 5 73033.1887614727s
2022-05-06 10:17:24.290317 (1.0, 100000.0, 25, 10.0, 0.3, 0.301, 2.0, 3) [0.11849653225206025 0.0025980514215257298 0.0108022789332253] 5 13249.518951654434s
2022-05-06 13:56:23.350186 (1.0, 100000.0, 25, 10.0, 0.3, 0.301, 2.0, 3) [0.11823811818760464 0.002609527417856582 0.010925657041270277] 5 13139.03886437416s
2022-05-06 17:59:36.536184 (1.0, 100000.0, 26, 10.0, 0.3, 0.32, 2.0, 3) [0.09491449011397912 0.0032243029667888678 0.028906566347183277] 5 29662.958941221237s
2022-05-07 00:16:02.983803 (1.0, 100000.0, 26, 10.0, 0.3, 0.313, 2.0, 3) [0.09994677621085678 0.0023501362522089456 0.022239692086953804] 5 22577.81571316719s
2022-05-07 05:04:00.175295 (1.0, 100000.0, 26, 10.0, 0.3, 0.313, 2.0, 3) [0.10292472035972705 0.0027229416207063145 0.019122050595795397] 5 17277.1689453125s
2022-05-07 09:57:46.365114 (1.0, 100000.0, 26, 10.0, 0.3, 0.313, 2.0, 3) [0.09978211105830782 0.0034503656476722222 0.022439064766878153] 5 17626.163950681686s
2022-05-07 15:00:46.350835 (1.0, 100000.0, 26, 10.0, 0.3, 0.313, 2.0, 3) [0.10199063996104366 0.0046272799119682325 0.02005387332349015] 5 18179.95880842209s
2022-05-07 19:48:28.050543 (1.0, 100000.0, 26, 10.0, 0.3, 0.313, 2.0, 3) [0.10196391254100186 0.002688871670482534 0.0201097393532512] 5 17261.675676345825s
2022-05-08 00:48:46.421020 (1.0, 100000.0, 26, 10.0, 0.3, 0.303, 2.0, 3) [0.11456295757598031 0.004907872310209793 0.010480294977489247] 5 18014.12778902054s
2022-05-08 06:01:13.052725 (1.0, 100000.0, 26, 10.0, 0.3, 0.303, 2.0, 3) [0.11097951620130382 0.0028748551139532764 0.012603216266386354] 5 18746.594408750534s
2022-05-08 11:32:17.578633 (1.0, 100000.0, 26, 10.0, 0.3, 0.303, 2.0, 3) [0.11337621350644049 0.0034935825215522726 0.011120165872241024] 5 19863.73296022415s
