2022-05-21 00:29:39.308753 (1.0, 100000.0, 21, 10.0, 0.3, 0.271, 2.0, 3) [0.18694597647116418 0.002685021014790136 0.0015793809982112166] 10 2859.1806857585907s
2022-05-21 01:04:16.299296 (1.0, 100000.0, 22, 10.0, 0.3, 0.307, 2.0, 3) [0.13295193857152748 0.003990398895342147 0.01167270014088434] 10 4930.544385433197s
2022-05-21 01:16:40.369873 (1.0, 100000.0, 21, 10.0, 0.3, 0.271, 2.0, 3) [0.18672267131814052 0.003548475992258551 0.0015933270209742252] 10 2821.058879852295s
2022-05-21 02:03:40.114594 (1.0, 100000.0, 21, 10.0, 0.3, 0.271, 2.0, 3) [0.19026301870804432 0.004309246247681082 0.0013758372619170432] 10 2819.7425928115845s
2022-05-21 02:04:15.167858 (1.0, 100000.0, 25, 10.0, 0.3, 0.284, 2.0, 3) [0.14238106346527626 0.003123646477675534 0.0032768445231596706] 10 8534.625110387802s
2022-05-21 02:15:50.796051 (1.0, 100000.0, 24, 10.0, 0.3, 0.323, 2.0, 3) [0.09601661192543759 0.0016875661381238831 0.03974418664075917] 10 9227.175249576569s
2022-05-21 02:31:53.423348 (1.0, 100000.0, 26, 10.0, 0.3, 0.296, 2.0, 3) [0.11998791467682202 0.0024724116810289 0.007881078020709234] 10 10192.087010383606s
2022-05-21 02:50:24.596807 (1.0, 100000.0, 21, 10.0, 0.3, 0.271, 2.0, 3) [0.19421512639083152 0.0033140569218266147 0.0011680064248634557] 10 2804.463541030884s
2022-05-21 03:05:04.845283 (1.0, 100000.0, 22, 10.0, 0.3, 0.307, 2.0, 3) [0.12746657029811548 0.002688499157687969 0.014830620182434582] 10 7248.528522014618s
2022-05-21 03:37:19.030938 (1.0, 100000.0, 21, 10.0, 0.3, 0.271, 2.0, 3) [0.19153495807073978 0.004432794384738433 0.00130610688731882] 10 2814.4320306777954s
2022-05-21 04:23:33.477199 (1.0, 100000.0, 25, 10.0, 0.3, 0.284, 2.0, 3) [0.1451512462663768 0.003521913025066361 0.002856261877771491] 10 8358.304886341095s
2022-05-21 04:24:30.775410 (1.0, 100000.0, 21, 10.0, 0.3, 0.271, 2.0, 3) [0.19070916799620205 0.003859249253620385 0.0013497217285113872] 10 2831.7427089214325s
2022-05-21 05:02:04.187880 (1.0, 100000.0, 24, 10.0, 0.3, 0.323, 2.0, 3) [0.10000572629216714 0.0037147387409425738 0.03303939098164864] 10 9973.349598646164s
2022-05-21 05:10:51.331205 (1.0, 100000.0, 21, 10.0, 0.3, 0.271, 2.0, 3) [0.1873618090308481 0.004327448585356745 0.0015515779432435214] 10 2780.55388879776s
2022-05-21 05:19:08.962298 (1.0, 100000.0, 26, 10.0, 0.3, 0.296, 2.0, 3) [0.11928552466112956 0.0035761992684757646 0.008180294192598567] 10 10035.537081241608s
2022-05-21 05:27:48.183933 (1.0, 100000.0, 22, 10.0, 0.3, 0.307, 2.0, 3) [0.1323517168104133 0.003184698736294944 0.012018907248568023] 10 8563.336144447327s
2022-05-21 05:57:10.730761 (1.0, 100000.0, 21, 10.0, 0.3, 0.271, 2.0, 3) [0.18679086788772287 0.005074660045904464 0.0015964219353184958] 10 2779.39754486084s
2022-05-21 06:43:41.723752 (1.0, 100000.0, 21, 10.0, 0.3, 0.271, 2.0, 3) [0.18756997749442855 0.005101468025064833 0.0015412142680446173] 10 2790.9907581806183s
2022-05-21 06:47:44.996555 (1.0, 100000.0, 25, 10.0, 0.3, 0.284, 2.0, 3) [0.14177861093084615 0.004326628532051745 0.00337641511831262] 10 8651.516722202301s
2022-05-21 07:11:02.732624 (1.0, 100000.0, 22, 10.0, 0.3, 0.307, 2.0, 3) [0.13240373721885645 0.002661021826955326 0.011959944192923034] 10 6194.546013832092s
2022-05-21 07:30:14.289983 (1.0, 100000.0, 21, 10.0, 0.3, 0.271, 2.0, 3) [0.1885335696408375 0.0036861590586707346 0.0014771506021724558] 10 2792.5456187725067s
2022-05-21 08:17:07.735473 (1.0, 100000.0, 26, 10.0, 0.3, 0.296, 2.0, 3) [0.12062127898174653 0.0028606868531953467 0.007631380813433934] 10 10678.749829053879s
2022-05-21 08:17:43.454788 (1.0, 100000.0, 21, 10.0, 0.3, 0.323, 2.0, 3) [0.11699926132728253 0.0025735961011653405 0.029488012968860576] 10 2843.8555822372437s
2022-05-21 08:42:08.677129 (1.0, 100000.0, 24, 10.0, 0.3, 0.323, 2.0, 3) [0.09908057601469722 0.002844323641721387 0.0344382385931769] 10 13204.484896183014s
2022-05-21 08:48:36.284640 (1.0, 100000.0, 22, 10.0, 0.3, 0.307, 2.0, 3) [0.13068905544986237 0.00337954226021755 0.012878780854328472] 10 5853.54892873764s
2022-05-21 09:04:11.322838 (1.0, 100000.0, 21, 10.0, 0.3, 0.323, 2.0, 3) [0.11766949104717223 0.0025501604370396927 0.028722043352001285] 10 2787.8658349514008s
2022-05-21 09:07:11.087294 (1.0, 100000.0, 25, 10.0, 0.3, 0.284, 2.0, 3) [0.1418061295654214 0.004170185655969632 0.003373411358796981] 10 8366.087598323822s
2022-05-21 09:50:34.067812 (1.0, 100000.0, 21, 10.0, 0.3, 0.323, 2.0, 3) [0.11892118573536399 0.002879196285411173 0.027252925010026807] 10 2782.742304086685s
2022-05-21 10:22:01.754897 (1.0, 100000.0, 22, 10.0, 0.3, 0.307, 2.0, 3) [0.12974077474529666 0.002299141653820184 0.013413334802754728] 10 5605.466641664505s
2022-05-21 10:36:46.415094 (1.0, 100000.0, 21, 10.0, 0.3, 0.323, 2.0, 3) [0.12180286126456147 0.0036630434651454555 0.024285440374105266] 10 2772.3450968265533s
2022-05-21 10:45:59.004502 (1.0, 100000.0, 23, 10.0, 0.3, 0.296, 2.0, 3) [0.13409960133035176 0.0028707100714858414 0.008459693710968283] 10 39833.43284749985s
2022-05-21 11:15:42.573429 (1.0, 100000.0, 26, 10.0, 0.3, 0.296, 2.0, 3) [0.1203282402448802 0.003934273044578078 0.007758673854039455] 10 10714.751278162003s
2022-05-21 11:23:01.114633 (1.0, 100000.0, 21, 10.0, 0.3, 0.323, 2.0, 3) [0.11730598432006825 0.0022766303950502212 0.02909849182592911] 10 2774.6973872184753s
2022-05-21 11:25:14.875152 (1.0, 100000.0, 25, 10.0, 0.3, 0.284, 2.0, 3) [0.14384555493187373 0.003182465419484086 0.0030447280080377155] 10 8283.784747600555s
2022-05-21 12:09:30.780920 (1.0, 100000.0, 21, 10.0, 0.3, 0.323, 2.0, 3) [0.11905522049616508 0.003289608556984667 0.02712548249248211] 10 2789.6640272140503s
2022-05-21 12:19:35.080138 (1.0, 100000.0, 22, 10.0, 0.3, 0.307, 2.0, 3) [0.13061520071551277 0.002087487469604068 0.012914868702508365] 10 7053.322531700134s
2022-05-21 12:56:13.594552 (1.0, 100000.0, 21, 10.0, 0.3, 0.323, 2.0, 3) [0.11838352546235235 0.0032073903998442845 0.027891938222388817] 10 2802.8013508319855s
2022-05-21 12:58:11.401730 (1.0, 100000.0, 24, 10.0, 0.3, 0.323, 2.0, 3) [0.09875592480653676 0.003159857507259331 0.03496919020162949] 10 15362.719918012619s
2022-05-21 13:42:53.775981 (1.0, 100000.0, 21, 10.0, 0.3, 0.323, 2.0, 3) [0.11403459481636573 0.004494380794760903 0.03329002283030671] 10 2800.179063796997s
2022-05-21 13:43:00.974037 (1.0, 100000.0, 25, 10.0, 0.3, 0.284, 2.0, 3) [0.14403367069074496 0.002847529538541094 0.0030176084023263313] 10 8266.096346378326s
2022-05-21 13:57:15.752719 (1.0, 100000.0, 22, 10.0, 0.3, 0.307, 2.0, 3) [0.12922143267441796 0.004018163447651471 0.01371076888702634] 10 5860.664271354675s
2022-05-21 14:10:48.007560 (1.0, 100000.0, 26, 10.0, 0.3, 0.296, 2.0, 3) [0.12017965683271016 0.003213094996518345 0.007808860800819678] 10 10505.431837320328s
2022-05-21 14:29:30.057347 (1.0, 100000.0, 21, 10.0, 0.3, 0.323, 2.0, 3) [0.11722660326533588 0.003337893540771289 0.02922924081868202] 10 2796.2791109085083s
2022-05-21 15:16:01.986958 (1.0, 100000.0, 21, 10.0, 0.3, 0.323, 2.0, 3) [0.11779922912506595 0.0023470377268280584 0.028598300457598078] 10 2791.927212715149s
2022-05-21 15:23:08.016930 (1.0, 100000.0, 22, 10.0, 0.3, 0.307, 2.0, 3) [0.1296245928035498 0.0024456580343399105 0.01348682706759719] 10 5152.259756326675s
2022-05-21 16:01:26.403357 (1.0, 100000.0, 25, 10.0, 0.3, 0.284, 2.0, 3) [0.14263638745326285 0.0026105592233076937 0.003239110190027683] 10 8305.426256656647s
2022-05-21 16:03:57.684068 (1.0, 100000.0, 21, 10.0, 0.3, 0.304, 2.0, 3) [0.1394976213830297 0.002251588347106731 0.011549348434666368] 10 2871.844799518585s
2022-05-21 16:50:53.225231 (1.0, 100000.0, 21, 10.0, 0.3, 0.304, 2.0, 3) [0.14210427500712225 0.0034266718025209963 0.010386704034111115] 10 2815.5389528274536s
2022-05-21 17:00:53.009991 (1.0, 100000.0, 22, 10.0, 0.3, 0.307, 2.0, 3) [0.13035980988369397 0.003623977936930942 0.013034397088113343] 10 5864.990556001663s
2022-05-21 17:05:20.631958 (1.0, 100000.0, 24, 10.0, 0.3, 0.323, 2.0, 3) [0.1024354405466193 0.004282950638256967 0.02956572647104381] 10 14829.226449251175s
2022-05-21 17:23:52.772944 (1.0, 100000.0, 26, 10.0, 0.3, 0.296, 2.0, 3) [0.12197686679447807 0.002286832331002189 0.007136135455320606] 10 11584.762995004654s
2022-05-21 17:37:53.941397 (1.0, 100000.0, 21, 10.0, 0.3, 0.304, 2.0, 3) [0.13842868544051593 0.003710530928232935 0.012047467099543602] 10 2820.7051310539246s
2022-05-21 18:21:17.273409 (1.0, 100000.0, 25, 10.0, 0.3, 0.284, 2.0, 3) [0.14621532808666524 0.003775589556337734 0.002710945832563013] 10 8390.840338230133s
2022-05-21 18:24:48.597331 (1.0, 100000.0, 21, 10.0, 0.3, 0.304, 2.0, 3) [0.13992065708147633 0.0036222224235895255 0.011368096712604187] 10 2814.653855085373s
2022-05-21 19:01:49.383299 (1.0, 100000.0, 22, 10.0, 0.3, 0.284, 2.0, 3) [0.16116624911577582 0.003415143866249046 0.003374952031733565] 10 7245.232037305832s
2022-05-21 19:11:48.394982 (1.0, 100000.0, 21, 10.0, 0.3, 0.304, 2.0, 3) [0.1437127789199075 0.004077949917058005 0.00970020950496902] 10 2819.795384645462s
2022-05-21 19:58:46.189402 (1.0, 100000.0, 21, 10.0, 0.3, 0.304, 2.0, 3) [0.1415210924566887 0.0033311038461185383 0.010624173671596295] 10 2817.792149782181s
2022-05-21 20:18:24.463967 (1.0, 100000.0, 26, 10.0, 0.3, 0.296, 2.0, 3) [0.12046362118277303 0.005111407584127287 0.007697501374324405] 10 10471.68851852417s
2022-05-21 20:25:37.041320 (1.0, 100000.0, 24, 10.0, 0.3, 0.323, 2.0, 3) [0.10030366941534614 0.002735935373786127 0.032659364420982995] 10 12016.398978471756s
2022-05-21 20:39:48.601099 (1.0, 100000.0, 25, 10.0, 0.3, 0.284, 2.0, 3) [0.1460218664187332 0.004409433901543932 0.0027391546563691016] 10 8311.32482624054s
2022-05-21 20:43:35.960704 (1.0, 100000.0, 22, 10.0, 0.3, 0.284, 2.0, 3) [0.16064155993040638 0.0027471623303246574 0.0034548715934995043] 10 6106.574124336243s
2022-05-21 20:45:50.888769 (1.0, 100000.0, 21, 10.0, 0.3, 0.304, 2.0, 3) [0.1369095094646866 0.0042434259517041386 0.01284996596169747] 10 2824.697019100189s
2022-05-21 21:32:48.587789 (1.0, 100000.0, 21, 10.0, 0.3, 0.304, 2.0, 3) [0.14279250928533044 0.0022370044724266147 0.010069443281860284] 10 2817.696746826172s
2022-05-21 22:10:44.958099 (1.0, 100000.0, 22, 10.0, 0.3, 0.284, 2.0, 3) [0.16496078282139026 0.003672348627377677 0.0028659238051463396] 10 5228.992265224457s
2022-05-21 22:19:49.882600 (1.0, 100000.0, 21, 10.0, 0.3, 0.304, 2.0, 3) [0.14095262103403544 0.0028642636983949696 0.010881716759104241] 10 2821.27490735054s
2022-05-21 22:43:58.725025 (1.0, 100000.0, 24, 10.0, 0.3, 0.323, 2.0, 3) [0.09806247633448882 0.004733568393496397 0.03607700759494131] 10 8301.670256376266s
2022-05-21 22:56:01.894216 (1.0, 100000.0, 25, 10.0, 0.3, 0.284, 2.0, 3) [0.14566222630617492 0.004802857825602433 0.002791887433951674] 10 8173.290148258209s
2022-05-21 23:06:53.270983 (1.0, 100000.0, 21, 10.0, 0.3, 0.304, 2.0, 3) [0.14272758214090517 0.002270826676862737 0.010083570062130651] 10 2823.3680548667908s
2022-05-21 23:15:23.582704 (1.0, 100000.0, 26, 10.0, 0.3, 0.296, 2.0, 3) [0.1226870944969637 0.0020655557259446956 0.006859771121059879] 10 10619.089517354965s
2022-05-21 23:42:08.942831 (1.0, 100000.0, 22, 10.0, 0.3, 0.284, 2.0, 3) [0.16234118933002292 0.004479037721972341 0.00320365220506118] 10 5483.953293561935s
2022-05-21 23:55:09.517963 (1.0, 100000.0, 21, 10.0, 0.3, 0.299, 2.0, 3) [0.1463277021182716 0.004804934582829823 0.008688709824145175] 10 2893.1202731132507s
2022-05-22 00:44:56.044950 (1.0, 100000.0, 21, 10.0, 0.3, 0.299, 2.0, 3) [0.1475195987035616 0.002814787576873578 0.008259945786202448] 10 2986.5250182151794s
2022-05-22 00:58:25.918650 (1.0, 100000.0, 23, 10.0, 0.3, 0.296, 2.0, 3) [0.13887001858408485 0.0024861908237427286 0.00680923916241537] 10 51146.79739236832s
2022-05-22 00:58:58.064301 (1.0, 100000.0, 24, 10.0, 0.3, 0.323, 2.0, 3) [0.10058116462983858 0.005060643804473722 0.03214737414171908] 10 8099.30726313591s
2022-05-22 01:07:53.682517 (1.0, 100000.0, 22, 10.0, 0.3, 0.284, 2.0, 3) [0.16791902515547455 0.004970221380918168 0.0025183774604615582] 10 5144.736640930176s
2022-05-22 01:34:29.602364 (1.0, 100000.0, 21, 10.0, 0.3, 0.299, 2.0, 3) [0.1475453293872685 0.0022694666325075528 0.008264993105251528] 10 2973.5551447868347s
2022-05-22 01:55:14.360071 (1.0, 100000.0, 25, 10.0, 0.3, 0.304, 2.0, 3) [0.1155824306789247 0.003727337867526676 0.012503128893646513] 10 10737.920660495758s
2022-05-22 02:23:55.110448 (1.0, 100000.0, 26, 10.0, 0.3, 0.296, 2.0, 3) [0.1225152128639232 0.0042152437241974785 0.006928616513969806] 10 11311.46469783783s
2022-05-22 02:24:08.017900 (1.0, 100000.0, 21, 10.0, 0.3, 0.299, 2.0, 3) [0.15106461026602652 0.003586110064508531 0.007139652762752203] 10 2978.3556184768677s
2022-05-22 02:52:39.776451 (1.0, 100000.0, 22, 10.0, 0.3, 0.284, 2.0, 3) [0.16450216422234712 0.004075434674954692 0.0029172223584022303] 10 6286.091129779816s
2022-05-22 03:13:31.954919 (1.0, 100000.0, 21, 10.0, 0.3, 0.299, 2.0, 3) [0.1421672250161823 0.0068786871289087045 0.010301793664521509] 10 2963.9348089694977s
2022-05-22 03:25:20.933823 (1.0, 100000.0, 24, 10.0, 0.3, 0.323, 2.0, 3) [0.10039566901031124 0.003809292844079575 0.03240503701286539] 10 8782.853881835938s
2022-05-22 04:03:05.666041 (1.0, 100000.0, 21, 10.0, 0.3, 0.299, 2.0, 3) [0.1462209189640789 0.0032187638265323633 0.008704481105038365] 10 2973.70832157135s
2022-05-22 04:52:16.167690 (1.0, 100000.0, 21, 10.0, 0.3, 0.299, 2.0, 3) [0.1475633151277 0.005482073770864241 0.008260075949820268] 10 2950.4991397857666s
2022-05-22 05:01:27.870167 (1.0, 100000.0, 22, 10.0, 0.3, 0.284, 2.0, 3) [0.16423624753063365 0.0025579471668573336 0.0029478643921013277] 10 7728.086176872253s
2022-05-22 05:38:00.724909 (1.0, 100000.0, 26, 10.0, 0.3, 0.296, 2.0, 3) [0.11935665950568987 0.0025091136916741094 0.008139039728467136] 10 11645.567596197128s
2022-05-22 05:41:35.249258 (1.0, 100000.0, 21, 10.0, 0.3, 0.299, 2.0, 3) [0.1481390916598604 0.0031147907616086642 0.008067534652497018] 10 2959.0494832992554s
2022-05-22 06:02:06.017887 (1.0, 100000.0, 24, 10.0, 0.3, 0.323, 2.0, 3) [0.09876237470100382 0.003107246909699079 0.03515947935906743] 10 9405.080612421036s
2022-05-22 06:08:07.131229 (1.0, 100000.0, 25, 10.0, 0.3, 0.304, 2.0, 3) [0.11820904956761599 0.0022924988045476464 0.010985149327351802] 10 15172.768592357635s
2022-05-22 06:30:46.024043 (1.0, 100000.0, 21, 10.0, 0.3, 0.299, 2.0, 3) [0.1464443476088895 0.0018525222514154656 0.008645159993006165] 10 2950.7720534801483s
2022-05-22 07:04:33.122483 (1.0, 100000.0, 22, 10.0, 0.3, 0.284, 2.0, 3) [0.16073931109032336 0.0025598039662823487 0.0034438692765847586] 10 7385.241809844971s
2022-05-22 07:20:06.724512 (1.0, 100000.0, 21, 10.0, 0.3, 0.299, 2.0, 3) [0.14460585645792498 0.0044997138852815675 0.009324886661348793] 10 2960.698074579239s
2022-05-22 07:31:14.840392 (1.0, 100000.0, 23, 10.0, 0.3, 0.296, 2.0, 3) [0.14083352066794913 0.002306656412222292 0.006229110396485001] 10 23568.88245344162s
2022-05-22 08:10:05.417076 (1.0, 100000.0, 21, 10.0, 0.3, 0.284, 2.0, 3) [0.16877319271083155 0.0029647813679035064 0.0033866201455548255] 10 2990.8784832954407s
2022-05-22 08:49:33.390407 (1.0, 100000.0, 22, 10.0, 0.3, 0.284, 2.0, 3) [0.1625342231670493 0.003425637040106483 0.0031785925239370483] 10 6300.264215230942s
2022-05-22 08:58:03.984245 (1.0, 100000.0, 21, 10.0, 0.3, 0.284, 2.0, 3) [0.16646794458106073 0.0029957307049309433 0.003723310758744242] 10 2878.5496094226837s
2022-05-22 09:01:43.489449 (1.0, 100000.0, 25, 10.0, 0.3, 0.304, 2.0, 3) [0.11435244837887312 0.003084985974043655 0.013242626089761947] 10 10416.354657649994s
2022-05-22 09:06:50.771365 (1.0, 100000.0, 24, 10.0, 0.3, 0.304, 2.0, 3) [0.12599781977894517 0.004391928215125863 0.009603228460492106] 10 11071.805751562119s
2022-05-22 09:08:39.714038 (1.0, 100000.0, 26, 10.0, 0.3, 0.296, 2.0, 3) [0.1234344316109989 0.0028862591994864377 0.006589119217753143] 10 12572.067179441452s
2022-05-22 09:46:37.787401 (1.0, 100000.0, 21, 10.0, 0.3, 0.284, 2.0, 3) [0.1658328112261824 0.004056418345929664 0.003822000598380512] 10 2913.7835347652435s
2022-05-22 10:14:44.752735 (1.0, 100000.0, 23, 10.0, 0.3, 0.296, 2.0, 3) [0.13859204787995646 0.002599232701298984 0.006898639964556124] 10 9809.909362316132s
2022-05-22 10:35:15.979356 (1.0, 100000.0, 21, 10.0, 0.3, 0.284, 2.0, 3) [0.16954242231637673 0.005396023731534427 0.003285876771787773] 10 2918.1585807800293s
2022-05-22 10:43:39.725393 (1.0, 100000.0, 22, 10.0, 0.3, 0.284, 2.0, 3) [0.16186400902232767 0.0031649293191236307 0.0032754210084750815] 10 6846.3137102127075s
2022-05-22 11:21:21.366573 (1.0, 100000.0, 21, 10.0, 0.3, 0.284, 2.0, 3) [0.16806174366365587 0.00477909385002635 0.003496441256668816] 10 2765.327623128891s
2022-05-22 11:42:57.583606 (1.0, 100000.0, 25, 10.0, 0.3, 0.304, 2.0, 3) [0.11719423394576452 0.004212730163489096 0.011535661455853868] 10 9674.053890705109s
2022-05-22 12:07:11.395298 (1.0, 100000.0, 21, 10.0, 0.3, 0.284, 2.0, 3) [0.1692235100006611 0.003124344163962169 0.0033245153472689333] 10 2750.019656419754s
2022-05-22 12:15:00.878644 (1.0, 100000.0, 22, 10.0, 0.3, 0.271, 2.0, 3) [0.184149724160401 0.004056380361000823 0.0012288744593247352] 10 5476.201641321182s
2022-05-22 12:30:18.008424 (1.0, 100000.0, 26, 10.0, 0.3, 0.296, 2.0, 3) [0.12241929263112362 0.002574160787044357 0.006955751495405909] 10 12097.991770505905s
2022-05-22 12:39:07.493317 (1.0, 100000.0, 24, 10.0, 0.3, 0.304, 2.0, 3) [0.12087619838220422 0.003167483711149194 0.01219597135603041] 10 12736.69604063034s
2022-05-22 12:53:00.286107 (1.0, 100000.0, 21, 10.0, 0.3, 0.284, 2.0, 3) [0.16932084570166853 0.0028365764164655044 0.0033142149530624005] 10 2748.8719475269318s
2022-05-22 13:12:37.619187 (1.0, 100000.0, 23, 10.0, 0.3, 0.296, 2.0, 3) [0.14071133393895704 0.003898511728482731 0.006277221295244917] 10 10672.854093074799s
2022-05-22 13:39:18.936013 (1.0, 100000.0, 21, 10.0, 0.3, 0.284, 2.0, 3) [0.1685873339318495 0.0027397034993336383 0.003413021225562106] 10 2778.5354764461517s
2022-05-22 13:48:47.921824 (1.0, 100000.0, 22, 10.0, 0.3, 0.271, 2.0, 3) [0.18006887160288773 0.005777192098475976 0.0014694045844980707] 10 5627.025206327438s
2022-05-22 14:16:27.263206 (1.0, 100000.0, 25, 10.0, 0.3, 0.304, 2.0, 3) [0.11462320351222863 0.0040373905934507825 0.013074326889017284] 10 9209.676452875137s
2022-05-22 14:25:44.118381 (1.0, 100000.0, 21, 10.0, 0.3, 0.284, 2.0, 3) [0.17161807449213734 0.004938028925812123 0.0030086389317714787] 10 2785.1631333827972s
2022-05-22 15:12:01.448081 (1.0, 100000.0, 21, 10.0, 0.3, 0.284, 2.0, 3) [0.16699849168586064 0.0052781723595559105 0.003641194329287138] 10 2777.316297531128s
2022-05-22 15:27:40.677635 (1.0, 100000.0, 22, 10.0, 0.3, 0.271, 2.0, 3) [0.18077026085745515 0.0030954580803487 0.0014275929080040043] 10 5932.734933137894s
2022-05-22 15:51:02.871133 (1.0, 100000.0, 26, 10.0, 0.3, 0.296, 2.0, 3) [0.12544028562097262 0.004944503440624111 0.005953156868104669] 10 12041.366905450821s
2022-05-22 16:01:21.378723 (1.0, 100000.0, 21, 10.0, 0.3, 0.307, 2.0, 3) [0.13843446085527458 0.0025122793294480054 0.012111747295359316] 10 2954.759945869446s
2022-05-22 16:07:37.570938 (1.0, 100000.0, 23, 10.0, 0.3, 0.296, 2.0, 3) [0.14005220081167036 0.0021884167090929062 0.006465161848581386] 10 10499.931484937668s
2022-05-22 16:44:14.752065 (1.0, 100000.0, 25, 10.0, 0.3, 0.304, 2.0, 3) [0.1212477628637738 0.0036174493217393205 0.00945044863778004] 10 8867.328519105911s
2022-05-22 16:48:59.735041 (1.0, 100000.0, 21, 10.0, 0.3, 0.307, 2.0, 3) [0.13492096580356117 0.0023369478359693903 0.013955092611486383] 10 2858.338590860367s
2022-05-22 17:02:17.954160 (1.0, 100000.0, 22, 10.0, 0.3, 0.271, 2.0, 3) [0.18297164286634843 0.004108937561217198 0.0012954637570817963] 10 5677.253718852997s
2022-05-22 17:36:51.577153 (1.0, 100000.0, 21, 10.0, 0.3, 0.307, 2.0, 3) [0.13512183332902433 0.0019114683851702483 0.013869142693092083] 10 2871.8399250507355s
2022-05-22 18:24:57.367397 (1.0, 100000.0, 21, 10.0, 0.3, 0.307, 2.0, 3) [0.13882254420249043 0.0031382022568820275 0.011890167665231903] 10 2885.7756242752075s
2022-05-22 18:26:36.446843 (1.0, 100000.0, 22, 10.0, 0.3, 0.271, 2.0, 3) [0.18315776173995602 0.0031187599493914813 0.0012855808493910201] 10 5058.4893889427185s
2022-05-22 18:52:51.838878 (1.0, 100000.0, 26, 10.0, 0.3, 0.296, 2.0, 3) [0.12177045223855318 0.0024346566593203265 0.007202403364417912] 10 10908.45113992691s
2022-05-22 18:57:14.772006 (1.0, 100000.0, 23, 10.0, 0.3, 0.296, 2.0, 3) [0.1395951770590723 0.0033249298339980797 0.006590189295029673] 10 10177.178760051727s
2022-05-22 19:04:48.935369 (1.0, 100000.0, 25, 10.0, 0.3, 0.304, 2.0, 3) [0.1184097683127705 0.002060031077572487 0.010862697037588288] 10 8434.146477937698s
2022-05-22 19:12:59.499360 (1.0, 100000.0, 21, 10.0, 0.3, 0.307, 2.0, 3) [0.1370977920878252 0.0023585860373804023 0.012772597461433473] 10 2882.116473674774s
2022-05-22 19:55:19.729949 (1.0, 100000.0, 22, 10.0, 0.3, 0.271, 2.0, 3) [0.18101268798831616 0.00685384480167154 0.0014112256794507614] 10 5323.277025461197s
2022-05-22 20:00:59.289910 (1.0, 100000.0, 21, 10.0, 0.3, 0.307, 2.0, 3) [0.13660910650105046 0.003305193520769127 0.013053301554239099] 10 2879.7882781028748s
2022-05-22 20:47:20.548367 (1.0, 100000.0, 21, 10.0, 0.3, 0.307, 2.0, 3) [0.13678223477010978 0.0034152667186218635 0.012925727971825453] 10 2781.2559518814087s
2022-05-22 21:22:18.258392 (1.0, 100000.0, 25, 10.0, 0.3, 0.304, 2.0, 3) [0.11697430952095629 0.004410125516636141 0.011626484941935853] 10 8249.30135345459s
2022-05-22 21:32:40.867971 (1.0, 100000.0, 23, 10.0, 0.3, 0.296, 2.0, 3) [0.14132082356355555 0.004893927971649538 0.006095705065126111] 10 9326.093489170074s
2022-05-22 21:34:14.043252 (1.0, 100000.0, 21, 10.0, 0.3, 0.307, 2.0, 3) [0.13818613947108951 0.0040416001700421585 0.012230390435374227] 10 2813.4721808433533s
2022-05-22 21:57:53.396064 (1.0, 100000.0, 26, 10.0, 0.3, 0.296, 2.0, 3) [0.11939538200511494 0.004150502984045047 0.008131749155757895] 10 11101.504325389862s
2022-05-22 22:20:05.052547 (1.0, 100000.0, 22, 10.0, 0.3, 0.271, 2.0, 3) [0.1782856361632544 0.0038341351462485218 0.0015880431914179437] 10 8685.26581120491s
2022-05-22 22:21:06.521491 (1.0, 100000.0, 21, 10.0, 0.3, 0.307, 2.0, 3) [0.13830092833887705 0.004964721654903492 0.012146747597098799] 10 2812.4758677482605s
2022-05-22 23:07:37.296139 (1.0, 100000.0, 21, 10.0, 0.3, 0.307, 2.0, 3) [0.13701425888189472 0.0030748596214346577 0.012821859898026951] 10 2790.7720234394073s
2022-05-22 23:36:13.482604 (1.0, 100000.0, 24, 10.0, 0.3, 0.304, 2.0, 3) [0.123844525981019 0.002511472011479764 0.010636343290763649] 10 39425.943823099136s
2022-05-22 23:41:29.490993 (1.0, 100000.0, 25, 10.0, 0.3, 0.304, 2.0, 3) [0.11791029920438352 0.0027430162609171343 0.011127272727616972] 10 8351.227994918823s
2022-05-22 23:54:17.601941 (1.0, 100000.0, 21, 10.0, 0.3, 0.296, 2.0, 3) [0.15345172412090663 0.00312716411512443 0.006441076471408139] 10 2783.3360390663147s
2022-05-22 23:59:53.672098 (1.0, 100000.0, 23, 10.0, 0.3, 0.296, 2.0, 3) [0.1377546379670406 0.0032713401690271566 0.007161770386889621] 10 8832.80107307434s
2022-05-23 00:42:53.058039 (1.0, 100000.0, 21, 10.0, 0.3, 0.296, 2.0, 3) [0.1512748585854346 0.003521169794889927 0.007052415330950599] 10 2915.4533948898315s
2022-05-23 00:44:53.014958 (1.0, 100000.0, 22, 10.0, 0.3, 0.271, 2.0, 3) [0.1854115667573542 0.004312845499972864 0.001163601694154267] 10 8687.959724664688s
2022-05-23 00:58:19.487427 (1.0, 100000.0, 26, 10.0, 0.3, 0.296, 2.0, 3) [0.12657120476521755 0.0036717363582934315 0.005623052509677559] 10 10826.052284955978s
2022-05-23 01:31:02.261542 (1.0, 100000.0, 21, 10.0, 0.3, 0.296, 2.0, 3) [0.1537943363887615 0.0035254311500572378 0.006347208071006659] 10 2889.2012622356415s
2022-05-23 01:46:23.354945 (1.0, 100000.0, 24, 10.0, 0.3, 0.304, 2.0, 3) [0.12194498292388706 0.003941768502375662 0.011593006448450979] 10 7809.840852975845s
2022-05-23 02:16:35.054257 (1.0, 100000.0, 23, 10.0, 0.3, 0.296, 2.0, 3) [0.140415256748812 0.002579435763156664 0.006345981240717665] 10 8201.379457712173s
2022-05-23 02:19:50.277414 (1.0, 100000.0, 21, 10.0, 0.3, 0.296, 2.0, 3) [0.15090624778312722 0.00417800409363561 0.007166714200354436] 10 2928.013552904129s
2022-05-23 02:26:15.677373 (1.0, 100000.0, 25, 10.0, 0.3, 0.304, 2.0, 3) [0.11754891189784852 0.004613449228242955 0.011340830336477252] 10 9886.182951927185s
2022-05-23 02:47:21.490567 (1.0, 100000.0, 22, 10.0, 0.3, 0.271, 2.0, 3) [0.18461523223588194 0.006124697187468155 0.0012072218866049588] 10 7348.468975543976s
2022-05-23 03:08:24.666185 (1.0, 100000.0, 21, 10.0, 0.3, 0.296, 2.0, 3) [0.1486264739986074 0.0030391154100373975 0.007867517334385472] 10 2914.386293888092s
2022-05-23 03:55:19.096246 (1.0, 100000.0, 24, 10.0, 0.3, 0.304, 2.0, 3) [0.12232651645736507 0.0040416519557179165 0.0114090782950855] 10 7735.738111972809s
2022-05-23 03:57:06.605076 (1.0, 100000.0, 21, 10.0, 0.3, 0.296, 2.0, 3) [0.1516326794866665 0.0019148948417410882 0.0069464285239023565] 10 2921.9367439746857s
2022-05-23 04:06:53.580583 (1.0, 100000.0, 26, 10.0, 0.3, 0.296, 2.0, 3) [0.12087972864873903 0.0031155276016972284 0.0075297798698283095] 10 11313.91088604927s
2022-05-23 04:45:40.038691 (1.0, 100000.0, 21, 10.0, 0.3, 0.296, 2.0, 3) [0.1517453436001822 0.0024009510280771527 0.00692357909517596] 10 2913.431041240692s
2022-05-23 04:47:39.637376 (1.0, 100000.0, 22, 10.0, 0.3, 0.271, 2.0, 3) [0.18380771739800358 0.004376514751517654 0.001249973235648947] 10 7218.143387079239s
2022-05-23 04:49:21.469928 (1.0, 100000.0, 25, 10.0, 0.3, 0.293, 2.0, 3) [0.13061596903311573 0.002183035813578267 0.005907642965661368] 10 8576.043591976166s
2022-05-23 05:33:29.326402 (1.0, 100000.0, 21, 10.0, 0.3, 0.296, 2.0, 3) [0.1508125828739864 0.004119315861816277 0.007195461972256016] 10 2869.2853643894196s
2022-05-23 05:39:39.207472 (1.0, 100000.0, 23, 10.0, 0.3, 0.293, 2.0, 3) [0.14240397433766974 0.0032693682162993442 0.005783197509210859] 10 12106.195986032486s
2022-05-23 06:03:12.178826 (1.0, 100000.0, 24, 10.0, 0.3, 0.304, 2.0, 3) [0.12066252169295044 0.003384655638734786 0.012340107386600118] 10 7673.077964067459s
2022-05-23 06:20:31.620208 (1.0, 100000.0, 21, 10.0, 0.3, 0.296, 2.0, 3) [0.15229031081553576 0.003603077405805427 0.006771506476229956] 10 2822.291349172592s
2022-05-23 06:28:33.957445 (1.0, 100000.0, 22, 10.0, 0.3, 0.313, 2.0, 3) [0.12185687769748697 0.002383584910102944 0.01893729655754487] 10 6047.499472618103s
2022-05-23 07:06:54.904755 (1.0, 100000.0, 25, 10.0, 0.3, 0.293, 2.0, 3) [0.13147988926261617 0.004678542232386395 0.005650715004480073] 10 8253.432192325592s
2022-05-23 07:07:29.301686 (1.0, 100000.0, 21, 10.0, 0.3, 0.296, 2.0, 3) [0.14960589427806145 0.004204751700919688 0.0075522192054769885] 10 2817.679145336151s
2022-05-23 07:27:37.751802 (1.0, 100000.0, 26, 10.0, 0.3, 0.296, 2.0, 3) [0.121122315185421 0.00442261907708262 0.007462231373482933] 10 12044.111960411072s
2022-05-23 07:53:19.270674 (1.0, 100000.0, 21, 10.0, 0.3, 0.293, 2.0, 3) [0.15761240808971885 0.0033807914513499107 0.0054117275168734606] 10 2729.86079454422s
2022-05-23 07:54:28.554761 (1.0, 100000.0, 22, 10.0, 0.3, 0.313, 2.0, 3) [0.12329038450017224 0.00375060852243951 0.017786918119461995] 10 5154.594302892685s
2022-05-23 08:09:10.984075 (1.0, 100000.0, 24, 10.0, 0.3, 0.304, 2.0, 3) [0.12397203399791155 0.0021674265741569204 0.010544735021103934] 10 7558.802131414413s
2022-05-23 08:20:34.685141 (1.0, 100000.0, 23, 10.0, 0.3, 0.293, 2.0, 3) [0.13964429729575992 0.0033308508152838302 0.00656906433304384] 10 9655.475394487381s
2022-05-23 08:39:47.014464 (1.0, 100000.0, 21, 10.0, 0.3, 0.293, 2.0, 3) [0.1565762806642482 0.0031444817807592604 0.005651641270408303] 10 2787.741803884506s
2022-05-23 09:18:49.770264 (1.0, 100000.0, 22, 10.0, 0.3, 0.313, 2.0, 3) [0.12668105416677 0.0045017270280334745 0.015365221823955935] 10 5061.210741043091s
2022-05-23 09:26:02.301505 (1.0, 100000.0, 25, 10.0, 0.3, 0.293, 2.0, 3) [0.1336302234558091 0.002058853707686779 0.005077861282047633] 10 8347.392208099365s
2022-05-23 09:26:20.365194 (1.0, 100000.0, 21, 10.0, 0.3, 0.293, 2.0, 3) [0.1588201313671736 0.004027649680058077 0.005152828042444798] 10 2793.3481044769287s
2022-05-23 10:12:23.055279 (1.0, 100000.0, 24, 10.0, 0.3, 0.304, 2.0, 3) [0.11867689111131888 0.005106816470215669 0.013525225026194791] 10 7392.0679252147675s
2022-05-23 10:12:27.379373 (1.0, 100000.0, 21, 10.0, 0.3, 0.293, 2.0, 3) [0.15802676711748986 0.0033599315223498643 0.005320931298909065] 10 2767.0120344161987s
2022-05-23 10:41:06.896037 (1.0, 100000.0, 26, 10.0, 0.3, 0.296, 2.0, 3) [0.12199395748507856 0.003089745248782319 0.007114050663398403] 10 11608.965117454529s
2022-05-23 10:42:12.440761 (1.0, 100000.0, 23, 10.0, 0.3, 0.293, 2.0, 3) [0.14157537166399384 0.0033804294861456557 0.006011491165083333] 10 8497.74896478653s
2022-05-23 10:42:49.753168 (1.0, 100000.0, 22, 10.0, 0.3, 0.313, 2.0, 3) [0.12405309417312112 0.006643646164591355 0.017203064719875625] 10 5039.953812360764s
2022-05-23 10:58:05.687488 (1.0, 100000.0, 21, 10.0, 0.3, 0.293, 2.0, 3) [0.15487430758867712 0.003127518043624662 0.006058977561866325] 10 2738.3058547973633s
2022-05-23 11:44:38.576371 (1.0, 100000.0, 21, 10.0, 0.3, 0.293, 2.0, 3) [0.15460251689219168 0.002759567772287774 0.006132253978733272] 10 2792.871577501297s
2022-05-23 11:49:12.357914 (1.0, 100000.0, 25, 10.0, 0.3, 0.293, 2.0, 3) [0.13042750591962 0.00294665605615483 0.005943629942717561] 10 8590.053725481033s
2022-05-23 12:07:08.315790 (1.0, 100000.0, 22, 10.0, 0.3, 0.313, 2.0, 3) [0.1257856287249216 0.0024788945331728914 0.01600467322618641] 10 5058.559047937393s
2022-05-23 12:15:03.267230 (1.0, 100000.0, 24, 10.0, 0.3, 0.304, 2.0, 3) [0.11938825653492574 0.003502724811809551 0.013063224923739819] 10 7360.076512098312s
2022-05-23 12:31:52.994883 (1.0, 100000.0, 21, 10.0, 0.3, 0.293, 2.0, 3) [0.15942338917780516 0.002543044502347586 0.005029126624844413] 10 2834.3906948566437s
2022-05-23 13:06:53.992088 (1.0, 100000.0, 23, 10.0, 0.3, 0.293, 2.0, 3) [0.13989534219876607 0.004893306062170148 0.006483954664233764] 10 8681.546231985092s
2022-05-23 13:18:47.726639 (1.0, 100000.0, 21, 10.0, 0.3, 0.293, 2.0, 3) [0.15539411390864594 0.0029799111461232017 0.005931025566204754] 10 2814.6441826820374s
2022-05-23 13:33:04.609043 (1.0, 100000.0, 22, 10.0, 0.3, 0.313, 2.0, 3) [0.12283580293013915 0.0025838016645046164 0.01816196181927367] 10 5156.268586158752s
2022-05-23 13:49:23.373047 (1.0, 100000.0, 26, 10.0, 0.3, 0.296, 2.0, 3) [0.12273675983758524 0.0032993301307777277 0.006855775173373042] 10 11296.41188788414s
2022-05-23 14:05:22.107039 (1.0, 100000.0, 21, 10.0, 0.3, 0.293, 2.0, 3) [0.15618482677772222 0.002437692843020179 0.005745552775472999] 10 2794.3421864509583s
2022-05-23 14:19:39.533755 (1.0, 100000.0, 24, 10.0, 0.3, 0.304, 2.0, 3) [0.12233823728487568 0.004122308972092837 0.01138370288638715] 10 7476.244966268539s
2022-05-23 14:19:44.499780 (1.0, 100000.0, 25, 10.0, 0.3, 0.293, 2.0, 3) [0.12985801619146647 0.003951820707983817 0.006116864365080225] 10 9032.119292020798s
2022-05-23 14:51:56.449324 (1.0, 100000.0, 21, 10.0, 0.3, 0.293, 2.0, 3) [0.15489678861809789 0.003724305682088518 0.0060604194517743055] 10 2794.3007950782776s
2022-05-23 14:59:36.049796 (1.0, 100000.0, 22, 10.0, 0.3, 0.313, 2.0, 3) [0.12351219052561664 0.004851114338716014 0.017635581917722607] 10 5191.312111616135s
2022-05-23 15:20:56.146588 (1.0, 100000.0, 23, 10.0, 0.3, 0.293, 2.0, 3) [0.14405008142173267 0.003919565220134203 0.005378131413585176] 10 8041.955792665482s
2022-05-23 15:44:29.539524 (1.0, 100000.0, 21, 10.0, 0.3, 0.313, 2.0, 3) [0.12902105183066495 0.003476608660131839 0.017924495552224452] 10 3081.828800678253s
2022-05-23 16:26:30.083822 (1.0, 100000.0, 22, 10.0, 0.3, 0.313, 2.0, 3) [0.12416071630365284 0.00453908236059315 0.017194340325748944] 10 5214.013831377029s
2022-05-23 16:32:34.108127 (1.0, 100000.0, 24, 10.0, 0.3, 0.293, 2.0, 3) [0.13627105653491572 0.0022893464055696124 0.005833861136229669] 10 7953.7502291202545s
2022-05-23 16:32:57.888792 (1.0, 100000.0, 21, 10.0, 0.3, 0.313, 2.0, 3) [0.13105253225402277 0.0028647130914240763 0.01645784131128999] 10 2908.320396900177s
2022-05-23 16:58:25.643797 (1.0, 100000.0, 26, 10.0, 0.3, 0.307, 2.0, 3) [0.10972946315134827 0.0035702414001861126 0.013437164720734907] 10 11229.779183626175s
2022-05-23 16:58:40.770698 (1.0, 100000.0, 25, 10.0, 0.3, 0.293, 2.0, 3) [0.13209062665676885 0.003439332116156349 0.005482787885556362] 10 9536.26835179329s
2022-05-23 17:23:37.881865 (1.0, 100000.0, 21, 10.0, 0.3, 0.313, 2.0, 3) [0.12827962984483543 0.004683071699924645 0.018445552094546847] 10 3039.9893877506256s
2022-05-23 17:33:52.838386 (1.0, 100000.0, 23, 10.0, 0.3, 0.293, 2.0, 3) [0.14564186507610039 0.0032458798550774734 0.005003286965134239] 10 7976.667968273163s
2022-05-23 17:53:26.090155 (1.0, 100000.0, 22, 10.0, 0.3, 0.313, 2.0, 3) [0.12297105167146392 0.003186581239005763 0.01802303178084019] 10 5215.975719690323s
2022-05-23 18:13:33.912371 (1.0, 100000.0, 21, 10.0, 0.3, 0.313, 2.0, 3) [0.12905954043136503 0.004580145608486417 0.01789488987408146] 10 2996.003637075424s
2022-05-23 18:21:41.304681 (1.0, 100000.0, 24, 10.0, 0.3, 0.293, 2.0, 3) [0.13825228666598655 0.0034330430266650623 0.005317052088483768] 10 6547.167902231216s
2022-05-23 19:02:48.766591 (1.0, 100000.0, 21, 10.0, 0.3, 0.313, 2.0, 3) [0.12864202820516912 0.0038490025145755677 0.018165673969951845] 10 2954.797168970108s
2022-05-23 19:31:17.907713 (1.0, 100000.0, 22, 10.0, 0.3, 0.313, 2.0, 3) [0.1211809576588222 0.003574063270814121 0.019513458862988567] 10 5871.792719125748s
2022-05-23 19:35:52.118582 (1.0, 100000.0, 25, 10.0, 0.3, 0.293, 2.0, 3) [0.13427557074189073 0.003490672653285241 0.004924760953407836] 10 9431.345432281494s
2022-05-23 19:50:05.484226 (1.0, 100000.0, 23, 10.0, 0.3, 0.293, 2.0, 3) [0.14158976529094133 0.003762523048167157 0.006006098419644972] 10 8172.566220283508s
2022-05-23 19:52:16.752192 (1.0, 100000.0, 21, 10.0, 0.3, 0.313, 2.0, 3) [0.12775723267459163 0.0034084573064785476 0.01887293726127697] 10 2967.9712188243866s
2022-05-23 19:54:24.503288 (1.0, 100000.0, 26, 10.0, 0.3, 0.307, 2.0, 3) [0.10760511050558953 0.002819694711934041 0.014974807306130638] 10 10558.78549337387s
2022-05-23 20:09:33.293701 (1.0, 100000.0, 24, 10.0, 0.3, 0.293, 2.0, 3) [0.13682496015271023 0.0034519999400665015 0.0056944678803225925] 10 6471.975146055222s
2022-05-23 20:41:35.766095 (1.0, 100000.0, 21, 10.0, 0.3, 0.313, 2.0, 3) [0.1270041388183293 0.002867827624868976 0.01942340753538365] 10 2958.978595018387s
2022-05-23 21:13:49.331627 (1.0, 100000.0, 22, 10.0, 0.3, 0.296, 2.0, 3) [0.14495526367464795 0.004921650278935741 0.0068898483668329786] 10 6146.779085159302s
2022-05-23 21:58:18.435854 (1.0, 100000.0, 24, 10.0, 0.3, 0.293, 2.0, 3) [0.1378451328909631 0.003861922453059516 0.005428360000482909] 10 6525.124836444855s
2022-05-23 22:02:21.831296 (1.0, 100000.0, 25, 10.0, 0.3, 0.293, 2.0, 3) [0.13214744563332542 0.003503038644727015 0.005469715867513982] 10 8789.690818786621s
2022-05-23 22:34:10.623132 (1.0, 100000.0, 22, 10.0, 0.3, 0.296, 2.0, 3) [0.14549543706435103 0.0038004648103989553 0.006715119458558731] 10 4821.254030227661s
2022-05-23 22:54:15.017065 (1.0, 100000.0, 21, 10.0, 0.3, 0.313, 2.0, 3) [0.12723359315256577 0.004381696591853838 0.01925085393052623] 10 7959.215114355087s
2022-05-23 23:01:58.278252 (1.0, 100000.0, 26, 10.0, 0.3, 0.307, 2.0, 3) [0.10732939516222872 0.003855084841677195 0.015205770986820608] 10 11253.73321056366s
2022-05-23 23:42:50.511322 (1.0, 100000.0, 21, 10.0, 0.3, 0.313, 2.0, 3) [0.128901155564832 0.0033273726800413387 0.018001966954016457] 10 2915.432375907898s
2022-05-23 23:54:40.728043 (1.0, 100000.0, 22, 10.0, 0.3, 0.296, 2.0, 3) [0.1448587062800285 0.0034940734832234416 0.006913113931019437] 10 4830.08011007309s
2022-05-24 00:11:04.247058 (1.0, 100000.0, 24, 10.0, 0.3, 0.293, 2.0, 3) [0.1327125007873126 0.0052870887011281864 0.006903731252235344] 10 7965.767890691757s
2022-05-24 00:25:12.113499 (1.0, 100000.0, 25, 10.0, 0.3, 0.293, 2.0, 3) [0.13033522860256172 0.0037704777119269136 0.005985390795079084] 10 8570.253489255905s
2022-05-24 00:48:42.397712 (1.0, 100000.0, 23, 10.0, 0.3, 0.293, 2.0, 3) [0.1428733730082774 0.0029148830903902617 0.005675397387133737] 10 17916.87085032463s
2022-05-24 01:17:35.647630 (1.0, 100000.0, 22, 10.0, 0.3, 0.296, 2.0, 3) [0.14654088728487927 0.004148702072440437 0.006428397531416602] 10 4974.867824077606s
2022-05-24 01:32:10.318825 (1.0, 100000.0, 21, 10.0, 0.3, 0.313, 2.0, 3) [0.12744535607866514 0.004359298246298484 0.019115066011633087] 10 6559.791121721268s
2022-05-24 01:57:29.589588 (1.0, 100000.0, 26, 10.0, 0.3, 0.307, 2.0, 3) [0.11021810969727974 0.0028270543247815192 0.01312291806073452] 10 10531.272154331207s
2022-05-24 02:01:04.578416 (1.0, 100000.0, 24, 10.0, 0.3, 0.293, 2.0, 3) [0.13629947131486592 0.003257851076709886 0.005834787210683688] 10 6600.295168876648s
2022-05-24 02:18:01.784558 (1.0, 100000.0, 21, 10.0, 0.3, 0.302, 2.0, 3) [0.14815053393573135 0.0037390076169005015 0.008060734698624346] 10 2557.628497362137s
2022-05-24 02:38:38.750771 (1.0, 100000.0, 22, 10.0, 0.3, 0.296, 2.0, 3) [0.14223989714081198 0.006217984526617581 0.007745409389228371] 10 4863.032388687134s
2022-05-24 02:52:20.763677 (1.0, 100000.0, 25, 10.0, 0.3, 0.293, 2.0, 3) [0.1306406515080026 0.00222588531920328 0.0059044984425204936] 10 8828.623769044876s
2022-05-24 02:57:20.396458 (1.0, 100000.0, 23, 10.0, 0.3, 0.293, 2.0, 3) [0.14169266482066503 0.002868843401805171 0.00598726737999413] 10 7717.967440366745s
2022-05-24 03:02:56.334589 (1.0, 100000.0, 21, 10.0, 0.3, 0.302, 2.0, 3) [0.1462799494722826 0.002574519023283581 0.008737517546891869] 10 2694.5361177921295s
2022-05-24 03:47:54.675602 (1.0, 100000.0, 21, 10.0, 0.3, 0.302, 2.0, 3) [0.1435081811061972 0.0029746585402790496 0.009767736108128366] 10 2698.326448202133s
2022-05-24 03:52:15.214875 (1.0, 100000.0, 24, 10.0, 0.3, 0.293, 2.0, 3) [0.1361505408020907 0.0028718074515590246 0.005876417590681066] 10 6670.617258071899s
2022-05-24 04:00:49.548738 (1.0, 100000.0, 22, 10.0, 0.3, 0.296, 2.0, 3) [0.14265705617162047 0.004329679532091779 0.007607907142861594] 10 4930.672173500061s
2022-05-24 04:32:58.311543 (1.0, 100000.0, 21, 10.0, 0.3, 0.302, 2.0, 3) [0.14185587742120975 0.0050184710412402396 0.010462385617157332] 10 2703.6130492687225s
2022-05-24 05:09:15.548468 (1.0, 100000.0, 23, 10.0, 0.3, 0.293, 2.0, 3) [0.13959218604821721 0.0032570427037980436 0.006572581125395508] 10 7915.132509469986s
2022-05-24 05:18:19.561403 (1.0, 100000.0, 21, 10.0, 0.3, 0.302, 2.0, 3) [0.14121512103341533 0.003151622684109328 0.010736740676566103] 10 2721.2319886684418s
2022-05-24 05:18:46.049960 (1.0, 100000.0, 26, 10.0, 0.3, 0.307, 2.0, 3) [0.10498760358434316 0.0045748655322476 0.01714190327702306] 10 12076.449882745743s
2022-05-24 05:24:24.438576 (1.0, 100000.0, 22, 10.0, 0.3, 0.296, 2.0, 3) [0.14541459517226252 0.0023711810612131712 0.006747745533965529] 10 5014.85812997818s
2022-05-24 05:26:35.091062 (1.0, 100000.0, 25, 10.0, 0.3, 0.302, 2.0, 3) [0.11998850407273857 0.0031178799818224246 0.010029972838362322] 10 9246.325509786606s
2022-05-24 05:43:55.580699 (1.0, 100000.0, 24, 10.0, 0.3, 0.293, 2.0, 3) [0.13463642279475085 0.005272667755990321 0.006310193288984236] 10 6700.363510847092s
2022-05-24 06:03:52.915279 (1.0, 100000.0, 21, 10.0, 0.3, 0.302, 2.0, 3) [0.14223380011934983 0.005708796831353402 0.010282261489314756] 10 2733.351539373398s
2022-05-24 06:47:16.693836 (1.0, 100000.0, 22, 10.0, 0.3, 0.296, 2.0, 3) [0.14337367268556594 0.0028392308036948592 0.007364649978284399] 10 4972.251302480698s
2022-05-24 06:49:32.735804 (1.0, 100000.0, 21, 10.0, 0.3, 0.302, 2.0, 3) [0.14527077849604703 0.0030001076718324713 0.009070576305193612] 10 2739.8186202049255s
2022-05-24 07:34:55.845647 (1.0, 100000.0, 24, 10.0, 0.3, 0.293, 2.0, 3) [0.1359205515603371 0.0036469866776704767 0.005931809674961393] 10 6660.234004497528s
2022-05-24 07:34:59.547290 (1.0, 100000.0, 21, 10.0, 0.3, 0.302, 2.0, 3) [0.14265946858599637 0.003985278048194664 0.010101486460644222] 10 2726.8093366622925s
2022-05-24 07:59:22.211876 (1.0, 100000.0, 25, 10.0, 0.3, 0.302, 2.0, 3) [0.11993871495567282 0.002169158410517066 0.010070550213482323] 10 9167.118220567703s
2022-05-24 08:09:53.133010 (1.0, 100000.0, 23, 10.0, 0.3, 0.271, 2.0, 3) [0.1758037945856873 0.00396354644912267 0.0012469468616241907] 10 10832.8779463768s
2022-05-24 08:20:15.791074 (1.0, 100000.0, 21, 10.0, 0.3, 0.302, 2.0, 3) [0.14440345605696803 0.002697465979878636 0.00939740138180133] 10 2716.2418406009674s
2022-05-24 08:46:37.990099 (1.0, 100000.0, 26, 10.0, 0.3, 0.307, 2.0, 3) [0.1081202958983832 0.006511645486607918 0.01459767986820699] 10 12471.936999082565s
2022-05-24 09:05:26.793805 (1.0, 100000.0, 21, 10.0, 0.3, 0.302, 2.0, 3) [0.144891690113507 0.002544822853861969 0.009258767664288103] 10 2711.0008006095886s
2022-05-24 09:22:15.568688 (1.0, 100000.0, 24, 10.0, 0.3, 0.293, 2.0, 3) [0.1365853110515115 0.00306064138568796 0.005753595973776265] 10 6439.713854789734s
2022-05-24 09:35:37.513355 (1.0, 100000.0, 22, 10.0, 0.3, 0.296, 2.0, 3) [0.14054233954858056 0.002942881177712336 0.008335570573097495] 10 10100.798225164413s
2022-05-24 09:54:54.679414 (1.0, 100000.0, 21, 10.0, 0.3, 0.296, 2.0, 3) [0.15585182251946203 0.004155057341770016 0.005843723062944747] 10 2778.2729511260986s
2022-05-24 10:33:34.527690 (1.0, 100000.0, 25, 10.0, 0.3, 0.302, 2.0, 3) [0.11927391363204606 0.004429226733426804 0.010393986977925465] 10 9252.311909675598s
2022-05-24 10:36:22.579755 (1.0, 100000.0, 23, 10.0, 0.3, 0.271, 2.0, 3) [0.17710229968284552 0.004443748094372782 0.0011767894429084954] 10 8789.44507098198s
2022-05-24 10:41:25.379104 (1.0, 100000.0, 21, 10.0, 0.3, 0.296, 2.0, 3) [0.15045591097374406 0.0029665610712522376 0.007296679325574585] 10 2790.6876244544983s
2022-05-24 10:57:22.417009 (1.0, 100000.0, 22, 10.0, 0.3, 0.296, 2.0, 3) [0.14666538651384878 0.002797040755049047 0.006406083680906222] 10 4904.888518810272s
2022-05-24 11:25:18.003113 (1.0, 100000.0, 24, 10.0, 0.3, 0.284, 2.0, 3) [0.15030423722616182 0.0032851506871492977 0.0029868866361742754] 10 7368.039182662964s
2022-05-24 11:26:45.932877 (1.0, 100000.0, 21, 10.0, 0.3, 0.296, 2.0, 3) [0.15116563293780616 0.0033762409312700615 0.00709031059070911] 10 2720.5394966602325s
2022-05-24 12:12:54.238776 (1.0, 100000.0, 21, 10.0, 0.3, 0.296, 2.0, 3) [0.15307951679644666 0.005007451584835191 0.0065473103118153485] 10 2768.3034727573395s
2022-05-24 12:22:14.269526 (1.0, 100000.0, 26, 10.0, 0.3, 0.307, 2.0, 3) [0.11010648220882135 0.0037930491782400605 0.013190558537892591] 10 12936.277097702026s
2022-05-24 12:56:08.626250 (1.0, 100000.0, 23, 10.0, 0.3, 0.271, 2.0, 3) [0.172592369708354 0.004355587906161779 0.0014439422341047496] 10 8385.919929742813s
2022-05-24 12:59:01.949276 (1.0, 100000.0, 21, 10.0, 0.3, 0.296, 2.0, 3) [0.15501082613614822 0.0027268550032432098 0.0060458967342370655] 10 2767.689745903015s
2022-05-24 13:08:00.143309 (1.0, 100000.0, 25, 10.0, 0.3, 0.302, 2.0, 3) [0.11920184872920606 0.0032960482516557637 0.010439729581248718] 10 9265.45132780075s
2022-05-24 13:29:41.273159 (1.0, 100000.0, 24, 10.0, 0.3, 0.284, 2.0, 3) [0.14655920080998086 0.004041020744903749 0.003560420104564244] 10 7463.253618478775s
2022-05-24 13:45:20.606315 (1.0, 100000.0, 21, 10.0, 0.3, 0.296, 2.0, 3) [0.15264300263370395 0.002087231839424256 0.006674200613668915] 10 2778.636841058731s
2022-05-24 14:00:12.826512 (1.0, 100000.0, 22, 10.0, 0.3, 0.296, 2.0, 3) [0.14365726363853945 0.003805059755253771 0.007281424176610631] 10 10966.102721214294s
2022-05-24 14:31:31.338412 (1.0, 100000.0, 21, 10.0, 0.3, 0.296, 2.0, 3) [0.15138989442505996 0.002111157267016524 0.007016789257214073] 10 2770.7098371982574s
2022-05-24 15:12:09.323352 (1.0, 100000.0, 23, 10.0, 0.3, 0.271, 2.0, 3) [0.17648201551554327 0.005037052475238475 0.0012117195320877252] 10 8160.655038356781s
2022-05-24 15:17:37.303344 (1.0, 100000.0, 21, 10.0, 0.3, 0.296, 2.0, 3) [0.15181883416623415 0.0026771927064530056 0.006904239699623675] 10 2765.897768974304s
2022-05-24 15:18:45.443404 (1.0, 100000.0, 26, 10.0, 0.3, 0.307, 2.0, 3) [0.10970692489738718 0.003746510438505502 0.013467889023935605] 10 10591.12956404686s
2022-05-24 15:23:55.337314 (1.0, 100000.0, 22, 10.0, 0.3, 0.296, 2.0, 3) [0.1442567801020019 0.0028082945692323212 0.0070984859681672095] 10 5022.449429035187s
2022-05-24 15:37:55.090036 (1.0, 100000.0, 24, 10.0, 0.3, 0.284, 2.0, 3) [0.15098284158265957 0.0025328802283515798 0.0028911818364532357] 10 7693.638998508453s
2022-05-24 15:41:58.101772 (1.0, 100000.0, 25, 10.0, 0.3, 0.302, 2.0, 3) [0.12169485398219632 0.0021775449383906018 0.009230092716264864] 10 9237.759423494339s
2022-05-24 16:03:18.988897 (1.0, 100000.0, 21, 10.0, 0.3, 0.296, 2.0, 3) [0.14982343662412204 0.003449529338530254 0.0074900142870314565] 10 2741.6493010520935s
2022-05-24 16:45:51.966738 (1.0, 100000.0, 22, 10.0, 0.3, 0.296, 2.0, 3) [0.14322284823542772 0.0038046079200979898 0.00742092277994521] 10 4916.598652839661s
2022-05-24 16:49:01.715933 (1.0, 100000.0, 21, 10.0, 0.3, 0.296, 2.0, 3) [0.15211137392425675 0.0033156507744006632 0.006816440780360824] 10 2742.681944131851s
2022-05-24 17:27:53.865233 (1.0, 100000.0, 23, 10.0, 0.3, 0.271, 2.0, 3) [0.17207061181420558 0.003953669681853371 0.001480879282578021] 10 8144.502728462219s
2022-05-24 17:46:20.315872 (1.0, 100000.0, 24, 10.0, 0.3, 0.284, 2.0, 3) [0.14989128091582715 0.0045232676383264924 0.0030516955655858287] 10 7705.197645187378s
2022-05-24 18:08:37.128451 (1.0, 100000.0, 22, 10.0, 0.3, 0.296, 2.0, 3) [0.14215957151880307 0.0025362382623387515 0.007781082971359363] 10 4965.146290540695s
2022-05-24 18:12:41.466262 (1.0, 100000.0, 26, 10.0, 0.3, 0.307, 2.0, 3) [0.10848369715559388 0.003649117386950879 0.014317040767893906] 10 10435.995802640915s
2022-05-24 18:16:24.605347 (1.0, 100000.0, 25, 10.0, 0.3, 0.302, 2.0, 3) [0.11861416595659684 0.0031012383445314915 0.010758375502297711] 10 9266.466847896576s
2022-05-24 19:30:41.038231 (1.0, 100000.0, 22, 10.0, 0.3, 0.296, 2.0, 3) [0.14808777326672623 0.005572078156599028 0.006029688389875349] 10 4923.870013713837s
2022-05-24 19:43:44.451420 (1.0, 100000.0, 23, 10.0, 0.3, 0.271, 2.0, 3) [0.17406027921340167 0.005466922650247223 0.001352088885570331] 10 8150.559285640717s
2022-05-24 19:53:06.292616 (1.0, 100000.0, 24, 10.0, 0.3, 0.284, 2.0, 3) [0.1481428555525338 0.0031560656005386305 0.0033067387973874716] 10 7605.824401855469s
2022-05-24 20:52:43.910612 (1.0, 100000.0, 25, 10.0, 0.3, 0.302, 2.0, 3) [0.11909121564551206 0.005594572628663024 0.010491119407211322] 10 9379.278460025787s
2022-05-24 20:53:33.859972 (1.0, 100000.0, 22, 10.0, 0.3, 0.296, 2.0, 3) [0.14749155120772217 0.0034072653556931377 0.006168241972005469] 10 4972.766956567764s
2022-05-24 21:07:00.404029 (1.0, 100000.0, 26, 10.0, 0.3, 0.307, 2.0, 3) [0.10829811738010435 0.0022304847160788616 0.014459270800405738] 10 10458.922461986542s
2022-05-24 21:54:32.530896 (1.0, 100000.0, 24, 10.0, 0.3, 0.284, 2.0, 3) [0.14860079763444484 0.0031499066041754883 0.003234309337916021] 10 7286.222160816193s
2022-05-24 22:00:59.560673 (1.0, 100000.0, 23, 10.0, 0.3, 0.271, 2.0, 3) [0.17696357083260503 0.004280648865014114 0.0011831441921466952] 10 8235.029843091965s
2022-05-24 22:17:18.907837 (1.0, 100000.0, 22, 10.0, 0.3, 0.296, 2.0, 3) [0.14565203732705984 0.003453213129293178 0.006676549735189698] 10 5025.039122581482s
2022-05-24 23:27:08.265152 (1.0, 100000.0, 25, 10.0, 0.3, 0.302, 2.0, 3) [0.11581981227076997 0.002701813817067978 0.01232775760642038] 10 9264.343400001526s
2022-05-24 23:40:42.715199 (1.0, 100000.0, 22, 10.0, 0.3, 0.296, 2.0, 3) [0.14132116554818963 0.002669490081517593 0.008056228713877879] 10 5003.791208267212s
2022-05-24 23:57:27.872708 (1.0, 100000.0, 24, 10.0, 0.3, 0.284, 2.0, 3) [0.1487463002526337 0.004021000504695274 0.0032102376196693305] 10 7375.30113196373s
2022-05-25 00:15:36.338167 (1.0, 100000.0, 26, 10.0, 0.3, 0.299, 2.0, 3) [0.11582003166448776 0.0028718041409769076 0.009791835087129773] 10 11253.705187559128s
2022-05-25 00:21:01.264154 (1.0, 100000.0, 23, 10.0, 0.3, 0.271, 2.0, 3) [0.17013675635890546 0.006782046251859152 0.001614724044909648] 10 8401.667828321457s
2022-05-25 01:03:00.724970 (1.0, 100000.0, 22, 10.0, 0.3, 0.296, 2.0, 3) [0.14280257615784275 0.0029782344194118474 0.007568274474688092] 10 4938.007187128067s
2022-05-25 02:01:15.916661 (1.0, 100000.0, 25, 10.0, 0.3, 0.302, 2.0, 3) [0.11740319286447838 0.003190849836847067 0.011390248170063653] 10 9247.63483428955s
2022-05-25 02:02:09.141164 (1.0, 100000.0, 24, 10.0, 0.3, 0.284, 2.0, 3) [0.14664329995160605 0.0029628052929114093 0.0035467742345450335] 10 7481.243901729584s
2022-05-25 02:25:52.199813 (1.0, 100000.0, 22, 10.0, 0.3, 0.296, 2.0, 3) [0.14469138111847 0.0030691196705658697 0.006965112357626657] 10 4971.468845129013s
2022-05-25 02:40:14.505981 (1.0, 100000.0, 23, 10.0, 0.3, 0.271, 2.0, 3) [0.17635633117971566 0.0030375956295926035 0.0012182519727719512] 10 8353.237015008926s
2022-05-25 03:40:55.586974 (1.0, 100000.0, 22, 10.0, 0.3, 0.299, 2.0, 3) [0.13890264950314432 0.004902180038121738 0.008958595892203184] 10 4496.183602333069s
2022-05-25 03:41:15.056739 (1.0, 100000.0, 26, 10.0, 0.3, 0.299, 2.0, 3) [0.11856631250059965 0.003180744388460701 0.008492464040302643] 10 12338.716459274292s
2022-05-25 04:07:23.799590 (1.0, 100000.0, 24, 10.0, 0.3, 0.284, 2.0, 3) [0.14818282152783213 0.0032019887489089464 0.003296890355848938] 10 7514.655489206314s
2022-05-25 04:35:42.160288 (1.0, 100000.0, 25, 10.0, 0.3, 0.302, 2.0, 3) [0.11929029176086242 0.0037457807678542604 0.010363120260974924] 10 9266.24118924141s
2022-05-25 04:59:24.283901 (1.0, 100000.0, 23, 10.0, 0.3, 0.271, 2.0, 3) [0.18066753546655634 0.0027932538615521 0.0009984321937764559] 10 8349.775346755981s
2022-05-25 05:04:53.214166 (1.0, 100000.0, 22, 10.0, 0.3, 0.299, 2.0, 3) [0.1411423185529094 0.0024598764231250772 0.008135383841341848] 10 5037.623894453049s
2022-05-25 06:16:05.433761 (1.0, 100000.0, 24, 10.0, 0.3, 0.284, 2.0, 3) [0.1504572741373548 0.0035467880106127975 0.0029669957513055616] 10 7721.62769818306s
2022-05-25 06:30:03.983355 (1.0, 100000.0, 22, 10.0, 0.3, 0.299, 2.0, 3) [0.14055423294323272 0.0025402864375862946 0.008343232746877658] 10 5110.765675783157s
2022-05-25 06:44:34.825936 (1.0, 100000.0, 26, 10.0, 0.3, 0.299, 2.0, 3) [0.11648234389375106 0.0031314278919510404 0.009464442340606208] 10 10999.766866445541s
2022-05-25 07:09:42.746811 (1.0, 100000.0, 25, 10.0, 0.3, 0.313, 2.0, 3) [0.10504229582249927 0.003821143195813272 0.021042998334278053] 10 9236.357014894485s
2022-05-25 07:23:31.664354 (1.0, 100000.0, 23, 10.0, 0.3, 0.307, 2.0, 3) [0.12304932546737184 0.0026363750267504164 0.014052139245572203] 10 8643.246711730957s
2022-05-25 07:54:02.719956 (1.0, 100000.0, 22, 10.0, 0.3, 0.299, 2.0, 3) [0.14025116657740885 0.0052863491690063975 0.00847061786624595] 10 5038.733045578003s
2022-05-25 08:17:53.811758 (1.0, 100000.0, 24, 10.0, 0.3, 0.296, 2.0, 3) [0.13065778704935097 0.0018441249874209696 0.007636536186062358] 10 7298.951928138733s
2022-05-25 09:23:44.072919 (1.0, 100000.0, 22, 10.0, 0.3, 0.299, 2.0, 3) [0.13911125441614747 0.004108276131703368 0.008877521156542948] 10 5381.349793434143s
2022-05-25 09:43:32.782992 (1.0, 100000.0, 25, 10.0, 0.3, 0.313, 2.0, 3) [0.10437091924897332 0.0029478352297620898 0.021771818754177774] 10 9230.033676624298s
2022-05-25 09:43:47.614334 (1.0, 100000.0, 23, 10.0, 0.3, 0.307, 2.0, 3) [0.1226384354939185 0.0042688863438783645 0.014323888791669522] 10 8415.947855949402s
2022-05-25 09:52:14.850623 (1.0, 100000.0, 26, 10.0, 0.3, 0.299, 2.0, 3) [0.11763200476387208 0.0023489354261786387 0.008924170026264354] 10 11260.02249622345s
2022-05-25 10:09:03.387467 (1.0, 100000.0, 24, 10.0, 0.3, 0.296, 2.0, 3) [0.1339933229584417 0.004102959732864365 0.006543859252178023] 10 6669.491883277893s
2022-05-25 10:46:58.891526 (1.0, 100000.0, 22, 10.0, 0.3, 0.299, 2.0, 3) [0.14641482967812863 0.0044569563686311766 0.0064814952913789725] 10 4994.8042023181915s
2022-05-25 11:57:40.153297 (1.0, 100000.0, 23, 10.0, 0.3, 0.307, 2.0, 3) [0.1228200828753274 0.0027390824262161144 0.014212723984952243] 10 8032.53272819519s
2022-05-25 12:00:05.351222 (1.0, 100000.0, 24, 10.0, 0.3, 0.296, 2.0, 3) [0.13140338823931394 0.005217629611587578 0.007411034205346417] 10 6661.948687791824s
2022-05-25 12:11:47.404653 (1.0, 100000.0, 22, 10.0, 0.3, 0.299, 2.0, 3) [0.13943129277944638 0.002126840757861035 0.008776470585552133] 10 5088.498359680176s
2022-05-25 12:18:57.357404 (1.0, 100000.0, 25, 10.0, 0.3, 0.313, 2.0, 3) [0.10482761592832388 0.0029355123356561643 0.02127247398270032] 10 9324.548112630844s
2022-05-25 12:51:56.657877 (1.0, 100000.0, 26, 10.0, 0.3, 0.299, 2.0, 3) [0.11626612604910881 0.0026800340198089656 0.009552384337000787] 10 10781.786143779755s
2022-05-25 13:35:45.313720 (1.0, 100000.0, 22, 10.0, 0.3, 0.299, 2.0, 3) [0.14224545621140902 0.0030482399688575358 0.007752859631340436] 10 5037.892893791199s
2022-05-25 13:49:29.988938 (1.0, 100000.0, 24, 10.0, 0.3, 0.296, 2.0, 3) [0.1333194079020734 0.0038580626784153085 0.006730540865408875] 10 6564.6152193546295s
2022-05-25 14:12:09.793894 (1.0, 100000.0, 23, 10.0, 0.3, 0.307, 2.0, 3) [0.12626577917341972 0.0028732453237466835 0.012177490377390842] 10 8069.620840787888s
2022-05-25 14:54:50.276282 (1.0, 100000.0, 25, 10.0, 0.3, 0.313, 2.0, 3) [0.10598392535332414 0.0026915700480182616 0.020123385623616177] 10 9352.899922132492s
2022-05-25 15:00:40.324654 (1.0, 100000.0, 22, 10.0, 0.3, 0.299, 2.0, 3) [0.14107336745333024 0.003643866722028465 0.00817468924103447] 10 5094.991327524185s
2022-05-25 15:42:11.201389 (1.0, 100000.0, 24, 10.0, 0.3, 0.296, 2.0, 3) [0.13089796273659546 0.004441308657202021 0.007553944050019979] 10 6761.20707821846s
2022-05-25 15:52:39.216294 (1.0, 100000.0, 26, 10.0, 0.3, 0.299, 2.0, 3) [0.1188525010297505 0.003953691386578311 0.008369732754835804] 10 10842.533966779709s
2022-05-25 16:24:55.581435 (1.0, 100000.0, 23, 10.0, 0.3, 0.307, 2.0, 3) [0.12186242731306621 0.0032305976819767637 0.01482446068965539] 10 7965.748512268066s
2022-05-25 16:25:45.652741 (1.0, 100000.0, 22, 10.0, 0.3, 0.299, 2.0, 3) [0.14282924802633998 0.0030731228000901553 0.007555489948590162] 10 5105.3126339912415s
2022-05-25 17:30:08.773545 (1.0, 100000.0, 25, 10.0, 0.3, 0.313, 2.0, 3) [0.10503706230793154 0.0033232670962856713 0.021129337076489375] 10 9318.455592632294s
2022-05-25 17:33:00.427565 (1.0, 100000.0, 24, 10.0, 0.3, 0.296, 2.0, 3) [0.13382444131918153 0.002230888437301973 0.006575817823394738] 10 6649.002166509628s
2022-05-25 17:54:20.050126 (1.0, 100000.0, 22, 10.0, 0.3, 0.293, 2.0, 3) [0.1474761735293501 0.0027505421219084746 0.006154994858054993] 10 5308.675599813461s
2022-05-25 18:39:52.472473 (1.0, 100000.0, 23, 10.0, 0.3, 0.307, 2.0, 3) [0.12700414142995953 0.0037139080357211553 0.011763142804922128] 10 8096.860011577606s
2022-05-25 19:01:46.784673 (1.0, 100000.0, 26, 10.0, 0.3, 0.299, 2.0, 3) [0.12045955877877856 0.0029868542412680296 0.007711801854952904] 10 11347.506939411163s
2022-05-25 19:24:05.580102 (1.0, 100000.0, 24, 10.0, 0.3, 0.296, 2.0, 3) [0.13314209173731506 0.0030842692082311348 0.006800962385700129] 10 6665.084471702576s
2022-05-25 19:52:51.072054 (1.0, 100000.0, 22, 10.0, 0.3, 0.293, 2.0, 3) [0.15353177045364733 0.003150216626381862 0.00472665308023435] 10 7110.9731528759s
2022-05-25 20:02:55.867470 (1.0, 100000.0, 25, 10.0, 0.3, 0.313, 2.0, 3) [0.1082735037745254 0.0032281113206548352 0.018022701322771433] 10 9167.029724359512s
2022-05-25 20:53:05.161324 (1.0, 100000.0, 23, 10.0, 0.3, 0.307, 2.0, 3) [0.12216132933041493 0.0029227853899385786 0.014615723809734126] 10 7992.635868310928s
2022-05-25 21:15:44.221927 (1.0, 100000.0, 24, 10.0, 0.3, 0.296, 2.0, 3) [0.1313597599621292 0.0037078810447663097 0.007383842681449778] 10 6698.596406459808s
2022-05-25 21:58:59.423357 (1.0, 100000.0, 26, 10.0, 0.3, 0.299, 2.0, 3) [0.11741161303127151 0.003221415962532839 0.009020139800496282] 10 10632.612139225006s
2022-05-25 22:14:02.309978 (1.0, 100000.0, 22, 10.0, 0.3, 0.293, 2.0, 3) [0.14878360651253061 0.00432485662986873 0.005815240728237291] 10 8471.1973528862s
2022-05-25 22:34:57.067001 (1.0, 100000.0, 25, 10.0, 0.3, 0.313, 2.0, 3) [0.1076938104293165 0.003042009210790531 0.018492966046855994] 10 9121.1687002182s
2022-05-25 23:02:22.147253 (1.0, 100000.0, 23, 10.0, 0.3, 0.307, 2.0, 3) [0.12279975935009003 0.003119588209263027 0.014258973349337093] 10 7756.941373825073s
2022-05-25 23:08:31.004895 (1.0, 100000.0, 24, 10.0, 0.3, 0.296, 2.0, 3) [0.13243434376878663 0.0038599921751847643 0.007032384893638128] 10 6766.703322649002s
2022-05-26 00:59:15.963146 (1.0, 100000.0, 26, 10.0, 0.3, 0.299, 2.0, 3) [0.1164512041055277 0.002814251722230268 0.009468676484316717] 10 10816.520634889603s
2022-05-26 01:00:19.551582 (1.0, 100000.0, 24, 10.0, 0.3, 0.296, 2.0, 3) [0.13509708449459312 0.002792601671759635 0.006208190111132487] 10 6708.523149728775s
2022-05-26 01:03:03.392493 (1.0, 100000.0, 22, 10.0, 0.3, 0.293, 2.0, 3) [0.1488017012724191 0.0025325113110050853 0.005818790625655965] 10 10141.045870065689s
2022-05-26 01:07:47.685275 (1.0, 100000.0, 25, 10.0, 0.3, 0.313, 2.0, 3) [0.10654421168896688 0.0033643886972461482 0.019581245420421025] 10 9170.583310365677s
2022-05-26 01:15:12.312829 (1.0, 100000.0, 23, 10.0, 0.3, 0.307, 2.0, 3) [0.1205977117462177 0.005674475786655399 0.01568653899665484] 10 7970.1463322639465s
2022-05-26 03:08:56.285745 (1.0, 100000.0, 24, 10.0, 0.3, 0.271, 2.0, 3) [0.16884097897518283 0.003415986783417595 0.0012259135207190572] 10 7712.646852970123s
2022-05-26 03:27:36.869029 (1.0, 100000.0, 23, 10.0, 0.3, 0.307, 2.0, 3) [0.12390396655060462 0.0025371383277814435 0.013529097132377712] 10 7944.54425573349s
2022-05-26 03:40:24.270336 (1.0, 100000.0, 25, 10.0, 0.3, 0.313, 2.0, 3) [0.10706422354169023 0.002247337939821193 0.019048506741688193] 10 9156.525742292404s
2022-05-26 03:50:54.073623 (1.0, 100000.0, 22, 10.0, 0.3, 0.293, 2.0, 3) [0.14790593368295335 0.0034609980085556448 0.006043988635804903] 10 10070.678574085236s
2022-05-26 03:57:01.152589 (1.0, 100000.0, 26, 10.0, 0.3, 0.299, 2.0, 3) [0.11629385563567059 0.0027377569058651373 0.009547248488523985] 10 10665.164843320847s
2022-05-26 05:10:23.249532 (1.0, 100000.0, 24, 10.0, 0.3, 0.271, 2.0, 3) [0.17273131175459222 0.0031463935365460987 0.0010172242719428464] 10 7286.942581892014s
2022-05-26 05:34:06.313703 (1.0, 100000.0, 23, 10.0, 0.3, 0.299, 2.0, 3) [0.13489328724531457 0.0033763607169648253 0.008172224754243779] 10 7583.369852542877s
2022-05-26 05:43:46.949297 (1.0, 100000.0, 22, 10.0, 0.3, 0.293, 2.0, 3) [0.14875546453132915 0.003635742334442595 0.005829897868510098] 10 6772.872608661652s
2022-05-26 06:12:36.980039 (1.0, 100000.0, 25, 10.0, 0.3, 0.313, 2.0, 3) [0.10526938661495366 0.006207519455322119 0.02083642551384062] 10 9132.706934690475s
2022-05-26 06:48:34.813487 (1.0, 100000.0, 26, 10.0, 0.3, 0.271, 2.0, 3) [0.15519741518632993 0.004482809650206606 0.0012635871518713324] 10 10289.875823259354s
2022-05-26 07:16:44.999276 (1.0, 100000.0, 24, 10.0, 0.3, 0.271, 2.0, 3) [0.17219618820562518 0.0036286688902879708 0.0010443662779018828] 10 7581.722706794739s
2022-05-26 07:25:44.620327 (1.0, 100000.0, 22, 10.0, 0.3, 0.293, 2.0, 3) [0.15029455062559796 0.0028119603513619544 0.005459674329020931] 10 6117.664939880371s
2022-05-26 07:44:45.818984 (1.0, 100000.0, 23, 10.0, 0.3, 0.299, 2.0, 3) [0.13239619421485105 0.0050014744408807535 0.009184343994225552] 10 7839.50289773941s
2022-05-26 08:36:05.351357 (1.0, 100000.0, 25, 10.0, 0.3, 0.323, 2.0, 3) [0.09647406177690591 0.00394683730498203 0.03224871259889714] 10 8602.975583076477s
2022-05-26 09:18:49.724009 (1.0, 100000.0, 24, 10.0, 0.3, 0.271, 2.0, 3) [0.16777152175683413 0.005274865170471732 0.0012892003807437524] 10 7324.704793453217s
2022-05-26 09:20:10.968979 (1.0, 100000.0, 22, 10.0, 0.3, 0.293, 2.0, 3) [0.14969173836385358 0.0036934978752566757 0.005602433620514558] 10 6866.345607280731s
2022-05-26 09:40:34.893171 (1.0, 100000.0, 26, 10.0, 0.3, 0.271, 2.0, 3) [0.15661108212243796 0.006644867219918538 0.0011766238102011745] 10 10320.077517747879s
2022-05-26 09:55:43.172197 (1.0, 100000.0, 23, 10.0, 0.3, 0.299, 2.0, 3) [0.13460848218054497 0.00363291407292033 0.008278510539126304] 10 7857.350909471512s
2022-05-26 11:07:38.926715 (1.0, 100000.0, 25, 10.0, 0.3, 0.323, 2.0, 3) [0.09715839276808476 0.0028403829201657823 0.03132204588918927] 10 9093.560277223587s
2022-05-26 11:17:54.841809 (1.0, 100000.0, 24, 10.0, 0.3, 0.271, 2.0, 3) [0.17203880238996846 0.00296376106400643 0.0010544912505390269] 10 7145.090809583664s
2022-05-26 11:54:09.493267 (1.0, 100000.0, 22, 10.0, 0.3, 0.293, 2.0, 3) [0.14828399460978423 0.0036940617844378595 0.005950204799107587] 10 9238.513699054718s
2022-05-26 12:51:33.874937 (1.0, 100000.0, 26, 10.0, 0.3, 0.271, 2.0, 3) [0.1593470682410924 0.004289530352884924 0.0010201732333654167] 10 11458.935449123383s
2022-05-26 12:52:39.314858 (1.0, 100000.0, 23, 10.0, 0.3, 0.299, 2.0, 3) [0.13301885873465524 0.003929952774209476 0.00890461067435877] 10 10616.140536785126s
2022-05-26 13:17:14.375985 (1.0, 100000.0, 24, 10.0, 0.3, 0.271, 2.0, 3) [0.17051649702016938 0.003885680917252257 0.0011343099817761391] 10 7159.505912780762s
2022-05-26 13:30:49.850057 (1.0, 100000.0, 22, 10.0, 0.3, 0.293, 2.0, 3) [0.15073414747557426 0.004108325726657266 0.005353254055317114] 10 5800.329005479813s
2022-05-26 13:39:18.870393 (1.0, 100000.0, 25, 10.0, 0.3, 0.323, 2.0, 3) [0.09199794768195145 0.0035589493382813253 0.040110687930984205] 10 9099.928208827972s
2022-05-26 14:58:45.319945 (1.0, 100000.0, 23, 10.0, 0.3, 0.299, 2.0, 3) [0.1358804224453184 0.0031008508500347614 0.007818972544119316] 10 7566.003066062927s
2022-05-26 15:16:27.207462 (1.0, 100000.0, 24, 10.0, 0.3, 0.271, 2.0, 3) [0.16850316468111665 0.002718164343747506 0.0012440989818294093] 10 7152.802175521851s
2022-05-26 15:18:44.640157 (1.0, 100000.0, 22, 10.0, 0.3, 0.302, 2.0, 3) [0.13799036277017668 0.002743330495215737 0.009359933209155687] 10 6468.970755815506s
2022-05-26 15:47:38.534922 (1.0, 100000.0, 26, 10.0, 0.3, 0.271, 2.0, 3) [0.15944099997112113 0.0038280241950162577 0.0010176677234085764] 10 10564.639919996262s
2022-05-26 16:10:26.711401 (1.0, 100000.0, 25, 10.0, 0.3, 0.323, 2.0, 3) [0.09589598201431847 0.002650312294757933 0.03319970810744528] 10 9067.567490816116s
2022-05-26 16:57:45.308058 (1.0, 100000.0, 22, 10.0, 0.3, 0.302, 2.0, 3) [0.1377538650646852 0.002710775478725606 0.009446505226189316] 10 5940.6615562438965s
2022-05-26 17:02:20.038773 (1.0, 100000.0, 23, 10.0, 0.3, 0.299, 2.0, 3) [0.134238149943271 0.0034807542996430564 0.00841015317256226] 10 7414.694600343704s
2022-05-26 17:17:32.887828 (1.0, 100000.0, 24, 10.0, 0.3, 0.271, 2.0, 3) [0.17126961563313692 0.0025485546888156995 0.0010911006551705942] 10 7265.6612713336945s
2022-05-26 18:38:00.307794 (1.0, 100000.0, 25, 10.0, 0.3, 0.323, 2.0, 3) [0.09242501031925288 0.004085039146003614 0.039261495688884915] 10 8853.57715344429s
2022-05-26 18:50:03.277911 (1.0, 100000.0, 26, 10.0, 0.3, 0.271, 2.0, 3) [0.1597061848953862 0.0028416105986581795 0.0010046502835000728] 10 10944.723134040833s
2022-05-26 19:10:29.746989 (1.0, 100000.0, 23, 10.0, 0.3, 0.299, 2.0, 3) [0.13477883399770552 0.003936111735922863 0.00822824696712336] 10 7689.702855348587s
2022-05-26 19:15:24.375454 (1.0, 100000.0, 24, 10.0, 0.3, 0.271, 2.0, 3) [0.1710976056289212 0.003048010410893713 0.0011023222729819133] 10 7071.438542604446s
2022-05-26 19:21:18.616834 (1.0, 100000.0, 22, 10.0, 0.3, 0.302, 2.0, 3) [0.13725043573028228 0.0020981351167599924 0.00963337865164122] 10 8613.27400302887s
2022-05-26 20:58:12.468811 (1.0, 100000.0, 22, 10.0, 0.3, 0.302, 2.0, 3) [0.13707279854232154 0.0031143302997777614 0.00974125967331512] 10 5813.839766263962s
2022-05-26 21:07:17.272237 (1.0, 100000.0, 25, 10.0, 0.3, 0.323, 2.0, 3) [0.09372353631307241 0.002217712655153079 0.036831986085327006] 10 8956.918998241425s
2022-05-26 21:10:44.970398 (1.0, 100000.0, 24, 10.0, 0.3, 0.271, 2.0, 3) [0.1693886334467068 0.004548817310703046 0.0011937862887949724] 10 6920.586945056915s
2022-05-26 22:07:49.322815 (1.0, 100000.0, 23, 10.0, 0.3, 0.299, 2.0, 3) [0.13385001157561235 0.0023822636427678965 0.008565606947669353] 10 10639.553521871567s
2022-05-26 22:31:16.874737 (1.0, 100000.0, 26, 10.0, 0.3, 0.271, 2.0, 3) [0.15907394683064108 0.004587461627235704 0.0010361606549975297] 10 13273.569821596146s
2022-05-26 22:42:54.306911 (1.0, 100000.0, 22, 10.0, 0.3, 0.302, 2.0, 3) [0.13898678708997508 0.0033052085327616772 0.008948199075558626] 10 6281.815522670746s
2022-05-26 23:04:01.724957 (1.0, 100000.0, 24, 10.0, 0.3, 0.307, 2.0, 3) [0.11467643418196016 0.003569464494117343 0.01637014301457035] 10 6792.512178659439s
2022-05-26 23:38:49.720480 (1.0, 100000.0, 25, 10.0, 0.3, 0.323, 2.0, 3) [0.09718070739988975 0.002736333415233368 0.03119631143927681] 10 9092.287555217743s
2022-05-27 00:18:45.284068 (1.0, 100000.0, 23, 10.0, 0.3, 0.299, 2.0, 3) [0.13364459372525053 0.004467627716197046 0.008661811924703973] 10 7855.940796375275s
2022-05-27 01:01:10.872526 (1.0, 100000.0, 22, 10.0, 0.3, 0.302, 2.0, 3) [0.13886077760007678 0.004353675103839472 0.009006719955338352] 10 8296.530312538147s
2022-05-27 01:26:44.189321 (1.0, 100000.0, 26, 10.0, 0.3, 0.271, 2.0, 3) [0.15683850384062759 0.004344929551799654 0.0011647369613814948] 10 10527.295451879501s
2022-05-27 02:10:10.907124 (1.0, 100000.0, 24, 10.0, 0.3, 0.307, 2.0, 3) [0.12023637474408347 0.0038419592672647032 0.012608078834203278] 10 11169.160542726517s
2022-05-27 02:10:23.518966 (1.0, 100000.0, 25, 10.0, 0.3, 0.323, 2.0, 3) [0.09591043564921144 0.0034397852816069542 0.033182763315107375] 10 9093.775354862213s
2022-05-27 02:50:22.631610 (1.0, 100000.0, 23, 10.0, 0.3, 0.299, 2.0, 3) [0.136152750890003 0.0038417610238208216 0.007719754296501941] 10 9097.321775436401s
2022-05-27 04:27:50.412818 (1.0, 100000.0, 26, 10.0, 0.3, 0.271, 2.0, 3) [0.15747081653622896 0.0024072144440172114 0.001126160476323802] 10 10866.196652889252s
2022-05-27 04:46:19.019464 (1.0, 100000.0, 25, 10.0, 0.3, 0.323, 2.0, 3) [0.09544600056194871 0.002034676713020648 0.03394133567449083] 10 9355.498221874237s
2022-05-27 05:26:16.246814 (1.0, 100000.0, 23, 10.0, 0.3, 0.296, 2.0, 3) [0.13662121879745887 0.004203942167666493 0.007547271365564863] 10 9345.667501211166s
2022-05-27 05:55:41.328262 (1.0, 100000.0, 22, 10.0, 0.3, 0.302, 2.0, 3) [0.13611661518537035 0.0033468784210548786 0.010142249117063873] 10 17670.43795323372s
2022-05-27 06:32:23.907192 (1.0, 100000.0, 24, 10.0, 0.3, 0.307, 2.0, 3) [0.11666655102459131 0.0023085514578585443 0.01489748884086022] 10 15732.997329950333s
2022-05-27 07:21:24.071706 (1.0, 100000.0, 25, 10.0, 0.3, 0.323, 2.0, 3) [0.09402620113490046 0.0029556586486127576 0.03639717373281568] 10 9305.049676895142s
2022-05-27 08:34:38.600352 (1.0, 100000.0, 23, 10.0, 0.3, 0.296, 2.0, 3) [0.13702601226065517 0.0028236252457519806 0.007413607679748009] 10 11302.351374864578s
2022-05-27 08:53:01.995147 (1.0, 100000.0, 26, 10.0, 0.3, 0.271, 2.0, 3) [0.15803746581520484 0.004078327256377984 0.0010919301328920204] 10 15911.580002784729s
2022-05-27 09:16:55.630272 (1.0, 100000.0, 22, 10.0, 0.3, 0.302, 2.0, 3) [0.1356144213049482 0.0028198714138897565 0.010366960865004647] 10 12074.298673152924s
2022-05-27 09:29:26.235616 (1.0, 100000.0, 24, 10.0, 0.3, 0.307, 2.0, 3) [0.11508513208340612 0.0033782562842279706 0.016071360093944418] 10 10622.325680017471s
2022-05-27 09:59:56.564187 (1.0, 100000.0, 25, 10.0, 0.3, 0.307, 2.0, 3) [0.11640984363362526 0.003074430925069959 0.012009946547578875] 10 9502.498618841171s
2022-05-27 11:59:07.673267 (1.0, 100000.0, 26, 10.0, 0.3, 0.271, 2.0, 3) [0.16006287715133877 0.0028440603352394927 0.0009833288891368376] 10 11165.670443058014s
2022-05-27 12:33:36.883436 (1.0, 100000.0, 25, 10.0, 0.3, 0.307, 2.0, 3) [0.1144332191688325 0.0032211530393476827 0.013236011793549989] 10 9220.295520544052s
2022-05-27 13:31:57.483641 (1.0, 100000.0, 22, 10.0, 0.3, 0.302, 2.0, 3) [0.14084324729941203 0.004333462729554776 0.008283415986489314] 10 15301.824242591858s
2022-05-27 14:19:23.296469 (1.0, 100000.0, 24, 10.0, 0.3, 0.307, 2.0, 3) [0.11830379060328966 0.0024249244962203597 0.013813278409120049] 10 17397.043689727783s
2022-05-27 15:00:49.937570 (1.0, 100000.0, 25, 10.0, 0.3, 0.307, 2.0, 3) [0.10880228092526534 0.0032946487103755278 0.017430005813720062] 10 8833.030420303345s
2022-05-27 15:07:25.085097 (1.0, 100000.0, 26, 10.0, 0.3, 0.293, 2.0, 3) [0.12495606272800797 0.005021180441199152 0.006092898319607106] 10 11285.080772399902s
2022-05-27 16:17:00.611923 (1.0, 100000.0, 22, 10.0, 0.3, 0.302, 2.0, 3) [0.1384838875293464 0.004936394196756554 0.009153068337217796] 10 9903.09724521637s
2022-05-27 17:28:43.467717 (1.0, 100000.0, 23, 10.0, 0.3, 0.296, 2.0, 3) [0.13658808391671662 0.00314500900449085 0.007562737267214829] 10 32044.864255428314s
2022-05-27 17:42:12.464965 (1.0, 100000.0, 25, 10.0, 0.3, 0.307, 2.0, 3) [0.1139083895513717 0.002996962119606065 0.013571964730539158] 10 9682.487843036652s
2022-05-27 18:16:42.475180 (1.0, 100000.0, 26, 10.0, 0.3, 0.293, 2.0, 3) [0.12410740071612963 0.0023808242705616015 0.006369247922089778] 10 11357.388268470764s
2022-05-27 20:20:39.682315 (1.0, 100000.0, 22, 10.0, 0.3, 0.304, 2.0, 3) [0.13443115131353578 0.0019169442241891595 0.010923187787572676] 10 14614.62483215332s
2022-05-27 21:03:48.837466 (1.0, 100000.0, 25, 10.0, 0.3, 0.307, 2.0, 3) [0.1114590011739173 0.002612091234159577 0.015320622197325266] 10 12096.370089292526s
2022-05-27 21:27:38.057094 (1.0, 100000.0, 26, 10.0, 0.3, 0.293, 2.0, 3) [0.1267493437994374 0.0041723589176417145 0.005557430891855858] 10 11455.55941271782s
2022-05-27 22:47:25.142584 (1.0, 100000.0, 22, 10.0, 0.3, 0.304, 2.0, 3) [0.13620820714118348 0.0034500232317464185 0.01012730603508971] 10 8805.340392827988s
2022-05-27 23:13:45.446590 (1.0, 100000.0, 23, 10.0, 0.3, 0.296, 2.0, 3) [0.13431002205908513 0.005296478006768239 0.00837292306800198] 10 20701.921992063522s
2022-05-28 00:34:50.501858 (1.0, 100000.0, 25, 10.0, 0.3, 0.307, 2.0, 3) [0.11168660180418101 0.0018426469753140976 0.01514369368685281] 10 12661.645743370056s
2022-05-28 00:36:34.076072 (1.0, 100000.0, 26, 10.0, 0.3, 0.293, 2.0, 3) [0.12464277096281277 0.002161256600621856 0.0061838267752237115] 10 11335.990595340729s
2022-05-28 01:57:57.597025 (1.0, 100000.0, 23, 10.0, 0.3, 0.296, 2.0, 3) [0.14113367870651167 0.002447741485254677 0.006154259483039156] 10 9852.122103452682s
2022-05-28 03:44:50.500504 (1.0, 100000.0, 26, 10.0, 0.3, 0.293, 2.0, 3) [0.12641000033995337 0.003897297610938179 0.005678095817159943] 10 11296.422401428223s
2022-05-28 04:06:26.147450 (1.0, 100000.0, 25, 10.0, 0.3, 0.307, 2.0, 3) [0.11228101292908005 0.002941598328397987 0.014729556309176653] 10 12695.574654340744s
2022-05-28 04:45:10.123422 (1.0, 100000.0, 23, 10.0, 0.3, 0.296, 2.0, 3) [0.13978675118363143 0.0024134380571571765 0.006530876283523827] 10 10032.49495100975s
2022-05-28 06:42:25.843767 (1.0, 100000.0, 25, 10.0, 0.3, 0.307, 2.0, 3) [0.11338308342828018 0.0021053943177006696 0.013925652133406125] 10 9359.694060087204s
2022-05-28 06:57:11.617767 (1.0, 100000.0, 26, 10.0, 0.3, 0.293, 2.0, 3) [0.12819687065706795 0.0026804981223997933 0.005161265652401735] 10 11541.115042448044s
2022-05-28 06:57:49.091533 (1.0, 100000.0, 22, 10.0, 0.3, 0.304, 2.0, 3) [0.1365350894312308 0.002749177825748184 0.009981566607174704] 10 29423.882606506348s
2022-05-28 07:33:35.751862 (1.0, 100000.0, 23, 10.0, 0.3, 0.296, 2.0, 3) [0.13941373807773735 0.004343166416287556 0.006655512994094185] 10 10105.6246676445s
2022-05-28 09:07:55.551777 (1.0, 100000.0, 25, 10.0, 0.3, 0.307, 2.0, 3) [0.11353818226096146 0.003101491330587098 0.013847256248601657] 10 8729.705516815186s
2022-05-28 10:08:06.389171 (1.0, 100000.0, 26, 10.0, 0.3, 0.293, 2.0, 3) [0.12547463105889725 0.0023200619382924086 0.005932550494798907] 10 11454.768889665604s
2022-05-28 10:30:23.715008 (1.0, 100000.0, 23, 10.0, 0.3, 0.296, 2.0, 3) [0.14007488040766583 0.0030116944142174113 0.006449993038877457] 10 10607.959959745407s
2022-05-28 11:41:24.838772 (1.0, 100000.0, 25, 10.0, 0.3, 0.307, 2.0, 3) [0.11418353528840516 0.0031640921312961075 0.013407737422585796] 10 9209.279619693756s
2022-05-28 13:15:34.921904 (1.0, 100000.0, 26, 10.0, 0.3, 0.293, 2.0, 3) [0.12390737434703315 0.0028143316408539183 0.0064307277235906325] 10 11248.530575275421s
2022-05-28 13:24:58.511517 (1.0, 100000.0, 23, 10.0, 0.3, 0.296, 2.0, 3) [0.1372371511205831 0.003304059618380736 0.007326689851694722] 10 10474.793812990189s
2022-05-28 13:57:53.495467 (1.0, 100000.0, 22, 10.0, 0.3, 0.304, 2.0, 3) [0.13569219764393264 0.00361361571556355 0.010356696953598457] 10 25204.401379585266s
2022-05-28 14:11:48.519405 (1.0, 100000.0, 24, 10.0, 0.3, 0.307, 2.0, 3) [0.11899256536047133 0.005498313332835395 0.013365378848769682] 10 85945.17971539497s
2022-05-28 16:18:45.028611 (1.0, 100000.0, 23, 10.0, 0.3, 0.296, 2.0, 3) [0.14251934323823226 0.00315673683931128 0.005767599524282756] 10 10426.5136551857s
2022-05-28 16:24:58.665409 (1.0, 100000.0, 26, 10.0, 0.3, 0.293, 2.0, 3) [0.12590437797040835 0.0031033978015846254 0.005811149504605062] 10 11363.741477489471s
2022-05-28 16:54:21.881010 (1.0, 100000.0, 24, 10.0, 0.3, 0.307, 2.0, 3) [0.11878911626648919 0.006052719403933198 0.013542446930217455] 10 9753.357948064804s
2022-05-28 17:29:56.750274 (1.0, 100000.0, 22, 10.0, 0.3, 0.304, 2.0, 3) [0.13335541936261885 0.004126060066550285 0.011448898332720035] 10 12723.251685142517s
2022-05-28 18:41:08.029803 (1.0, 100000.0, 23, 10.0, 0.3, 0.313, 2.0, 3) [0.11595151113735284 0.002994728280976635 0.019500558040025512] 10 8538.265825986862s
2022-05-28 19:07:20.142612 (1.0, 100000.0, 24, 10.0, 0.3, 0.307, 2.0, 3) [0.1172578745034084 0.0032411833353742283 0.014517943869268368] 10 7978.257832765579s
2022-05-28 19:33:20.754410 (1.0, 100000.0, 26, 10.0, 0.3, 0.293, 2.0, 3) [0.12634628456843586 0.002783609676729803 0.005675583495490771] 10 11302.086874246597s
2022-05-28 21:45:41.585274 (1.0, 100000.0, 22, 10.0, 0.3, 0.304, 2.0, 3) [0.1342978485782609 0.005659388077320736 0.011000143487816796] 10 15344.830241680145s
2022-05-28 21:54:11.684364 (1.0, 100000.0, 23, 10.0, 0.3, 0.313, 2.0, 3) [0.1164399380945283 0.003485509575149808 0.01905889576665032] 10 11583.648245334625s
2022-05-28 22:34:18.528749 (1.0, 100000.0, 26, 10.0, 0.3, 0.323, 2.0, 3) [0.08921273679374277 0.0028067621844530774 0.0385887594974363] 10 10851.267080545425s
2022-05-29 00:46:37.729754 (1.0, 100000.0, 23, 10.0, 0.3, 0.313, 2.0, 3) [0.11302109072530357 0.004453790181369487 0.022160005507761916] 10 10346.035639047623s
2022-05-29 01:33:48.141587 (1.0, 100000.0, 26, 10.0, 0.3, 0.323, 2.0, 3) [0.08657581005773295 0.004194753203865508 0.044132891259571067] 10 10769.611080169678s
2022-05-29 03:32:57.029083 (1.0, 100000.0, 23, 10.0, 0.3, 0.313, 2.0, 3) [0.11827104471635173 0.004674372711085863 0.017477699289633233] 10 9979.296131849289s
2022-05-29 04:33:24.537555 (1.0, 100000.0, 26, 10.0, 0.3, 0.323, 2.0, 3) [0.0906475856134794 0.0029746252855798318 0.03591728089194628] 10 10776.39378452301s
2022-05-29 05:16:48.515404 (1.0, 100000.0, 22, 10.0, 0.3, 0.304, 2.0, 3) [0.13304628854562844 0.003529311283144899 0.011597100304038979] 10 27066.927347183228s
2022-05-29 06:00:51.987521 (1.0, 100000.0, 23, 10.0, 0.3, 0.313, 2.0, 3) [0.11873286725426874 0.003128317208176692 0.01715731733139347] 10 8874.955845832825s
2022-05-29 07:28:20.811927 (1.0, 100000.0, 26, 10.0, 0.3, 0.323, 2.0, 3) [0.0913572094416406 0.0034032239638800373 0.03465063399445753] 10 10496.272418737411s
2022-05-29 08:29:38.244666 (1.0, 100000.0, 23, 10.0, 0.3, 0.313, 2.0, 3) [0.11407255297873233 0.0024279577578020595 0.021195708346547285] 10 8926.254210710526s
2022-05-29 09:05:56.683527 (1.0, 100000.0, 22, 10.0, 0.3, 0.304, 2.0, 3) [0.13052831688090358 0.004907916653293452 0.01292431867151312] 10 13748.164862632751s
2022-05-29 10:20:16.917598 (1.0, 100000.0, 26, 10.0, 0.3, 0.323, 2.0, 3) [0.09125997015959829 0.0023951924830828124 0.03485082321325709] 10 10316.103127479553s
2022-05-29 11:11:11.292829 (1.0, 100000.0, 22, 10.0, 0.3, 0.304, 2.0, 3) [0.13297545666288738 0.003846225531186161 0.011612251762355507] 10 7514.604761362076s
2022-05-29 11:20:26.873681 (1.0, 100000.0, 23, 10.0, 0.3, 0.313, 2.0, 3) [0.115267000584236 0.00478143218773022 0.02008591421697349] 10 10248.625729322433s
2022-05-29 12:47:03.934585 (1.0, 100000.0, 24, 10.0, 0.3, 0.307, 2.0, 3) [0.1195343116323596 0.006438427599291716 0.013024286791235776] 10 63583.78864693642s
2022-05-29 13:11:34.125717 (1.0, 100000.0, 26, 10.0, 0.3, 0.323, 2.0, 3) [0.08926010015315193 0.003924250305883519 0.03853994680239839] 10 10277.205619335175s
2022-05-29 13:20:01.331662 (1.0, 100000.0, 22, 10.0, 0.3, 0.304, 2.0, 3) [0.13143103113348756 0.003945970680902016 0.012453828097747246] 10 7730.03591299057s
2022-05-29 14:08:53.074438 (1.0, 100000.0, 23, 10.0, 0.3, 0.313, 2.0, 3) [0.11642867076359048 0.0026035507493064954 0.019004808481858666] 10 10106.192509889603s
2022-05-29 14:57:33.021673 (1.0, 100000.0, 22, 10.0, 0.3, 0.323, 2.0, 3) [0.11135376396655718 0.0038099321668693046 0.02990348383913633] 10 5676.091547966003s
2022-05-29 16:05:29.112096 (1.0, 100000.0, 26, 10.0, 0.3, 0.323, 2.0, 3) [0.0884720002631173 0.0033698867381702973 0.04005035060261128] 10 10434.98380279541s
2022-05-29 16:24:39.581515 (1.0, 100000.0, 22, 10.0, 0.3, 0.323, 2.0, 3) [0.11056706254985871 0.0029885277315473656 0.03095962761990003] 10 5226.557475805283s
2022-05-29 17:08:40.043589 (1.0, 100000.0, 24, 10.0, 0.3, 0.307, 2.0, 3) [0.11935956314663526 0.003163956174718129 0.013173214810945794] 10 15696.10020518303s
2022-05-29 17:21:50.411594 (1.0, 100000.0, 23, 10.0, 0.3, 0.313, 2.0, 3) [0.11650749073313635 0.005633288317079644 0.018965190179757153] 10 11577.2850086689s
2022-05-29 18:04:19.115788 (1.0, 100000.0, 22, 10.0, 0.3, 0.323, 2.0, 3) [0.11210771548113162 0.0038690947429025017 0.02899034302628506] 10 5979.531056880951s
2022-05-29 18:54:03.058295 (1.0, 100000.0, 26, 10.0, 0.3, 0.323, 2.0, 3) [0.0886431040366514 0.0016845226393115813 0.03974057738919429] 10 10113.94367814064s
2022-05-29 19:33:27.960192 (1.0, 100000.0, 22, 10.0, 0.3, 0.323, 2.0, 3) [0.11151993156517222 0.003923099740856554 0.02980622811186152] 10 5348.840676307678s
2022-05-29 20:39:51.843552 (1.0, 100000.0, 23, 10.0, 0.3, 0.313, 2.0, 3) [0.12012478218165974 0.0020591469141909018 0.01612744193096375] 10 11881.428730010986s
2022-05-29 21:02:07.131205 (1.0, 100000.0, 22, 10.0, 0.3, 0.323, 2.0, 3) [0.11094674218656624 0.002215860319941047 0.030461388382840557] 10 5319.168080806732s
2022-05-29 21:55:20.727058 (1.0, 100000.0, 26, 10.0, 0.3, 0.323, 2.0, 3) [0.08864609235863405 0.003451856410956492 0.039864233112733634] 10 10877.666423559189s
2022-05-29 21:55:38.732161 (1.0, 100000.0, 24, 10.0, 0.3, 0.302, 2.0, 3) [0.1263077353481229 0.0029782485273993626 0.009422594826042007] 10 17214.60538959503s
2022-05-29 22:39:31.244468 (1.0, 100000.0, 22, 10.0, 0.3, 0.323, 2.0, 3) [0.11264673736061345 0.00619063122065368 0.028386491782237643] 10 5844.109654664993s
2022-05-29 23:46:52.364854 (1.0, 100000.0, 23, 10.0, 0.3, 0.304, 2.0, 3) [0.12464337996716895 0.0029082626510463405 0.013031084524664806] 10 11214.390018939972s
2022-05-30 00:25:41.051732 (1.0, 100000.0, 22, 10.0, 0.3, 0.323, 2.0, 3) [0.11050863101738372 0.002109685296769983 0.03108661153247532] 10 6369.804291009903s
2022-05-30 00:49:12.369490 (1.0, 100000.0, 26, 10.0, 0.3, 0.323, 2.0, 3) [0.08963797412057149 0.0037316848546158723 0.03780811330980632] 10 10431.639834880829s
2022-05-30 02:02:40.951277 (1.0, 100000.0, 22, 10.0, 0.3, 0.323, 2.0, 3) [0.11066008115352702 0.004299187554744237 0.03094808129696355] 10 5819.895005226135s
2022-05-30 02:52:14.040510 (1.0, 100000.0, 24, 10.0, 0.3, 0.302, 2.0, 3) [0.12506070810512301 0.003539593083539836 0.009986589435134516] 10 17795.305943489075s
2022-05-30 03:46:10.007325 (1.0, 100000.0, 22, 10.0, 0.3, 0.323, 2.0, 3) [0.1134209560023334 0.0029812124265349185 0.027432996267224872] 10 6209.052857160568s
2022-05-30 03:49:13.417298 (1.0, 100000.0, 26, 10.0, 0.3, 0.284, 2.0, 3) [0.1381449344873029 0.002508556328064829 0.0030747439304233677] 10 10798.032109498978s
2022-05-30 05:30:11.998675 (1.0, 100000.0, 22, 10.0, 0.3, 0.323, 2.0, 3) [0.11414061735280279 0.00212183387648691 0.026592671642073903] 10 6241.988691329956s
2022-05-30 06:38:12.670856 (1.0, 100000.0, 26, 10.0, 0.3, 0.284, 2.0, 3) [0.13817269190606346 0.0036026618693157913 0.0030717810318182373] 10 10139.251519441605s
2022-05-30 07:42:42.891817 (1.0, 100000.0, 24, 10.0, 0.3, 0.302, 2.0, 3) [0.1263483154405733 0.003999665970527429 0.00942213669427624] 10 17428.8481862545s
2022-05-30 09:36:23.206493 (1.0, 100000.0, 26, 10.0, 0.3, 0.284, 2.0, 3) [0.1380710815968419 0.0059723746432608716 0.003084238947072629] 10 10690.532793998718s
2022-05-30 09:59:09.617947 (1.0, 100000.0, 23, 10.0, 0.3, 0.304, 2.0, 3) [0.13122130885143532 0.004804829728880349 0.009715681373390411] 10 36737.25036215782s
2022-05-30 12:23:53.903240 (1.0, 100000.0, 26, 10.0, 0.3, 0.284, 2.0, 3) [0.139349841291631 0.003648648567657185 0.002881998191257667] 10 10050.679656982422s
2022-05-30 13:50:51.390633 (1.0, 100000.0, 24, 10.0, 0.3, 0.302, 2.0, 3) [0.12213756438972939 0.003839743361523637 0.011488749657507322] 10 22088.495402812958s
2022-05-30 17:00:16.023032 (1.0, 100000.0, 24, 10.0, 0.3, 0.302, 2.0, 3) [0.12566769723041984 0.0037671909569631456 0.009718948525841882] 10 11364.599478006363s
2022-05-30 17:14:26.064759 (1.0, 100000.0, 26, 10.0, 0.3, 0.284, 2.0, 3) [0.13791295080625526 0.004265962055032276 0.003110887937105517] 10 17432.159160375595s
2022-05-30 19:16:14.926272 (1.0, 100000.0, 23, 10.0, 0.3, 0.304, 2.0, 3) [0.12506414264766272 0.0030960676847530174 0.012784615208444757] 10 33425.30306482315s
2022-05-30 19:41:15.173770 (1.0, 100000.0, 24, 10.0, 0.3, 0.302, 2.0, 3) [0.1231918130670577 0.002621144375584889 0.010923152881465536] 10 9658.982169151306s
2022-05-30 20:04:40.207949 (1.0, 100000.0, 26, 10.0, 0.3, 0.284, 2.0, 3) [0.13574518074837197 0.0031730078195743813 0.0034808155341886993] 10 10214.14081287384s
2022-05-30 22:52:53.934955 (1.0, 100000.0, 26, 10.0, 0.3, 0.284, 2.0, 3) [0.13804164848682732 0.002938614946418014 0.003084632440682694] 10 10093.724493980408s
2022-05-30 23:14:36.437849 (1.0, 100000.0, 24, 10.0, 0.3, 0.302, 2.0, 3) [0.12124018469246432 0.001924603497145865 0.011984589770668689] 10 12801.232349395752s
