2022-04-14 21:58:35.727924 (1.0, 100000.0, 16, 10.0, 0.3, 0.292, 2.0, 3) [0.20529232318476612 0.004350976948878657 0.005718421488920194] 3 1968.4047825336456s
2022-04-14 22:12:23.605383 (1.0, 100000.0, 17, 10.0, 0.3, 0.299, 2.0, 3) [0.1865858246746011 0.0032500477698978168 0.0071733617001185305] 3 2795.82009601593s
2022-04-14 22:29:49.923138 (1.0, 100000.0, 16, 10.0, 0.3, 0.292, 2.0, 3) [0.2048525020362905 0.00441673819754974 0.005790288331132527] 3 1874.1925399303436s
2022-04-14 22:51:09.439039 (1.0, 100000.0, 17, 10.0, 0.3, 0.299, 2.0, 3) [0.1814061657537906 0.0035463567661426056 0.008520766783382509] 3 2325.8314390182495s
2022-04-14 23:01:01.259703 (1.0, 100000.0, 16, 10.0, 0.3, 0.292, 2.0, 3) [0.20424787430147268 0.0050145723601132276 0.005908914515039334] 3 1871.333976984024s
2022-04-14 23:06:22.436544 (1.0, 100000.0, 18, 10.0, 0.3, 0.307, 2.0, 3) [0.16517151619104334 0.0035540035567790855 0.010640221941897496] 3 6034.647574901581s
2022-04-14 23:28:46.315848 (1.0, 100000.0, 17, 10.0, 0.3, 0.299, 2.0, 3) [0.17687097723392275 0.004823515006526997 0.009910698296138932] 3 2256.874193906784s
2022-04-14 23:36:35.893225 (1.0, 100000.0, 19, 10.0, 0.3, 0.307, 2.0, 3) [0.15423569297670944 0.003421091932294107 0.011550751454781395] 3 7848.08814406395s
2022-04-14 23:46:40.475997 (1.0, 100000.0, 20, 10.0, 0.3, 0.285, 2.0, 3) [0.17414684486352597 0.0036585806177901674 0.0038300088298316493] 3 8452.856562376022s
2022-04-15 00:08:24.459278 (1.0, 100000.0, 17, 10.0, 0.3, 0.319, 2.0, 3) [0.15500305327577377 0.003016782212655134 0.020813891246422783] 3 2374.506339073181s
2022-04-15 00:19:16.144244 (1.0, 100000.0, 18, 10.0, 0.3, 0.307, 2.0, 3) [0.16584449588456504 0.0045540826609770865 0.010384468584050748] 3 4373.705232858658s
2022-04-15 00:37:30.911098 (1.0, 100000.0, 16, 10.0, 0.3, 0.297, 2.0, 3) [0.19502620792502148 0.004125290468568301 0.007911543866591935] 3 5785.094572067261s
2022-04-15 00:49:56.725881 (1.0, 100000.0, 17, 10.0, 0.3, 0.319, 2.0, 3) [0.15542862746913208 0.002908478680128649 0.02048998975895499] 3 2492.2644317150116s
2022-04-15 01:16:22.025060 (1.0, 100000.0, 16, 10.0, 0.3, 0.297, 2.0, 3) [0.20184226754871656 0.002695008942442225 0.006375678377113251] 3 2331.1085171699524s
2022-04-15 01:21:26.100604 (1.0, 100000.0, 20, 10.0, 0.3, 0.285, 2.0, 3) [0.17328360508445584 0.0033880881290993727 0.0039635251918010836] 3 5685.622548341751s
2022-04-15 01:33:07.135359 (1.0, 100000.0, 17, 10.0, 0.3, 0.319, 2.0, 3) [0.1574443757949273 0.0034363692959845844 0.019141903327879184] 3 2590.4070520401s
2022-04-15 01:53:32.834852 (1.0, 100000.0, 16, 10.0, 0.3, 0.297, 2.0, 3) [0.19526520361915586 0.003539301961563915 0.007847166916296224] 3 2230.804843902588s
2022-04-15 02:22:41.627087 (1.0, 100000.0, 17, 10.0, 0.3, 0.302, 2.0, 3) [0.17595688286211333 0.005190277746496421 0.010241426226005294] 3 2970.2785091400146s
2022-04-15 02:44:12.773887 (1.0, 100000.0, 20, 10.0, 0.3, 0.285, 2.0, 3) [0.18017301288855828 0.004096752668218538 0.0030184976186570333] 3 4966.670586824417s
2022-04-15 03:10:47.366527 (1.0, 100000.0, 17, 10.0, 0.3, 0.302, 2.0, 3) [0.1750261720344106 0.0068348317184358095 0.010521953836250892] 3 2885.7372579574585s
2022-04-15 03:25:57.785032 (1.0, 100000.0, 16, 10.0, 0.3, 0.307, 2.0, 3) [0.18308281682263602 0.004800002652971327 0.011593516535854448] 3 5541.094166755676s
2022-04-15 03:57:43.173836 (1.0, 100000.0, 17, 10.0, 0.3, 0.302, 2.0, 3) [0.17851863074009972 0.00309321097978736 0.0093787309294437] 3 2815.804790496826s
2022-04-15 03:59:19.632010 (1.0, 100000.0, 16, 10.0, 0.3, 0.307, 2.0, 3) [0.18499976675274019 0.0036370440074741895 0.010934186289925905] 3 2001.8445415496826s
2022-04-15 04:02:32.652673 (1.0, 100000.0, 20, 10.0, 0.3, 0.302, 2.0, 3) [0.14985028513598986 0.003226436428268771 0.010109960671897048] 3 4695.7435212135315s
2022-04-15 04:38:11.264621 (1.0, 100000.0, 17, 10.0, 0.3, 0.312, 2.0, 3) [0.16389765162496436 0.0026539922197022824 0.015412342746999624] 3 2424.767537355423s
2022-04-15 05:18:34.833523 (1.0, 100000.0, 17, 10.0, 0.3, 0.312, 2.0, 3) [0.16720040868033356 0.0029105703838852837 0.013809238796982889] 3 2423.567004442215s
2022-04-15 05:25:16.518644 (1.0, 100000.0, 16, 10.0, 0.3, 0.307, 2.0, 3) [0.186400286435906 0.0042866597072010034 0.010458379163038371] 3 5156.8834092617035s
2022-04-15 05:57:27.738442 (1.0, 100000.0, 17, 10.0, 0.3, 0.312, 2.0, 3) [0.16792979316597048 0.0022522455062619754 0.0134486623548319] 3 2332.902379512787s
2022-04-15 06:17:26.064148 (1.0, 100000.0, 18, 10.0, 0.3, 0.307, 2.0, 3) [0.16029291719684116 0.004738837700123795 0.01263142112449621] 3 21489.917729377747s
2022-04-15 06:33:55.704820 (1.0, 100000.0, 19, 10.0, 0.3, 0.307, 2.0, 3) [0.15374227318084085 0.0020703926145793877 0.011764378586604191] 3 25039.809605121613s
2022-04-15 06:37:23.539418 (1.0, 100000.0, 17, 10.0, 0.3, 0.292, 2.0, 3) [0.19588424786421696 0.004431615916634701 0.0052190621283016644] 3 2392.1352684497833s
2022-04-15 06:44:40.652552 (1.0, 100000.0, 16, 10.0, 0.3, 0.319, 2.0, 3) [0.16603929484096996 0.0029083351937087302 0.019943325823203347] 3 4758.508819818497s
2022-04-15 07:15:00.071846 (1.0, 100000.0, 16, 10.0, 0.3, 0.319, 2.0, 3) [0.16518088465483452 0.006524326257468265 0.020469752729076862] 3 1819.416908979416s
2022-04-15 07:16:27.736978 (1.0, 100000.0, 17, 10.0, 0.3, 0.292, 2.0, 3) [0.1944598656372034 0.004041056440604779 0.005490720728859538] 3 2344.1954050064087s
2022-04-15 07:45:18.874359 (1.0, 100000.0, 16, 10.0, 0.3, 0.319, 2.0, 3) [0.16707696375459338 0.002998020443600118 0.019310799077487374] 3 1818.7998721599579s
2022-04-15 07:49:01.012728 (1.0, 100000.0, 18, 10.0, 0.3, 0.305, 2.0, 3) [0.1652335118942957 0.002765417691993665 0.010592584197643582] 3 5489.345966100693s
2022-04-15 07:52:41.064251 (1.0, 100000.0, 17, 10.0, 0.3, 0.292, 2.0, 3) [0.1921199533934234 0.0033399926355763875 0.005919861163225053] 3 2173.3249492645264s
2022-04-15 08:19:42.494325 (1.0, 100000.0, 16, 10.0, 0.3, 0.299, 2.0, 3) [0.19552823884263434 0.003925421773394955 0.00780771757631729] 3 2059.3752489089966s
2022-04-15 08:41:18.964402 (1.0, 100000.0, 17, 10.0, 0.3, 0.285, 2.0, 3) [0.20400647737375135 0.003476023044250065 0.003950188570018616] 3 2913.702756881714s
2022-04-15 08:49:51.549974 (1.0, 100000.0, 16, 10.0, 0.3, 0.299, 2.0, 3) [0.19792533064526976 0.006111396463422004 0.0072287861220549365] 3 1809.0532913208008s
2022-04-15 09:20:05.970397 (1.0, 100000.0, 16, 10.0, 0.3, 0.299, 2.0, 3) [0.19747959806037418 0.006280970738347322 0.007323220647376937] 3 1814.4179849624634s
2022-04-15 09:21:47.881316 (1.0, 100000.0, 17, 10.0, 0.3, 0.285, 2.0, 3) [0.2023301795954611 0.0044182652971903715 0.0041872269596911465] 3 2428.9146795272827s
2022-04-15 09:51:35.464756 (1.0, 100000.0, 16, 10.0, 0.3, 0.285, 2.0, 3) [0.21625423976049687 0.004091189015190731 0.004024040198745651] 3 1885.3880279064178s
2022-04-15 10:02:52.624639 (1.0, 100000.0, 17, 10.0, 0.3, 0.285, 2.0, 3) [0.20089077914369455 0.003956202242123109 0.0043976420704637765] 3 2464.741007089615s
2022-04-15 10:12:24.045140 (1.0, 100000.0, 20, 10.0, 0.3, 0.302, 2.0, 3) [0.14621161430907437 0.002785239776191293 0.011663491605604178] 3 22191.389969587326s
2022-04-15 10:22:23.026641 (1.0, 100000.0, 16, 10.0, 0.3, 0.285, 2.0, 3) [0.21485965257248835 0.0035034209663906747 0.004207677708641176] 3 1847.5596942901611s
2022-04-15 10:43:47.495757 (1.0, 100000.0, 17, 10.0, 0.3, 0.307, 2.0, 3) [0.17263235393430437 0.006253373436767637 0.011471610388992132] 3 2451.364537000656s
2022-04-15 10:53:10.967205 (1.0, 100000.0, 16, 10.0, 0.3, 0.285, 2.0, 3) [0.21364332053694524 0.004632291729855489 0.004366214236336616] 3 1847.938315153122s
2022-04-15 11:24:09.770741 (1.0, 100000.0, 17, 10.0, 0.3, 0.307, 2.0, 3) [0.17277617202873777 0.0034734418170712534 0.011405466508872942] 3 2422.2731232643127s
2022-04-15 11:36:08.315249 (1.0, 100000.0, 16, 10.0, 0.3, 0.302, 2.0, 3) [0.18977930403346657 0.003197528060518043 0.009367446039711553] 3 2573.6166241168976s
2022-04-15 12:05:55.878997 (1.0, 100000.0, 16, 10.0, 0.3, 0.302, 2.0, 3) [0.1880673093653833 0.0044376551089187356 0.009870009985578337] 3 1787.5615944862366s
2022-04-15 12:05:57.442750 (1.0, 100000.0, 17, 10.0, 0.3, 0.307, 2.0, 3) [0.17235750885656298 0.004816095979394236 0.01158557133314875] 3 2507.669714450836s
2022-04-15 12:28:10.089554 (1.0, 100000.0, 20, 10.0, 0.3, 0.302, 2.0, 3) [0.15390253290679212 0.005375530317637055 0.0086219151123908] 3 8146.035601615906s
2022-04-15 12:35:42.471352 (1.0, 100000.0, 16, 10.0, 0.3, 0.302, 2.0, 3) [0.18892607220363866 0.0048715238035102375 0.009624619401916458] 3 1786.5899164676666s
2022-04-15 12:45:46.359612 (1.0, 100000.0, 17, 10.0, 0.3, 0.305, 2.0, 3) [0.17616940291987343 0.00299915529308252 0.010211027649271358] 3 2385.574225664139s
2022-04-15 13:17:48.642347 (1.0, 100000.0, 16, 10.0, 0.3, 0.3, 2.0, 3) [0.18984224178416695 0.006148174879696859 0.009331157294093697] 3 2522.434411048889s
2022-04-15 13:28:11.199300 (1.0, 100000.0, 17, 10.0, 0.3, 0.305, 2.0, 3) [0.17751778915276772 0.005932375230469576 0.009731624380798214] 3 2544.837819814682s
2022-04-15 13:43:41.484524 (1.0, 100000.0, 20, 10.0, 0.3, 0.307, 2.0, 3) [0.14718555357858645 0.004028356128830218 0.011250795504388848] 3 4527.674347162247s
2022-04-15 14:09:37.785981 (1.0, 100000.0, 17, 10.0, 0.3, 0.305, 2.0, 3) [0.17488055440900094 0.005933335842662261 0.010613722962240854] 3 2486.5840973854065s
2022-04-15 14:59:31.481757 (1.0, 100000.0, 20, 10.0, 0.3, 0.307, 2.0, 3) [0.14646104105812113 0.0036635009333276427 0.011581608678053634] 3 4549.995045900345s
2022-04-15 14:59:48.347453 (1.0, 100000.0, 17, 10.0, 0.3, 0.297, 2.0, 3) [0.18697709865905202 0.0036722058681739915 0.0070564675132206425] 3 3007.1696004867554s
2022-04-15 15:14:35.346578 (1.0, 100000.0, 18, 10.0, 0.3, 0.305, 2.0, 3) [0.16342503161093586 0.004200691887913763 0.011284167209215629] 3 26734.32851076126s
2022-04-15 15:37:18.354326 (1.0, 100000.0, 17, 10.0, 0.3, 0.297, 2.0, 3) [0.18395993019869283 0.0037844533968863932 0.007823045140896634] 3 2250.004823923111s
2022-04-15 15:54:32.141520 (1.0, 100000.0, 16, 10.0, 0.3, 0.3, 2.0, 3) [0.19370629746620674 0.0024042031119840567 0.008269559719352478] 3 9403.496661901474s
2022-04-15 15:56:34.767259 (1.0, 100000.0, 19, 10.0, 0.3, 0.307, 2.0, 3) [0.148040618343915 0.003058070529425187 0.014543070690663283] 3 33759.060129880905s
2022-04-15 16:09:54.059718 (1.0, 100000.0, 18, 10.0, 0.3, 0.305, 2.0, 3) [0.16372707388251093 0.0048355179140864455 0.011157379094283824] 3 3318.7086641788483s
2022-04-15 16:13:13.452445 (1.0, 100000.0, 20, 10.0, 0.3, 0.307, 2.0, 3) [0.139603833859977 0.0021300065698097647 0.0151734287808938] 3 4421.968320131302s
2022-04-15 16:14:41.859551 (1.0, 100000.0, 17, 10.0, 0.3, 0.297, 2.0, 3) [0.18723952921682563 0.003246244648342045 0.0069962718436721305] 3 2243.502923488617s
2022-04-15 16:40:30.319072 (1.0, 100000.0, 16, 10.0, 0.3, 0.3, 2.0, 3) [0.19211649452528815 0.005236229548288087 0.008684462786907717] 3 2758.1746685504913s
2022-04-15 16:52:55.956305 (1.0, 100000.0, 17, 10.0, 0.3, 0.3, 2.0, 3) [0.18329388680212647 0.0035996726441062873 0.007988232629901027] 3 2290.7512681484222s
2022-04-15 16:59:14.312163 (1.0, 100000.0, 18, 10.0, 0.3, 0.312, 2.0, 3) [0.15785919290606917 0.0035013733608359712 0.013816342932483797] 3 2956.300874710083s
2022-04-15 17:12:01.906847 (1.0, 100000.0, 19, 10.0, 0.3, 0.285, 2.0, 3) [0.18442572136342109 0.0021694907831343304 0.0036725435829940067] 3 4511.8080632686615s
2022-04-15 17:28:27.661185 (1.0, 100000.0, 20, 10.0, 0.3, 0.319, 2.0, 3) [0.13011793626472695 0.003903802206059709 0.022165997429843366] 3 4510.829068660736s
2022-04-15 17:29:28.836226 (1.0, 100000.0, 17, 10.0, 0.3, 0.3, 2.0, 3) [0.18408654239874353 0.004918869344111907 0.007776823877549133] 3 2192.8779287338257s
2022-04-15 17:43:11.299198 (1.0, 100000.0, 16, 10.0, 0.3, 0.305, 2.0, 3) [0.1874726167078869 0.00303565508003244 0.010095257849427473] 3 3755.0355730056763s
2022-04-15 17:44:11.573019 (1.0, 100000.0, 18, 10.0, 0.3, 0.312, 2.0, 3) [0.15359472070982894 0.003532400831708392 0.016041649117073373] 3 2697.2587966918945s
2022-04-15 18:06:11.297614 (1.0, 100000.0, 17, 10.0, 0.3, 0.3, 2.0, 3) [0.18090138978907763 0.004800025043828164 0.008657486013479192] 3 2202.4590866565704s
2022-04-15 18:13:10.618165 (1.0, 100000.0, 16, 10.0, 0.3, 0.305, 2.0, 3) [0.18921366704186143 0.002969220572128033 0.009562758906086277] 3 1799.3170819282532s
2022-04-15 18:21:58.587704 (1.0, 100000.0, 19, 10.0, 0.3, 0.285, 2.0, 3) [0.1841951951663515 0.003380325544638468 0.0037094127021599942] 3 4196.679039239883s
2022-04-15 18:42:06.532287 (1.0, 100000.0, 18, 10.0, 0.3, 0.312, 2.0, 3) [0.15600256782628577 0.0057406218506817095 0.014737047310124348] 3 3474.956935405731s
2022-04-15 18:43:09.632480 (1.0, 100000.0, 16, 10.0, 0.3, 0.305, 2.0, 3) [0.19088913287748954 0.0037550651624820297 0.00906572738919099] 3 1799.0111088752747s
2022-04-15 18:44:33.563122 (1.0, 100000.0, 20, 10.0, 0.3, 0.319, 2.0, 3) [0.13218891322796436 0.004149999221710291 0.02044566388883131] 3 4565.899817705154s
2022-04-15 19:25:13.696548 (1.0, 100000.0, 16, 10.0, 0.3, 0.312, 2.0, 3) [0.17592968870238862 0.005420726496478514 0.014556371978454302] 3 2520.3376553058624s
2022-04-15 19:45:53.707755 (1.0, 100000.0, 19, 10.0, 0.3, 0.285, 2.0, 3) [0.18105293896031166 0.003745312220520757 0.004169649570149934] 3 5035.117705345154s
2022-04-15 19:55:45.274496 (1.0, 100000.0, 16, 10.0, 0.3, 0.312, 2.0, 3) [0.174184596019656 0.0031555609264779004 0.0153808370260031] 3 1831.5757644176483s
2022-04-15 19:59:31.304318 (1.0, 100000.0, 20, 10.0, 0.3, 0.319, 2.0, 3) [0.13345194379520978 0.005965813280108625 0.01944741970031398] 3 4497.73846912384s
2022-04-15 20:26:14.643402 (1.0, 100000.0, 16, 10.0, 0.3, 0.312, 2.0, 3) [0.17542431077139037 0.0032549399983589147 0.014785119996534717] 3 1829.3663973808289s
2022-04-15 21:15:19.607924 (1.0, 100000.0, 20, 10.0, 0.3, 0.299, 2.0, 3) [0.15625072710110338 0.0036876964763246636 0.007840136151732452] 3 4544.872223138809s
2022-04-15 21:21:09.421400 (1.0, 100000.0, 19, 10.0, 0.3, 0.319, 2.0, 3) [0.13875840532893005 0.0039013727027036194 0.020730808837043743] 3 5712.026298046112s
2022-04-15 22:34:15.336923 (1.0, 100000.0, 19, 10.0, 0.3, 0.319, 2.0, 3) [0.13493738694687638 0.004585884383763377 0.02391100902840069] 3 4385.913316965103s
2022-04-15 22:38:40.326766 (1.0, 100000.0, 20, 10.0, 0.3, 0.299, 2.0, 3) [0.15738411309039207 0.004186922270487963 0.007496883974057939] 3 5000.716530323029s
2022-04-15 23:47:05.904822 (1.0, 100000.0, 19, 10.0, 0.3, 0.319, 2.0, 3) [0.13918603488797088 0.005193011829536238 0.02039730571191234] 3 4370.565418481827s
2022-04-15 23:56:15.435656 (1.0, 100000.0, 20, 10.0, 0.3, 0.299, 2.0, 3) [0.1574825601453219 0.005342631727181392 0.007473250405772573] 3 4655.106173276901s
2022-04-16 00:06:12.904658 (1.0, 100000.0, 18, 10.0, 0.3, 0.285, 2.0, 3) [0.19321579889894938 0.0030714792100840793 0.00387867857471945] 3 19442.61028122902s
2022-04-16 00:58:02.267390 (1.0, 100000.0, 19, 10.0, 0.3, 0.312, 2.0, 3) [0.14437238531007224 0.0020295000540593044 0.01675173782883053] 3 4251.83114528656s
2022-04-16 01:04:35.757029 (1.0, 100000.0, 18, 10.0, 0.3, 0.285, 2.0, 3) [0.19134887430026706 0.0037976785298587715 0.00414260751867471] 3 3502.850431919098s
2022-04-16 01:15:30.535410 (1.0, 100000.0, 20, 10.0, 0.3, 0.3, 2.0, 3) [0.15414408282194111 0.003704891264248761 0.008530477476850663] 3 4751.632698535919s
2022-04-16 01:58:51.264992 (1.0, 100000.0, 18, 10.0, 0.3, 0.285, 2.0, 3) [0.1914549013244532 0.00349325113205729 0.004126728284261446] 3 3255.5055527687073s
2022-04-16 02:12:55.574695 (1.0, 100000.0, 19, 10.0, 0.3, 0.312, 2.0, 3) [0.14709437248227564 0.004211206234685037 0.015130048249853206] 3 4493.304988384247s
2022-04-16 02:32:23.678652 (1.0, 100000.0, 20, 10.0, 0.3, 0.3, 2.0, 3) [0.15390477391877902 0.003845842048356249 0.008586871193222064] 3 4613.1410229206085s
2022-04-16 03:09:19.604751 (1.0, 100000.0, 18, 10.0, 0.3, 0.297, 2.0, 3) [0.17464075222815967 0.004678982572881528 0.00754889329371895] 3 4224.565436601639s
2022-04-16 03:30:42.376033 (1.0, 100000.0, 19, 10.0, 0.3, 0.312, 2.0, 3) [0.14799120959077414 0.0027167347721026125 0.014644900112872639] 3 4666.798626661301s
2022-04-16 03:53:47.083966 (1.0, 100000.0, 20, 10.0, 0.3, 0.3, 2.0, 3) [0.1550448310601973 0.001990887285665274 0.008220514591299058] 3 4883.402545452118s
2022-04-16 04:12:09.964800 (1.0, 100000.0, 18, 10.0, 0.3, 0.297, 2.0, 3) [0.17302940100176478 0.0036234988041600686 0.007998089195671606] 3 3770.3579988479614s
2022-04-16 04:40:34.270457 (1.0, 100000.0, 19, 10.0, 0.3, 0.297, 2.0, 3) [0.16727151543722912 0.0034256932439096486 0.007060105611073381] 3 4188.397989988327s
2022-04-16 05:19:37.969129 (1.0, 100000.0, 18, 10.0, 0.3, 0.297, 2.0, 3) [0.1742407741833722 0.005629820908044327 0.007653475671551397] 3 4048.002024412155s
2022-04-16 05:55:59.827659 (1.0, 100000.0, 19, 10.0, 0.3, 0.297, 2.0, 3) [0.16681673172472075 0.0024870556768622444 0.007167985667391237] 3 4525.554957151413s
2022-04-16 06:33:24.523401 (1.0, 100000.0, 20, 10.0, 0.3, 0.292, 2.0, 3) [0.16517878765851293 0.005787487373566125 0.005476744673957269] 3 9574.023231983185s
2022-04-16 07:24:39.398634 (1.0, 100000.0, 19, 10.0, 0.3, 0.297, 2.0, 3) [0.16826699522444707 0.004019995349653815 0.0067899324179777265] 3 5319.568522453308s
2022-04-16 07:44:44.400541 (1.0, 100000.0, 18, 10.0, 0.3, 0.299, 2.0, 3) [0.17199299685145394 0.004572858888267597 0.008311040251845989] 3 8701.440939188004s
2022-04-16 08:11:24.165067 (1.0, 100000.0, 20, 10.0, 0.3, 0.292, 2.0, 3) [0.16417054584002905 0.0026840042535178402 0.0057104861929777005] 3 5879.6394374370575s
2022-04-16 08:39:33.722538 (1.0, 100000.0, 19, 10.0, 0.3, 0.3, 2.0, 3) [0.1635785722833299 0.0035419651298436443 0.008134584115109134] 3 4489.526319503784s
2022-04-16 08:51:18.936084 (1.0, 100000.0, 18, 10.0, 0.3, 0.299, 2.0, 3) [0.17071527574058004 0.005089057845465693 0.008689013616571858] 3 3994.5335659980774s
2022-04-16 09:26:16.891700 (1.0, 100000.0, 20, 10.0, 0.3, 0.292, 2.0, 3) [0.16637061575811876 0.005084856435039152 0.005220675469148787] 3 4492.724253892899s
2022-04-16 12:26:34.331113 (1.0, 100000.0, 20, 10.0, 0.3, 0.297, 2.0, 3) [0.15795366793311932 0.004421723146231776 0.007316395095834707] 3 10593.850212097168s
2022-04-16 13:05:18.135651 (1.0, 100000.0, 18, 10.0, 0.3, 0.299, 2.0, 3) [0.17283239689730542 0.002775489090889012 0.008063171638134928] 3 15239.19735956192s
2022-04-16 14:06:15.379065 (1.0, 100000.0, 19, 10.0, 0.3, 0.3, 2.0, 3) [0.16182349311301697 0.0037327579844221165 0.008656384003370562] 3 19601.654648542404s
2022-04-16 14:13:17.199728 (1.0, 100000.0, 20, 10.0, 0.3, 0.297, 2.0, 3) [0.15692179439696435 0.00417118418119479 0.00761202386732414] 3 6402.866196870804s
2022-04-16 16:03:32.541405 (1.0, 100000.0, 18, 10.0, 0.3, 0.302, 2.0, 3) [0.16879214799820538 0.0036682725871215846 0.009310061545429163] 3 10690.76396036148s
2022-04-16 16:04:23.896342 (1.0, 100000.0, 20, 10.0, 0.3, 0.297, 2.0, 3) [0.15545049753672566 0.005846960612411404 0.008067186161378167] 3 6666.690973520279s
2022-04-16 16:45:16.370649 (1.0, 100000.0, 19, 10.0, 0.3, 0.3, 2.0, 3) [0.16402552123353017 0.003023230483261025 0.007985494933749462] 3 9540.98910832405s
2022-04-16 17:02:10.806257 (1.0, 100000.0, 18, 10.0, 0.3, 0.302, 2.0, 3) [0.1679792819812461 0.004350830738068115 0.009606174893830156] 3 3518.2629022598267s
2022-04-16 18:07:01.382035 (1.0, 100000.0, 19, 10.0, 0.3, 0.302, 2.0, 3) [0.16054737978070377 0.0043397985890770265 0.009089068064914106] 3 4901.161645412445s
2022-04-16 19:12:00.165114 (1.0, 100000.0, 19, 10.0, 0.3, 0.302, 2.0, 3) [0.1576683542187309 0.004048278235063746 0.010140412505504145] 3 3898.7808649539948s
2022-04-16 19:26:47.742413 (1.0, 100000.0, 18, 10.0, 0.3, 0.302, 2.0, 3) [0.17170286603191648 0.0031534358824817877 0.00841520813791432] 3 8676.933763504028s
2022-04-16 20:18:03.882954 (1.0, 100000.0, 19, 10.0, 0.3, 0.302, 2.0, 3) [0.15531755309863685 0.004861964078938064 0.011079082445597254] 3 3963.7154536247253s
2022-04-17 02:37:11.181724 (1.0, 100000.0, 18, 10.0, 0.3, 0.3, 2.0, 3) [0.17346458420555286 0.003296007244309354 0.007890520366800597] 3 25819.823455810547s
2022-04-17 03:20:27.116862 (1.0, 100000.0, 19, 10.0, 0.3, 0.299, 2.0, 3) [0.16275856208914205 0.004255668999923753 0.00834887699598211] 3 25339.54013991356s
2022-04-17 11:26:33.995149 (1.0, 100000.0, 18, 10.0, 0.3, 0.3, 2.0, 3) [0.16980834614732396 0.004007275772618351 0.00898769201081625] 3 31762.79854106903s
2022-04-17 15:37:04.825525 (1.0, 100000.0, 18, 10.0, 0.3, 0.3, 2.0, 3) [0.17335805966274287 0.0036368337446186006 0.007911605429948055] 3 15030.635602235794s
2022-04-17 21:53:56.924759 (1.0, 100000.0, 18, 10.0, 0.3, 0.292, 2.0, 3) [0.18451179356127112 0.005630360232705285 0.005309941734956376] 3 22608.74536204338s
2022-04-17 22:08:00.884131 (1.0, 100000.0, 19, 10.0, 0.3, 0.299, 2.0, 3) [0.1639704819041766 0.004591010031895329 0.007989611865935173] 3 67653.74719929695s
2022-04-17 22:49:46.680484 (1.0, 100000.0, 18, 10.0, 0.3, 0.292, 2.0, 3) [0.1823952804469516 0.004905178790648764 0.005710420624053209] 3 3349.7274100780487s
2022-04-17 23:20:33.958662 (1.0, 100000.0, 19, 10.0, 0.3, 0.299, 2.0, 3) [0.1643145772836358 0.00381932458637866 0.007877334855022693] 3 4353.072318077087s
2022-04-18 00:17:05.833824 (1.0, 100000.0, 18, 10.0, 0.3, 0.292, 2.0, 3) [0.18281988194435095 0.0030899443302008487 0.005636625767393665] 3 5239.150730848312s
2022-04-18 01:06:22.615034 (1.0, 100000.0, 19, 10.0, 0.3, 0.292, 2.0, 3) [0.17590700541072973 0.0037646476535321324 0.005084689900966876] 3 6338.760165452957s
2022-04-18 01:53:49.168994 (1.0, 100000.0, 18, 10.0, 0.3, 0.319, 2.0, 3) [0.14768547497833978 0.003171738765353654 0.019821771483097182] 3 5800.171443462372s
2022-04-18 02:45:57.404771 (1.0, 100000.0, 19, 10.0, 0.3, 0.292, 2.0, 3) [0.17167072055534935 0.0027108839911741747 0.005953935859674605] 3 5974.787682294846s
2022-04-18 03:34:42.826869 (1.0, 100000.0, 18, 10.0, 0.3, 0.319, 2.0, 3) [0.1451165737311778 0.003223667923994824 0.021786267166994028] 3 6053.655581712723s
2022-04-18 04:27:41.759769 (1.0, 100000.0, 18, 10.0, 0.3, 0.319, 2.0, 3) [0.1438391418743394 0.0023153200138363167 0.022700459845182718] 3 3178.9305930137634s
2022-04-18 04:27:51.453148 (1.0, 100000.0, 19, 10.0, 0.3, 0.292, 2.0, 3) [0.17423517245706685 0.002982552734136094 0.005416435916016915] 3 6114.045722723007s
2022-04-18 06:22:52.165963 (1.0, 100000.0, 19, 10.0, 0.3, 0.305, 2.0, 3) [0.15620793727896076 0.004432298355327893 0.01071639075465465] 3 6727.989094495773s
2022-04-18 07:30:14.640409 (1.0, 100000.0, 19, 10.0, 0.3, 0.305, 2.0, 3) [0.1540615113912354 0.003028232937903055 0.011609307903248094] 3 4042.471867084503s
2022-04-18 08:36:00.811560 (1.0, 100000.0, 16, 10.0, 0.3, 0.3, 2.0, 3) [0.19383505658095457 0.00389266537235078 0.008245964968112317] 3 1850.7980580329895s
2022-04-18 08:36:26.358404 (1.0, 100000.0, 19, 10.0, 0.3, 0.305, 2.0, 3) [0.1550905646143193 0.003511456662694655 0.011181793728458865] 3 3971.715400695801s
2022-04-18 08:42:39.019212 (1.0, 100000.0, 17, 10.0, 0.3, 0.302, 2.0, 3) [0.17932906330968942 0.0028517904708937605 0.009142492569016234] 3 2248.9901452064514s
2022-04-18 09:03:36.736465 (1.0, 100000.0, 18, 10.0, 0.3, 0.299, 2.0, 3) [0.17436773536853456 0.004338281162183777 0.007621667440864199] 3 3506.718529701233s
2022-04-18 09:09:53.146029 (1.0, 100000.0, 16, 10.0, 0.3, 0.3, 2.0, 3) [0.19267207157997504 0.005166479163444897 0.00853055415827911] 3 2032.3324010372162s
2022-04-18 09:14:14.278091 (1.0, 100000.0, 19, 10.0, 0.3, 0.297, 2.0, 3) [0.16619984459478762 0.00422418323814485 0.007347511653073836] 3 4144.24929523468s
2022-04-18 09:19:42.320986 (1.0, 100000.0, 17, 10.0, 0.3, 0.302, 2.0, 3) [0.1779847366191518 0.0033671188300186516 0.00954930763091727] 3 2223.2997872829437s
2022-04-18 09:48:25.483181 (1.0, 100000.0, 16, 10.0, 0.3, 0.3, 2.0, 3) [0.19681898433958386 0.0039160134511551075 0.007508848715070645] 3 2312.33483171463s
2022-04-18 09:55:59.168366 (1.0, 100000.0, 18, 10.0, 0.3, 0.299, 2.0, 3) [0.17135360551699844 0.003209172037518006 0.008509644069601918] 3 3142.4297411441803s
2022-04-18 09:56:38.415088 (1.0, 100000.0, 17, 10.0, 0.3, 0.302, 2.0, 3) [0.17951863628371684 0.004425698162595901 0.009092274114990369] 3 2216.0918695926666s
2022-04-18 10:23:23.004557 (1.0, 100000.0, 19, 10.0, 0.3, 0.297, 2.0, 3) [0.16501927926646554 0.0050348237260305065 0.007659821719839075] 3 4148.724570989609s
2022-04-18 10:29:14.919150 (1.0, 100000.0, 16, 10.0, 0.3, 0.305, 2.0, 3) [0.18718284747605918 0.0028175196948200636 0.010183954823978077] 3 2445.7787203788757s
2022-04-18 10:34:37.195987 (1.0, 100000.0, 17, 10.0, 0.3, 0.307, 2.0, 3) [0.17142769934257596 0.006639230183032482 0.011947944633535138] 3 2274.034287214279s
2022-04-18 11:14:38.287646 (1.0, 100000.0, 17, 10.0, 0.3, 0.307, 2.0, 3) [0.17236122940886686 0.004524047207933587 0.011564354143972692] 3 2401.0893399715424s
2022-04-18 11:15:42.154568 (1.0, 100000.0, 18, 10.0, 0.3, 0.299, 2.0, 3) [0.1724116672009474 0.003228136417263281 0.00816698739798064] 3 4782.984034776688s
2022-04-18 12:00:44.163227 (1.0, 100000.0, 17, 10.0, 0.3, 0.307, 2.0, 3) [0.17041909463741572 0.002565462341240013 0.01234627724903428] 3 2765.873305797577s
2022-04-18 12:48:17.880509 (1.0, 100000.0, 17, 10.0, 0.3, 0.319, 2.0, 3) [0.1557327967796313 0.0032058933837235738 0.020277796592119122] 3 2850.32638835907s
2022-04-18 13:27:34.361183 (1.0, 100000.0, 17, 10.0, 0.3, 0.319, 2.0, 3) [0.15581960412136225 0.0036185070987760116 0.020233077911434874] 3 2356.4786229133606s
2022-04-18 13:50:26.408619 (1.0, 100000.0, 19, 10.0, 0.3, 0.297, 2.0, 3) [0.1650238536243422 0.0034251712021366987 0.007664786291623279] 3 12423.401574611664s
2022-04-18 14:06:11.219604 (1.0, 100000.0, 17, 10.0, 0.3, 0.319, 2.0, 3) [0.15804904557442437 0.003705905773954951 0.01879651004144026] 3 2316.8562648296356s
2022-04-18 14:55:40.507326 (1.0, 100000.0, 17, 10.0, 0.3, 0.297, 2.0, 3) [0.18481640820094525 0.0030701180900196265 0.007594920335122463] 3 2965.5902676582336s
2022-04-18 15:34:13.747580 (1.0, 100000.0, 17, 10.0, 0.3, 0.297, 2.0, 3) [0.18782559603141613 0.003844988069524842 0.006842078623941945] 3 2313.0773916244507s
2022-04-18 15:47:47.934633 (1.0, 100000.0, 18, 10.0, 0.3, 0.302, 2.0, 3) [0.16778827191367462 0.0052257598670672764 0.009674836777809457] 3 16321.960538387299s
2022-04-18 16:13:10.147559 (1.0, 100000.0, 17, 10.0, 0.3, 0.297, 2.0, 3) [0.1840674071889349 0.00816078341839283 0.007784860941346292] 3 2336.3720560073853s
2022-04-18 16:25:42.754698 (1.0, 100000.0, 19, 10.0, 0.3, 0.307, 2.0, 3) [0.15400290881444054 0.002969881192408504 0.011649991406087312] 3 9312.482856750488s
2022-04-18 16:53:08.125243 (1.0, 100000.0, 17, 10.0, 0.3, 0.299, 2.0, 3) [0.18041970997199874 0.0034028768307617922 0.008797111004223977] 3 2392.88569188118s
2022-04-18 17:01:18.903864 (1.0, 100000.0, 18, 10.0, 0.3, 0.302, 2.0, 3) [0.16898407865274562 0.004046114851920383 0.009250656875118073] 3 4410.8880569934845s
2022-04-18 17:29:46.540448 (1.0, 100000.0, 17, 10.0, 0.3, 0.299, 2.0, 3) [0.18529362670947197 0.004107200233848162 0.007472242221564217] 3 2198.4130432605743s
2022-04-18 18:07:27.046426 (1.0, 100000.0, 17, 10.0, 0.3, 0.299, 2.0, 3) [0.17957327214216479 0.004173168280726854 0.009046079421993822] 3 2260.503365278244s
2022-04-18 18:42:54.776427 (1.0, 100000.0, 16, 10.0, 0.3, 0.305, 2.0, 3) [0.1881662956966517 0.007641701757248514 0.009872706773141999] 3 29619.855588197708s
2022-04-18 19:06:59.988134 (1.0, 100000.0, 19, 10.0, 0.3, 0.307, 2.0, 3) [0.15166672705755546 0.004683893908342306 0.01272042266221794] 3 9677.231587409973s
2022-04-18 19:24:07.488156 (1.0, 100000.0, 17, 10.0, 0.3, 0.285, 2.0, 3) [0.2065004748204572 0.0033605855285137824 0.003639726100656232] 3 4596.13102889061s
2022-04-18 21:05:43.366981 (1.0, 100000.0, 18, 10.0, 0.3, 0.302, 2.0, 3) [0.16834343745739244 0.003892452571632309 0.009487909565836812] 3 14664.459076881409s
2022-04-18 21:21:48.379798 (1.0, 100000.0, 16, 10.0, 0.3, 0.305, 2.0, 3) [0.18966349986742298 0.006570440767359731 0.009430214888239209] 3 9533.601173639297s
2022-04-18 22:59:32.811654 (1.0, 100000.0, 16, 10.0, 0.3, 0.297, 2.0, 3) [0.1948865818963266 0.0038525077756733496 0.007953677427095525] 3 5860.586015701294s
2022-04-18 23:30:38.278445 (1.0, 100000.0, 16, 10.0, 0.3, 0.297, 2.0, 3) [0.19791873949838953 0.005207580951909562 0.007229276606732607] 3 1865.4177360534668s
2022-04-19 00:01:37.069508 (1.0, 100000.0, 16, 10.0, 0.3, 0.297, 2.0, 3) [0.1958374861931211 0.003323060803158177 0.007716781867280144] 3 1858.6513078212738s
2022-04-19 00:32:28.960771 (1.0, 100000.0, 16, 10.0, 0.3, 0.302, 2.0, 3) [0.18815951814345377 0.004201274683890573 0.009869508950593615] 3 1847.7664337158203s
2022-04-19 00:47:31.667175 (1.0, 100000.0, 17, 10.0, 0.3, 0.285, 2.0, 3) [0.20483005287998576 0.00458964310360226 0.003842131900770316] 3 19404.173918247223s
2022-04-19 01:13:10.283603 (1.0, 100000.0, 16, 10.0, 0.3, 0.302, 2.0, 3) [0.18967801870916773 0.003259555978644005 0.009391001649479654] 3 2441.3204267024994s
2022-04-19 01:24:11.910621 (1.0, 100000.0, 19, 10.0, 0.3, 0.307, 2.0, 3) [0.15316998172311744 0.0029191832541939438 0.012044214523963107] 3 22631.92001724243s
2022-04-19 01:25:41.405954 (1.0, 100000.0, 17, 10.0, 0.3, 0.285, 2.0, 3) [0.20400187569463923 0.002570452581820377 0.00395675842144889] 3 2289.734179019928s
2022-04-19 01:37:43.418812 (1.0, 100000.0, 18, 10.0, 0.3, 0.305, 2.0, 3) [0.16538168502979902 0.004575796258334713 0.010530191479046137] 3 16316.127871990204s
2022-04-19 01:49:50.371792 (1.0, 100000.0, 16, 10.0, 0.3, 0.302, 2.0, 3) [0.1895663337493584 0.0030753198944267948 0.00941773953442133] 3 2200.0854544639587s
2022-04-19 02:04:51.975098 (1.0, 100000.0, 17, 10.0, 0.3, 0.3, 2.0, 3) [0.18077217194952203 0.004110182220503064 0.008701136714916622] 3 2347.1420679092407s
2022-04-19 02:25:23.046160 (1.0, 100000.0, 18, 10.0, 0.3, 0.305, 2.0, 3) [0.1626768725319819 0.003470606558855618 0.011594095198109193] 3 2859.6250455379486s
2022-04-19 02:45:54.473158 (1.0, 100000.0, 17, 10.0, 0.3, 0.3, 2.0, 3) [0.1810027227498109 0.003992408636710671 0.00863142298736566] 3 2462.4958181381226s
2022-04-19 03:04:23.491180 (1.0, 100000.0, 19, 10.0, 0.3, 0.299, 2.0, 3) [0.16531971857997055 0.0030969129521545183 0.007592885621169907] 3 6007.613837480545s
2022-04-19 03:13:30.508411 (1.0, 100000.0, 18, 10.0, 0.3, 0.305, 2.0, 3) [0.1646409530033384 0.004647875142720622 0.010833363104337352] 3 2887.4599924087524s
2022-04-19 03:22:50.405344 (1.0, 100000.0, 16, 10.0, 0.3, 0.299, 2.0, 3) [0.191606135730537 0.0037127298029215063 0.00882476074118033] 3 5576.199758529663s
2022-04-19 03:26:29.698118 (1.0, 100000.0, 17, 10.0, 0.3, 0.3, 2.0, 3) [0.18597206290394216 0.002949382798005832 0.007321288418345297] 3 2435.219502210617s
2022-04-19 03:39:17.066568 (1.0, 100000.0, 20, 10.0, 0.3, 0.305, 2.0, 3) [0.1459151542451238 0.00510012766140537 0.011842662562320852] 3 70446.94689750671s
2022-04-19 03:55:56.977683 (1.0, 100000.0, 16, 10.0, 0.3, 0.299, 2.0, 3) [0.19663456806668692 0.00667422687110867 0.00754745580194561] 3 1986.5701954364777s
2022-04-19 04:08:00.299835 (1.0, 100000.0, 18, 10.0, 0.3, 0.297, 2.0, 3) [0.17533137217419995 0.003210364472827949 0.007366138047681156] 3 3265.834908723831s
2022-04-19 04:08:41.995560 (1.0, 100000.0, 17, 10.0, 0.3, 0.305, 2.0, 3) [0.17773788645564004 0.003138322676291367 0.009654688176479912] 3 2527.7577764987946s
2022-04-19 04:13:57.871081 (1.0, 100000.0, 19, 10.0, 0.3, 0.299, 2.0, 3) [0.16642554525987371 0.004916627197664097 0.007285422806045115] 3 4174.377806901932s
2022-04-19 04:26:09.992699 (1.0, 100000.0, 16, 10.0, 0.3, 0.299, 2.0, 3) [0.1956050370502293 0.0040971605161158305 0.007777199156848211] 3 1813.0127329826355s
2022-04-19 04:49:44.435658 (1.0, 100000.0, 17, 10.0, 0.3, 0.305, 2.0, 3) [0.17864743966078986 0.00440526989202477 0.009369566834535591] 3 2462.438153743744s
2022-04-19 04:54:28.429044 (1.0, 100000.0, 18, 10.0, 0.3, 0.297, 2.0, 3) [0.17505251515686376 0.003376709997426488 0.007444168645555805] 3 2788.126876592636s
2022-04-19 04:57:43.293558 (1.0, 100000.0, 16, 10.0, 0.3, 0.292, 2.0, 3) [0.19932380158154675 0.0035799207440077685 0.006893793251222903] 3 1888.6995503902435s
2022-04-19 05:11:25.109479 (1.0, 100000.0, 20, 10.0, 0.3, 0.305, 2.0, 3) [0.14769978240422257 0.002053879883785878 0.011004001515934793] 3 5528.041103601456s
2022-04-19 05:21:39.690081 (1.0, 100000.0, 19, 10.0, 0.3, 0.299, 2.0, 3) [0.16235111338819475 0.003092542273936563 0.008486620354505144] 3 4061.816869497299s
2022-04-19 05:27:52.507692 (1.0, 100000.0, 16, 10.0, 0.3, 0.292, 2.0, 3) [0.20579192619801348 0.0038941132829674683 0.005619114093695567] 3 1809.2121698856354s
2022-04-19 05:30:41.726076 (1.0, 100000.0, 17, 10.0, 0.3, 0.305, 2.0, 3) [0.1753072967353925 0.002801317219932669 0.010471978138394568] 3 2457.2881083488464s
2022-04-19 05:40:31.341313 (1.0, 100000.0, 18, 10.0, 0.3, 0.297, 2.0, 3) [0.17817021554838489 0.003366605628372784 0.006670905236869538] 3 2762.9103536605835s
2022-04-19 05:57:42.209194 (1.0, 100000.0, 16, 10.0, 0.3, 0.292, 2.0, 3) [0.20455229354557106 0.003826783990232273 0.005852822363925754] 3 1789.6992402076721s
2022-04-19 06:10:01.589207 (1.0, 100000.0, 17, 10.0, 0.3, 0.292, 2.0, 3) [0.19430043978450887 0.0041911396954534075 0.00550197225945339] 3 2356.3437440395355s
2022-04-19 06:28:21.661229 (1.0, 100000.0, 16, 10.0, 0.3, 0.312, 2.0, 3) [0.17293729666334026 0.002446879635819156 0.016015035364864566] 3 1835.634817123413s
2022-04-19 06:35:14.942541 (1.0, 100000.0, 18, 10.0, 0.3, 0.292, 2.0, 3) [0.18413653544398131 0.0035980490224000357 0.0053718675971524505] 3 3279.748443365097s
2022-04-19 06:43:48.246297 (1.0, 100000.0, 20, 10.0, 0.3, 0.305, 2.0, 3) [0.1505072858157772 0.004360507287246554 0.009878159237934777] 3 5543.134578466415s
2022-04-19 06:45:20.361639 (1.0, 100000.0, 19, 10.0, 0.3, 0.305, 2.0, 3) [0.15687293392085352 0.003258781617202156 0.010445144227629247] 3 5016.973868608475s
2022-04-19 06:49:20.810823 (1.0, 100000.0, 17, 10.0, 0.3, 0.292, 2.0, 3) [0.1920540151867927 0.0021451756882590756 0.005939255312167813] 3 2359.2194209098816s
2022-04-19 07:26:23.233251 (1.0, 100000.0, 16, 10.0, 0.3, 0.312, 2.0, 3) [0.17205040543378972 0.0026100321353723244 0.016453179880409206] 3 3481.5698804855347s
2022-04-19 07:26:35.140849 (1.0, 100000.0, 18, 10.0, 0.3, 0.292, 2.0, 3) [0.18140573238544222 0.004279357482388302 0.005922592250530212] 3 3080.1962597370148s
2022-04-19 07:28:08.255171 (1.0, 100000.0, 17, 10.0, 0.3, 0.292, 2.0, 3) [0.19010787727003162 0.003581434771271473 0.006331103062799599] 3 2327.442144393921s
2022-04-19 07:53:07.538092 (1.0, 100000.0, 19, 10.0, 0.3, 0.305, 2.0, 3) [0.15654513759125852 0.0035365643216548376 0.010593555416840329] 3 4067.171186685562s
2022-04-19 08:05:19.003636 (1.0, 100000.0, 17, 10.0, 0.3, 0.312, 2.0, 3) [0.1636240770971182 0.004255100262205753 0.015512950422508632] 3 2227.085214138031s
2022-04-19 08:13:57.407824 (1.0, 100000.0, 18, 10.0, 0.3, 0.292, 2.0, 3) [0.17925174343435707 0.0042457705795922954 0.006396788341416282] 3 2842.2649476528168s
2022-04-19 08:42:41.916834 (1.0, 100000.0, 17, 10.0, 0.3, 0.312, 2.0, 3) [0.16669406178415824 0.002125947192103306 0.014041510373320345] 3 2242.911063194275s
2022-04-19 08:51:15.271303 (1.0, 100000.0, 16, 10.0, 0.3, 0.312, 2.0, 3) [0.1775153743474844 0.005831726391531825 0.0138601077786488] 3 5092.035845756531s
2022-04-19 09:01:20.720660 (1.0, 100000.0, 19, 10.0, 0.3, 0.305, 2.0, 3) [0.1538659809195905 0.006726937461889595 0.011695011538098208] 3 4093.178117752075s
2022-04-19 09:21:40.746036 (1.0, 100000.0, 17, 10.0, 0.3, 0.312, 2.0, 3) [0.16617880868693194 0.0042998861339261845 0.014281816819915482] 3 2338.8269188404083s
2022-04-19 09:29:36.668869 (1.0, 100000.0, 18, 10.0, 0.3, 0.319, 2.0, 3) [0.14951125569137208 0.002407299188764297 0.018646784114334534] 3 4535.555216789246s
2022-04-19 10:20:21.186625 (1.0, 100000.0, 16, 10.0, 0.3, 0.285, 2.0, 3) [0.2158289204151125 0.0038360254118438835 0.004080630103683712] 3 5341.6437311172485s
2022-04-19 10:49:58.512908 (1.0, 100000.0, 19, 10.0, 0.3, 0.3, 2.0, 3) [0.16438642750807966 0.0041935886200845365 0.007867903651914122] 3 6514.304133653641s
2022-04-19 10:50:30.283841 (1.0, 100000.0, 16, 10.0, 0.3, 0.285, 2.0, 3) [0.21260700609132854 0.003417775138031675 0.004518623062853385] 3 1809.0951602458954s
2022-04-19 10:51:38.765872 (1.0, 100000.0, 18, 10.0, 0.3, 0.319, 2.0, 3) [0.14419680563474202 0.002867524158383444 0.022442938782396175] 3 4922.095011711121s
2022-04-19 11:21:30.333241 (1.0, 100000.0, 16, 10.0, 0.3, 0.285, 2.0, 3) [0.2168261413162665 0.0031924908076589502 0.003961723346388058] 3 1860.046907901764s
2022-04-19 11:49:14.724407 (1.0, 100000.0, 18, 10.0, 0.3, 0.319, 2.0, 3) [0.14502291269510725 0.0038572694716469545 0.021834389544481633] 3 3455.956419467926s
2022-04-19 11:51:45.615261 (1.0, 100000.0, 16, 10.0, 0.3, 0.307, 2.0, 3) [0.18108445015653116 0.003251294528085398 0.01234197879899257] 3 1811.7456665039062s
2022-04-19 12:25:47.382941 (1.0, 100000.0, 19, 10.0, 0.3, 0.3, 2.0, 3) [0.1628254227454484 0.0039027390495445335 0.008348188176833917] 3 5748.867869615555s
2022-04-19 12:26:14.323537 (1.0, 100000.0, 16, 10.0, 0.3, 0.307, 2.0, 3) [0.18289734633321067 0.00255134775218195 0.011665414258736514] 3 2068.706279039383s
2022-04-19 12:56:23.039634 (1.0, 100000.0, 16, 10.0, 0.3, 0.307, 2.0, 3) [0.18019978361096778 0.003575841876839832 0.012682205932061544] 3 1808.7136886119843s
2022-04-19 13:34:46.557276 (1.0, 100000.0, 16, 10.0, 0.3, 0.319, 2.0, 3) [0.16544572288296822 0.0038367187212933864 0.020326068448241853] 3 2299.892562866211s
2022-04-19 14:06:30.855885 (1.0, 100000.0, 16, 10.0, 0.3, 0.319, 2.0, 3) [0.17118311022287722 0.006927121318930483 0.01697723079331164] 3 1904.2959566116333s
2022-04-19 15:08:14.177977 (1.0, 100000.0, 19, 10.0, 0.3, 0.3, 2.0, 3) [0.16199917401742708 0.005298950199795264 0.008607349948950729] 3 9746.792306900024s
2022-04-19 19:26:44.953389 (1.0, 100000.0, 19, 10.0, 0.3, 0.312, 2.0, 3) [0.15047629065603815 0.004044991961901543 0.013385680107028543] 3 15505.555495500565s
2022-04-19 19:43:48.955956 (1.0, 100000.0, 16, 10.0, 0.3, 0.319, 2.0, 3) [0.170013217507447 0.00429407498593734 0.017635618923176197] 3 20238.097042798996s
2022-04-19 20:26:08.068030 (1.0, 100000.0, 18, 10.0, 0.3, 0.285, 2.0, 3) [0.19091291026010987 0.004783928811268949 0.0042135982761978535] 3 31009.65386748314s
2022-04-19 21:13:55.284750 (1.0, 100000.0, 19, 10.0, 0.3, 0.312, 2.0, 3) [0.14878237009254658 0.003829786184861952 0.014214234723945413] 3 6430.328989028931s
2022-04-19 21:18:09.900569 (1.0, 100000.0, 18, 10.0, 0.3, 0.285, 2.0, 3) [0.1942404541936121 0.0036922025804796417 0.003734235590229809] 3 3121.830319404602s
2022-04-19 22:10:02.911215 (1.0, 100000.0, 18, 10.0, 0.3, 0.285, 2.0, 3) [0.1922717343740905 0.0036522649447059724 0.004008579389863052] 3 3113.0077753067017s
2022-04-19 22:30:33.108177 (1.0, 100000.0, 19, 10.0, 0.3, 0.312, 2.0, 3) [0.14713383120752718 0.0038535096694526784 0.015146328448845515] 3 4597.820274591446s
2022-04-20 00:04:35.548694 (1.0, 100000.0, 18, 10.0, 0.3, 0.307, 2.0, 3) [0.16118250312741725 0.004070693636901311 0.012221143274944172] 3 6866.513429403305s
2022-04-20 00:57:07.440313 (1.0, 100000.0, 19, 10.0, 0.3, 0.319, 2.0, 3) [0.14101023983051042 0.00433857381398087 0.019079328750043457] 3 8790.551499605179s
2022-04-20 02:03:12.701783 (1.0, 100000.0, 18, 10.0, 0.3, 0.307, 2.0, 3) [0.16411272801455926 0.005996300208367074 0.01106600457700746] 3 7117.149960279465s
2022-04-20 02:45:33.135493 (1.0, 100000.0, 19, 10.0, 0.3, 0.319, 2.0, 3) [0.13987319035107748 0.0028599619143641853 0.019858789005526224] 3 6505.692856311798s
2022-04-20 03:08:44.515805 (1.0, 100000.0, 18, 10.0, 0.3, 0.307, 2.0, 3) [0.16020586855727623 0.005646745333681004 0.012696443500720349] 3 3931.811648607254s
2022-04-20 03:55:24.214519 (1.0, 100000.0, 19, 10.0, 0.3, 0.319, 2.0, 3) [0.13853602268508372 0.0027989664581118015 0.020932390513815777] 3 4191.076047897339s
2022-04-20 04:14:53.220250 (1.0, 100000.0, 18, 10.0, 0.3, 0.3, 2.0, 3) [0.1699139603542755 0.0032525709074186448 0.008951222647974029] 3 3965.011998653412s
2022-04-20 05:13:54.021712 (1.0, 100000.0, 18, 10.0, 0.3, 0.3, 2.0, 3) [0.16571788128095546 0.003942984318390449 0.010357586599586674] 3 3540.7985405921936s
2022-04-20 05:17:30.493171 (1.0, 100000.0, 19, 10.0, 0.3, 0.292, 2.0, 3) [0.17428639642603702 0.0036967936638660193 0.005406658183393442] 3 4922.697777032852s
2022-04-20 06:21:51.333494 (1.0, 100000.0, 18, 10.0, 0.3, 0.3, 2.0, 3) [0.17016800945077334 0.004591423337950012 0.008856015620327779] 3 4077.3094024658203s
2022-04-20 06:55:07.389687 (1.0, 100000.0, 19, 10.0, 0.3, 0.292, 2.0, 3) [0.17378181222069464 0.0033712846198004137 0.005503603432762373] 3 5856.8943910598755s
2022-04-20 07:40:49.049109 (1.0, 100000.0, 18, 10.0, 0.3, 0.312, 2.0, 3) [0.15692967689698833 0.004888749376663998 0.014300237019676502] 3 4733.995446681976s
2022-04-20 08:18:03.196836 (1.0, 100000.0, 19, 10.0, 0.3, 0.292, 2.0, 3) [0.17340955006939754 0.005215274225258164 0.005585819024765923] 3 4975.804626703262s
2022-04-20 08:34:53.234330 (1.0, 100000.0, 18, 10.0, 0.3, 0.312, 2.0, 3) [0.1549559448250962 0.0026126968640538097 0.015332737641395923] 3 3244.180317401886s
2022-04-20 09:22:22.893301 (1.0, 100000.0, 18, 10.0, 0.3, 0.312, 2.0, 3) [0.154688759620359 0.004391204264005675 0.015467522396410811] 3 2849.6548190116882s
2022-04-20 09:31:32.561857 (1.0, 100000.0, 19, 10.0, 0.3, 0.285, 2.0, 3) [0.18223021137079995 0.004725438072022049 0.003996570174684313] 3 4405.508385658264s
2022-04-20 10:07:13.202715 (1.0, 100000.0, 20, 10.0, 0.3, 0.319, 2.0, 3) [0.1311299367375779 0.002893970073458056 0.021337184228194785] 3 98601.05650186539s
2022-04-20 10:38:59.190660 (1.0, 100000.0, 19, 10.0, 0.3, 0.285, 2.0, 3) [0.18181058851729737 0.005807974625304278 0.004055141662603116] 3 4046.626490831375s
2022-04-20 11:46:05.422857 (1.0, 100000.0, 19, 10.0, 0.3, 0.285, 2.0, 3) [0.18198169651165827 0.002583286225688183 0.004027546938489729] 3 4026.2297093868256s
2022-04-20 13:00:54.476092 (1.0, 100000.0, 19, 10.0, 0.3, 0.302, 2.0, 3) [0.15960937519518612 0.003299031506136372 0.009427663045393731] 3 4196.2522585392s
2022-04-20 14:10:38.455589 (1.0, 100000.0, 19, 10.0, 0.3, 0.302, 2.0, 3) [0.1626980578626667 0.008101316646651343 0.008391849237420881] 3 4183.973393440247s
2022-04-20 15:22:39.011044 (1.0, 100000.0, 19, 10.0, 0.3, 0.302, 2.0, 3) [0.15723169449708166 0.004006477318172079 0.010304199534209958] 3 4320.550339221954s
2022-04-21 20:01:44.956603 (1.0, 100000.0, 20, 10.0, 0.3, 0.319, 2.0, 3) [0.1298862354246315 0.0035392989841081237 0.022343065627650375] 3 122071.75157523155s
2022-04-26 17:37:48.860616 (1.0, 100000.0, 20, 10.0, 0.3, 0.285, 2.0, 3) [0.17174602306352624 0.005004146115993571 0.004216390179196749] 3 7571.160168886185s
2022-04-26 19:16:56.430054 (1.0, 100000.0, 20, 10.0, 0.3, 0.285, 2.0, 3) [0.17539440168935375 0.0035208106801289246 0.003648896683147421] 3 5947.423740386963s
2022-04-26 20:53:58.853438 (1.0, 100000.0, 20, 10.0, 0.3, 0.285, 2.0, 3) [0.17467298070864842 0.005427583423126383 0.0037506167780645226] 3 5822.399764060974s
2022-04-26 22:25:14.487241 (1.0, 100000.0, 20, 10.0, 0.3, 0.297, 2.0, 3) [0.1563758662375077 0.005186291527260698 0.007791064049201557] 3 5470.862217664719s
2022-04-27 00:21:02.620419 (1.0, 100000.0, 20, 10.0, 0.3, 0.297, 2.0, 3) [0.15745313488555265 0.0058861573522202126 0.007458461553904042] 3 6948.053268194199s
2022-04-27 03:13:12.753057 (1.0, 100000.0, 20, 10.0, 0.3, 0.297, 2.0, 3) [0.15980729035517108 0.0033040700450863796 0.006804106890615596] 3 10329.89180111885s
2022-04-27 04:54:56.230779 (1.0, 100000.0, 20, 10.0, 0.3, 0.307, 2.0, 3) [0.1459386234542947 0.004366519679208049 0.011855369567688246] 3 6098.359616279602s
2022-04-27 06:47:33.422502 (1.0, 100000.0, 20, 10.0, 0.3, 0.307, 2.0, 3) [0.14220316558917648 0.004389463129350001 0.013690206554339049] 3 6757.0147132873535s
2022-04-27 08:52:28.068376 (1.0, 100000.0, 20, 10.0, 0.3, 0.307, 2.0, 3) [0.14559705197755216 0.003213205276601721 0.011982953281656942] 3 7494.494306564331s
2022-04-27 11:54:08.854036 (1.0, 100000.0, 20, 10.0, 0.3, 0.299, 2.0, 3) [0.15521004666887206 0.0024419999070082582 0.008170326626149723] 3 10895.555892467499s
2022-04-27 23:07:19.223532 (1.0, 100000.0, 20, 10.0, 0.3, 0.299, 2.0, 3) [0.15859626480259517 0.003117194905326739 0.0071518832267159806] 3 40390.31139588356s
2022-04-28 08:33:11.733224 (1.0, 100000.0, 20, 10.0, 0.3, 0.299, 2.0, 3) [0.1519878713560268 0.0033288016853386423 0.009278066255381573] 3 33952.481263399124s
2022-04-28 12:55:23.094164 (1.0, 100000.0, 20, 10.0, 0.3, 0.305, 2.0, 3) [0.14714758519899063 0.002678280673918356 0.011264908697319952] 3 15726.105314016342s
2022-04-29 12:52:03.375467 (1.0, 100000.0, 20, 10.0, 0.3, 0.305, 2.0, 3) [0.1448018488288996 0.0024009767458539172 0.012346575275304073] 3 86200.25492548943s
2022-04-29 17:28:21.149531 (1.0, 100000.0, 20, 10.0, 0.3, 0.305, 2.0, 3) [0.14848928311775475 0.003754442847687308 0.010715452425403378] 3 16577.751962423325s
