2022-05-14 19:18:39.269895 (1.0, 100000.0, 29, 10.0, 0.3, 0.308, 2.0, 3) [0.09357266376623202 0.002535434700037836 0.01771073955198108] 5 27377.029605150223s
2022-05-15 02:58:36.028885 (1.0, 100000.0, 29, 10.0, 0.3, 0.308, 2.0, 3) [0.09301144144990349 0.0017911118696027338 0.01827708754852357] 5 27596.71577978134s
2022-05-15 10:38:31.629438 (1.0, 100000.0, 29, 10.0, 0.3, 0.308, 2.0, 3) [0.09374401389650874 0.002656980914656116 0.017524825932700636] 5 27595.586781024933s
2022-05-15 17:20:29.818754 (1.0, 100000.0, 30, 10.0, 0.3, 0.3001, 2.0, 3) [0.09971760515648466 0.003969915972037926 0.010190450571143693] 5 106718.25919532776s
2022-05-15 18:40:30.759122 (1.0, 100000.0, 29, 10.0, 0.3, 0.308, 2.0, 3) [0.09287444475292962 0.002628997002385292 0.018411263888219703] 5 28919.110300779343s
2022-05-16 02:45:36.500191 (1.0, 100000.0, 29, 10.0, 0.3, 0.308, 2.0, 3) [0.0932291574039102 0.0022141461695030003 0.01803440915491862] 5 29105.72465443611s
2022-05-16 08:34:15.157312 (1.0, 100000.0, 30, 10.0, 0.3, 0.3001, 2.0, 3) [0.10093702193504067 0.0021712046738578752 0.009464781727551467] 5 54824.50586652756s
2022-05-16 10:35:11.247867 (1.0, 100000.0, 29, 10.0, 0.3, 0.306, 2.0, 3) [0.09865213927881095 0.0025307869182237125 0.013229055854187583] 5 28145.934236764908s
2022-05-16 18:51:36.879371 (1.0, 100000.0, 29, 10.0, 0.3, 0.306, 2.0, 3) [0.09673310509726632 0.0025285010793753737 0.014771719750306713] 5 29785.611283779144s
2022-05-17 03:16:41.665790 (1.0, 100000.0, 29, 10.0, 0.3, 0.306, 2.0, 3) [0.09471683616046189 0.0032215864446713616 0.016568729684664645] 5 30304.755391597748s
2022-05-17 11:41:16.888461 (1.0, 100000.0, 29, 10.0, 0.3, 0.306, 2.0, 3) [0.09556817906592902 0.0017144528366023397 0.015769080529547137] 5 30275.21234893799s
2022-05-17 14:25:21.199114 (1.0, 100000.0, 30, 10.0, 0.3, 0.3001, 2.0, 3) [0.09871084565760348 0.0037353712160576435 0.010804295289626904] 5 107464.46697998047s
2022-05-17 21:00:44.767362 (1.0, 100000.0, 29, 10.0, 0.3, 0.306, 2.0, 3) [0.09473394793823921 0.006047782519650235 0.01652533570696295] 5 33567.70681619644s
2022-05-18 05:07:17.498725 (1.0, 100000.0, 29, 10.0, 0.3, 0.3003, 2.0, 3) [0.10517866781898287 0.003839078117942327 0.009067560727972119] 5 29145.9328250885s
2022-05-18 05:44:54.792773 (1.0, 100000.0, 30, 10.0, 0.3, 0.3001, 2.0, 3) [0.10106599034874161 0.0032538065755418543 0.009388885972382917] 5 55173.30193400383s
2022-05-18 13:22:59.229522 (1.0, 100000.0, 29, 10.0, 0.3, 0.3003, 2.0, 3) [0.10534642096878047 0.002402748002861705 0.008957117820673903] 5 29741.691004514694s
2022-05-18 21:51:39.875575 (1.0, 100000.0, 29, 10.0, 0.3, 0.3003, 2.0, 3) [0.1026403650280954 0.002129309219695238 0.010466844633581038] 5 30520.596185684204s
2022-05-19 01:02:58.137650 (1.0, 100000.0, 30, 10.0, 0.3, 0.3001, 2.0, 3) [0.09892967423818404 0.0027474142074359487 0.010665227113548099] 5 69483.2705526352s
2022-05-19 05:49:39.690891 (1.0, 100000.0, 29, 10.0, 0.3, 0.3003, 2.0, 3) [0.10490478321890263 0.0039643908460840266 0.009224468821106014] 5 28679.77026295662s
2022-05-19 13:49:04.119917 (1.0, 100000.0, 29, 10.0, 0.3, 0.3003, 2.0, 3) [0.10213675252308715 0.003157840838781693 0.010816744144579962] 5 28764.397098064423s
2022-05-19 21:46:36.040065 (1.0, 100000.0, 29, 10.0, 0.3, 0.2987, 2.0, 3) [0.1060500207399783 0.003996752498128059 0.008611306875822249] 5 28604.702278137207s
2022-05-20 05:46:21.128353 (1.0, 100000.0, 29, 10.0, 0.3, 0.2987, 2.0, 3) [0.10133804344984228 0.0022767647074982402 0.011258861410361823] 5 28785.0656478405s
2022-05-20 13:44:35.359198 (1.0, 100000.0, 29, 10.0, 0.3, 0.2987, 2.0, 3) [0.10460471232783392 0.002763241286237627 0.009355302762550472] 5 28694.19267654419s
2022-05-20 21:43:25.124157 (1.0, 100000.0, 29, 10.0, 0.3, 0.2987, 2.0, 3) [0.10488405410619799 0.004132597480754875 0.009194952499744728] 5 28729.75076699257s
2022-05-21 05:43:30.661880 (1.0, 100000.0, 29, 10.0, 0.3, 0.2987, 2.0, 3) [0.10455209574147231 0.003788599061775735 0.009392674111062429] 5 28805.528440475464s
2022-05-21 13:40:12.485560 (1.0, 100000.0, 29, 10.0, 0.3, 0.293, 2.0, 3) [0.11173180484021382 0.0034409030807457785 0.00621226789071991] 5 28574.250914096832s
2022-05-21 20:12:50.295129 (1.0, 100000.0, 30, 10.0, 0.3, 0.2987, 2.0, 3) [0.10068477569122827 0.003921052278364247 0.00960458431341309] 5 241713.3260807991s
2022-05-21 21:25:03.318740 (1.0, 100000.0, 29, 10.0, 0.3, 0.293, 2.0, 3) [0.10902706533074381 0.003677360005400477 0.007231429804318663] 5 27890.811038017273s
2022-05-22 05:04:42.915874 (1.0, 100000.0, 29, 10.0, 0.3, 0.293, 2.0, 3) [0.11359804126605104 0.0028719826783624672 0.005569671179581757] 5 27579.588337183s
2022-05-22 12:51:50.836042 (1.0, 100000.0, 29, 10.0, 0.3, 0.293, 2.0, 3) [0.11274834122982752 0.0045266981238601695 0.005848251721478789] 5 28027.909932374954s
2022-05-22 20:37:17.301382 (1.0, 100000.0, 29, 10.0, 0.3, 0.293, 2.0, 3) [0.11249407759577414 0.002469104167968339 0.005941052518660909] 5 27926.41293668747s
2022-05-23 04:19:21.036788 (1.0, 100000.0, 29, 10.0, 0.3, 0.2997, 2.0, 3) [0.10562314077983065 0.002546199502046391 0.00883490776118332] 5 27678.0795481205s
2022-05-23 12:03:58.406209 (1.0, 100000.0, 29, 10.0, 0.3, 0.2997, 2.0, 3) [0.10259499551788397 0.0022880365486588725 0.010487371825275779] 5 27877.254940748215s
