2022-05-04 01:05:37.202072 (1.0, 100000.0, 29, 10.0, 0.3, 0.286, 2.0, 3) [0.11925283707034641 0.003035461647754731 0.004003286641107106] 10 31642.2542116642s
2022-05-04 06:39:51.130699 (1.0, 100000.0, 29, 10.0, 0.3, 0.286, 2.0, 3) [0.12496125258346048 0.002933900675020471 0.0028858692803131014] 10 20053.91000533104s
2022-05-04 12:55:02.424020 (1.0, 100000.0, 29, 10.0, 0.3, 0.286, 2.0, 3) [0.12260001514283327 0.004913064444121269 0.003307074733948233] 10 22511.160236358643s
2022-05-04 19:19:06.245444 (1.0, 100000.0, 29, 10.0, 0.3, 0.286, 2.0, 3) [0.12707015045898343 0.0039991075187761505 0.0025536617018716255] 10 23043.818890810013s
2022-05-05 01:19:51.594031 (1.0, 100000.0, 29, 10.0, 0.3, 0.286, 2.0, 3) [0.1252459668204493 0.003448286292313578 0.0028409125419614012] 10 21645.31732940674s
2022-05-05 06:40:37.555351 (1.0, 100000.0, 29, 10.0, 0.3, 0.286, 2.0, 3) [0.1240579656281587 0.004191053298233353 0.0030437567468474007] 10 19245.937377929688s
2022-05-05 13:42:34.795900 (1.0, 100000.0, 29, 10.0, 0.3, 0.286, 2.0, 3) [0.12530064711439856 0.003836758490855667 0.0028351184836530796] 10 25317.214168787003s
2022-05-05 17:18:05.727591 (1.0, 100000.0, 30, 10.0, 0.3, 0.301, 2.0, 3) [0.09916315179319132 0.002667826641691443 0.010517497057786925] 10 176390.7121706009s
2022-05-05 19:54:06.644878 (1.0, 100000.0, 29, 10.0, 0.3, 0.286, 2.0, 3) [0.12251945180615226 0.003558350438907227 0.003316876642651398] 10 22291.821783542633s
2022-05-05 21:20:48.271079 (1.0, 100000.0, 29, 10.0, 0.3, 0.307, 2.0, 3) [0.09504312705209715 0.004089653686710228 0.016248474452646666] 10 17073.334025621414s
2022-05-05 22:07:30.649928 (1.0, 100000.0, 30, 10.0, 0.3, 0.3, 2.0, 3) [0.09697017285029887 0.0023709099366987837 0.011986560488071469] 10 19875.619548797607s
2022-05-06 02:01:34.888082 (1.0, 100000.0, 29, 10.0, 0.3, 0.307, 2.0, 3) [0.0944722008695345 0.002214210778784232 0.016846767494516954] 10 16846.58940434456s
2022-05-06 04:04:45.818263 (1.0, 100000.0, 30, 10.0, 0.3, 0.3, 2.0, 3) [0.10180515524314658 0.0037232230484371457 0.008990203262302286] 10 21435.14694094658s
2022-05-06 06:07:13.686261 (1.0, 100000.0, 29, 10.0, 0.3, 0.286, 2.0, 3) [0.12309805956604701 0.003445091880991701 0.003215684945418635] 10 36787.02085018158s
2022-05-06 06:48:31.062456 (1.0, 100000.0, 29, 10.0, 0.3, 0.307, 2.0, 3) [0.0947401681256489 0.0035025293648296854 0.01653954695844683] 10 17216.166415691376s
2022-05-06 07:36:24.069485 (1.0, 100000.0, 30, 10.0, 0.3, 0.301, 2.0, 3) [0.10203981854073625 0.0029631995406796652 0.00886308082529478] 10 51498.32531142235s
2022-05-06 09:58:48.631674 (1.0, 100000.0, 30, 10.0, 0.3, 0.3, 2.0, 3) [0.09781029805757588 0.0030394296099421395 0.011367370193466042] 10 21242.796181678772s
2022-05-06 11:55:56.277905 (1.0, 100000.0, 29, 10.0, 0.3, 0.307, 2.0, 3) [0.09316650323509182 0.0032377701469723332 0.018090802728572608] 10 18445.201601028442s
2022-05-06 13:28:03.983581 (1.0, 100000.0, 29, 10.0, 0.3, 0.286, 2.0, 3) [0.12356056117367141 0.0036226209755638775 0.0031230579098590937] 10 26450.284069299698s
2022-05-06 15:51:46.239295 (1.0, 100000.0, 30, 10.0, 0.3, 0.3, 2.0, 3) [0.10260531237684527 0.0032755342228868167 0.008567344500315188] 10 21177.56319642067s
2022-05-06 17:36:31.470399 (1.0, 100000.0, 29, 10.0, 0.3, 0.307, 2.0, 3) [0.09764506559242551 0.002420385763445462 0.014039278108441135] 10 20435.17293691635s
2022-05-06 18:34:42.663669 (1.0, 100000.0, 29, 10.0, 0.3, 0.32, 2.0, 3) [0.08138281875196518 0.0032485365757212183 0.0356686863465849] 10 18382.939509630203s
2022-05-06 22:00:03.718580 (1.0, 100000.0, 30, 10.0, 0.3, 0.3, 2.0, 3) [0.10059985416362752 0.004986750877747651 0.009664681774226556] 10 22097.365025997162s
2022-05-06 22:25:20.746231 (1.0, 100000.0, 29, 10.0, 0.3, 0.307, 2.0, 3) [0.0946967483136943 0.0017060358339328395 0.016556023543159763] 10 17329.236050367355s
2022-05-06 22:53:18.747158 (1.0, 100000.0, 30, 10.0, 0.3, 0.301, 2.0, 3) [0.09890771139906718 0.0027894875163543987 0.010672734295741608] 10 55014.66300845146s
2022-05-06 23:44:33.876879 (1.0, 100000.0, 29, 10.0, 0.3, 0.32, 2.0, 3) [0.07862293882093262 0.004427718900521701 0.041641333550113645] 10 18591.206900835037s
2022-05-07 04:16:23.892326 (1.0, 100000.0, 30, 10.0, 0.3, 0.3, 2.0, 3) [0.09742816592065624 0.003906556727500972 0.011678676345471277] 10 22580.14220237732s
2022-05-07 04:54:10.390700 (1.0, 100000.0, 29, 10.0, 0.3, 0.32, 2.0, 3) [0.07960133479400223 0.0027179311726077075 0.03942587057898416] 10 18576.491658210754s
2022-05-07 10:08:07.480783 (1.0, 100000.0, 29, 10.0, 0.3, 0.32, 2.0, 3) [0.08148739490862046 0.0033688510631621474 0.035435130698237435] 10 18837.066960811615s
2022-05-07 10:18:01.931547 (1.0, 100000.0, 29, 10.0, 0.3, 0.307, 2.0, 3) [0.09251305304150544 0.003040320284381882 0.018787879485684625] 10 42761.175101041794s
2022-05-07 10:24:40.556499 (1.0, 100000.0, 30, 10.0, 0.3, 0.3, 2.0, 3) [0.0982783373835443 0.0030647106852495455 0.011083987719270893] 10 22096.626768112183s
2022-05-07 15:19:33.479885 (1.0, 100000.0, 29, 10.0, 0.3, 0.32, 2.0, 3) [0.08001139576264199 0.0023618639784787447 0.038450918504820894] 10 18685.9712972641s
2022-05-07 16:35:24.736645 (1.0, 100000.0, 30, 10.0, 0.3, 0.3, 2.0, 3) [0.10150927286304035 0.0034464141212341586 0.009146219900224338] 10 22244.13122868538s
2022-05-07 16:36:54.607565 (1.0, 100000.0, 29, 10.0, 0.3, 0.307, 2.0, 3) [0.09337241979930042 0.005693965425133271 0.017839122355243743] 10 22732.658367156982s
2022-05-07 20:32:01.669204 (1.0, 100000.0, 29, 10.0, 0.3, 0.32, 2.0, 3) [0.08043664606154566 0.002708071023256415 0.037688840951141236] 10 18748.180933475494s
2022-05-07 21:13:01.961835 (1.0, 100000.0, 29, 10.0, 0.3, 0.307, 2.0, 3) [0.09694533275220847 0.001794848956817193 0.01456243487439575] 10 16567.296101093292s
2022-05-07 22:42:03.356178 (1.0, 100000.0, 30, 10.0, 0.3, 0.3, 2.0, 3) [0.10190183873604337 0.002185714665553938 0.008935281896062776] 10 21998.5778734684s
2022-05-08 01:47:26.244763 (1.0, 100000.0, 29, 10.0, 0.3, 0.32, 2.0, 3) [0.08073755557906052 0.0035548383129793914 0.036935681778640685] 10 18924.541997909546s
2022-05-08 01:49:55.936237 (1.0, 100000.0, 29, 10.0, 0.3, 0.307, 2.0, 3) [0.09702763183664942 0.0018043955108335806 0.014534685558276795] 10 16613.649510622025s
2022-05-08 04:46:37.567606 (1.0, 100000.0, 30, 10.0, 0.3, 0.3, 2.0, 3) [0.09935263116353944 0.0024621973545667624 0.010389356722458538] 10 21874.1853621006s
2022-05-08 06:33:28.942286 (1.0, 100000.0, 29, 10.0, 0.3, 0.292, 2.0, 3) [0.11493976194160119 0.0028287397067894467 0.005141028582681934] 10 16949.634420633316s
2022-05-08 06:58:03.361609 (1.0, 100000.0, 29, 10.0, 0.3, 0.32, 2.0, 3) [0.0810657463383077 0.005327639694941167 0.03630720424312267] 10 18637.018788814545s
2022-05-08 10:16:02.357331 (1.0, 100000.0, 30, 10.0, 0.3, 0.298, 2.0, 3) [0.10182310753151146 0.003245052708699178 0.008964516256011535] 10 19732.351126909256s
2022-05-08 11:18:49.782238 (1.0, 100000.0, 29, 10.0, 0.3, 0.292, 2.0, 3) [0.11542031001195707 0.0037964163802981163 0.005009679527123386] 10 17120.82407808304s
2022-05-08 11:58:58.389242 (1.0, 100000.0, 30, 10.0, 0.3, 0.301, 2.0, 3) [0.09890570675546853 0.00208462407731744 0.010680596128900158] 10 133539.6089632511s
2022-05-08 12:18:10.673563 (1.0, 100000.0, 29, 10.0, 0.3, 0.32, 2.0, 3) [0.07916042028931841 0.003935687546401634 0.04049685535094936] 10 19207.28842496872s
2022-05-08 15:53:30.063753 (1.0, 100000.0, 30, 10.0, 0.3, 0.298, 2.0, 3) [0.10226291773096081 0.0029063391786183067 0.008731503236889452] 10 20247.653563976288s
2022-05-08 16:03:40.755613 (1.0, 100000.0, 29, 10.0, 0.3, 0.292, 2.0, 3) [0.11669254136922425 0.003692159840073635 0.0046512373916608825] 10 17090.958601236343s
2022-05-08 17:33:54.974870 (1.0, 100000.0, 29, 10.0, 0.3, 0.32, 2.0, 3) [0.07975898088322865 0.002823778429256052 0.03899251248873439] 10 18944.29062438011s
2022-05-08 19:22:14.052783 (1.0, 100000.0, 30, 10.0, 0.3, 0.301, 2.0, 3) [0.0969235185957957 0.002610657195891059 0.012005023098434778] 10 26595.637214899063s
2022-05-08 20:48:28.517280 (1.0, 100000.0, 29, 10.0, 0.3, 0.292, 2.0, 3) [0.11480746335094812 0.002613820615501353 0.005184167835526093] 10 17087.73477959633s
2022-05-08 21:31:55.698670 (1.0, 100000.0, 30, 10.0, 0.3, 0.298, 2.0, 3) [0.10162285870168392 0.003970220578627561 0.009079634466174465] 10 20305.615574598312s
2022-05-08 22:48:29.845117 (1.0, 100000.0, 29, 10.0, 0.3, 0.301, 2.0, 3) [0.10039096267132597 0.00237715506918973 0.011936850886895039] 10 18860.041430950165s
2022-05-09 01:33:34.928020 (1.0, 100000.0, 29, 10.0, 0.3, 0.292, 2.0, 3) [0.11293280298721052 0.002626834133673914 0.00577640941848704] 10 17106.39861226082s
2022-05-09 03:05:02.817495 (1.0, 100000.0, 30, 10.0, 0.3, 0.298, 2.0, 3) [0.10069473212276243 0.0025852739293567377 0.00958896930934518] 10 19987.069272994995s
2022-05-09 04:00:11.478728 (1.0, 100000.0, 29, 10.0, 0.3, 0.301, 2.0, 3) [0.1033818097942542 0.005575528213278932 0.010063612959357872] 10 18701.605630159378s
2022-05-09 06:17:22.667997 (1.0, 100000.0, 29, 10.0, 0.3, 0.292, 2.0, 3) [0.11774142001769992 0.0031052979425303454 0.004397955440149608] 10 17027.716186523438s
2022-05-09 08:32:55.517467 (1.0, 100000.0, 30, 10.0, 0.3, 0.298, 2.0, 3) [0.09973651883952642 0.0036807948296279686 0.01015663279511182] 10 19672.670970916748s
2022-05-09 09:09:54.906720 (1.0, 100000.0, 29, 10.0, 0.3, 0.301, 2.0, 3) [0.10040570135240369 0.0039354885842997015 0.011909464126134698] 10 18583.39855337143s
2022-05-09 10:57:39.441797 (1.0, 100000.0, 29, 10.0, 0.3, 0.292, 2.0, 3) [0.11664837640651862 0.00425266363199794 0.004667397809132818] 10 16816.744790315628s
2022-05-09 11:35:07.731892 (1.0, 100000.0, 30, 10.0, 0.3, 0.301, 2.0, 3) [0.09741054405356062 0.002676385257041722 0.011677442042210717] 10 58373.660281419754s
2022-05-09 14:13:53.037031 (1.0, 100000.0, 29, 10.0, 0.3, 0.301, 2.0, 3) [0.10313507761287301 0.002690125263282749 0.010178584226442243] 10 18238.10924077034s
2022-05-09 14:15:31.644451 (1.0, 100000.0, 30, 10.0, 0.3, 0.298, 2.0, 3) [0.10129267386337006 0.0020449789326292584 0.00925708259541333] 10 20556.10941529274s
2022-05-09 15:37:47.285964 (1.0, 100000.0, 29, 10.0, 0.3, 0.292, 2.0, 3) [0.11261190996086166 0.0018725130900664267 0.005884680561226384] 10 16807.805419921875s
2022-05-09 19:24:07.412308 (1.0, 100000.0, 29, 10.0, 0.3, 0.301, 2.0, 3) [0.10284504555383217 0.002991895278965082 0.01035374389526502] 10 18614.303958892822s
2022-05-09 20:18:42.877105 (1.0, 100000.0, 29, 10.0, 0.3, 0.292, 2.0, 3) [0.11234251311305601 0.0023989815088080904 0.0059795206457357005] 10 16855.575729608536s
2022-05-09 20:47:25.952481 (1.0, 100000.0, 30, 10.0, 0.3, 0.298, 2.0, 3) [0.10259027993352374 0.0016494275865435832 0.00857013893538645] 10 23514.305648326874s
2022-05-10 00:37:02.641650 (1.0, 100000.0, 30, 10.0, 0.3, 0.301, 2.0, 3) [0.10075869751100985 0.0042521181360283345 0.009609614577119169] 10 46914.88238620758s
2022-05-10 01:27:27.511760 (1.0, 100000.0, 29, 10.0, 0.3, 0.292, 2.0, 3) [0.11404810481993 0.003559216979220834 0.005417329953541844] 10 18524.59808921814s
2022-05-10 02:16:15.816662 (1.0, 100000.0, 29, 10.0, 0.3, 0.301, 2.0, 3) [0.10451097327359987 0.004288093699885249 0.009431391417852866] 10 24728.08430457115s
2022-05-10 02:46:13.625104 (1.0, 100000.0, 30, 10.0, 0.3, 0.298, 2.0, 3) [0.10302348178196753 0.004374872109172408 0.008355059165780295] 10 21527.48646211624s
2022-05-10 10:00:50.911774 (1.0, 100000.0, 30, 10.0, 0.3, 0.298, 2.0, 3) [0.10308475454972006 0.00277117862726402 0.008305019307383634] 10 26077.263488292694s
2022-05-10 10:20:03.510933 (1.0, 100000.0, 29, 10.0, 0.3, 0.301, 2.0, 3) [0.10474881021365215 0.0034843495704316198 0.009303225025101959] 10 29027.48122048378s
2022-05-10 15:22:03.947786 (1.0, 100000.0, 29, 10.0, 0.3, 0.301, 2.0, 3) [0.10264707884796678 0.003517322858985652 0.010485971187986422] 10 18120.2558093071s
2022-05-10 18:52:35.911249 (1.0, 100000.0, 30, 10.0, 0.3, 0.298, 2.0, 3) [0.10606787744695466 0.0037542358885651905 0.006979152346992853] 10 31904.972119808197s
2022-05-10 20:03:19.149188 (1.0, 100000.0, 29, 10.0, 0.3, 0.301, 2.0, 3) [0.10199414527811995 0.0027008556681703305 0.010875767559080872] 10 16875.181990623474s
2022-05-10 23:33:38.630647 (1.0, 100000.0, 30, 10.0, 0.3, 0.3002, 2.0, 3) [0.09954742219925854 0.004242314954468644 0.010273466837864044] 10 13670.293828010559s
2022-05-11 00:44:52.962941 (1.0, 100000.0, 29, 10.0, 0.3, 0.301, 2.0, 3) [0.10068698679870387 0.0022072014150101315 0.011730427098532812] 10 16893.663960933685s
2022-05-11 03:02:18.523449 (1.0, 100000.0, 29, 10.0, 0.3, 0.302, 2.0, 3) [0.10168022621569009 0.0024396693195751036 0.011078790682318969] 10 26190.941682100296s
2022-05-11 03:22:22.752455 (1.0, 100000.0, 30, 10.0, 0.3, 0.3002, 2.0, 3) [0.09856287045670174 0.0033472306242499287 0.01088418567630201] 10 13724.07535481453s
2022-05-11 07:10:30.430599 (1.0, 100000.0, 30, 10.0, 0.3, 0.3002, 2.0, 3) [0.10187873096094785 0.0036329248999739557 0.008958857882936874] 10 13687.676097869873s
2022-05-11 07:13:14.378850 (1.0, 100000.0, 30, 10.0, 0.3, 0.307, 2.0, 3) [0.09160510905825936 0.002321079214297329 0.016518175650602693] 10 44420.177377700806s
2022-05-11 08:46:27.956775 (1.0, 100000.0, 29, 10.0, 0.3, 0.298, 2.0, 3) [0.10509904530451283 0.001987465676367411 0.009093119795480024] 10 28887.66394495964s
2022-05-11 09:21:06.363167 (1.0, 100000.0, 29, 10.0, 0.3, 0.302, 2.0, 3) [0.09961010735930553 0.004400688835861669 0.012494044191071115] 10 22727.803164958954s
2022-05-11 10:51:41.496808 (1.0, 100000.0, 30, 10.0, 0.3, 0.301, 2.0, 3) [0.09811347772181045 0.0022447992700876584 0.011179500798110881] 10 123278.84462618828s
2022-05-11 10:58:17.647196 (1.0, 100000.0, 30, 10.0, 0.3, 0.3002, 2.0, 3) [0.09680773981881557 0.0028950067800174234 0.01209209552277337] 10 13667.198489665985s
2022-05-11 13:51:53.202442 (1.0, 100000.0, 29, 10.0, 0.3, 0.298, 2.0, 3) [0.10461867694461427 0.005059566712956284 0.009344785139395961] 10 18325.229412317276s
2022-05-11 14:48:21.479593 (1.0, 100000.0, 30, 10.0, 0.3, 0.3002, 2.0, 3) [0.09775339863913529 0.0033792302563294616 0.011446263383972859] 10 13803.830756664276s
2022-05-11 15:02:24.383201 (1.0, 100000.0, 29, 10.0, 0.3, 0.302, 2.0, 3) [0.09991376458527662 0.0015417125011645 0.01224948007051427] 10 20478.006074666977s
2022-05-11 15:27:48.147717 (1.0, 100000.0, 30, 10.0, 0.3, 0.307, 2.0, 3) [0.09135915687637856 0.0025617091823968595 0.016786905767776417] 10 29673.76676273346s
2022-05-11 18:40:34.966039 (1.0, 100000.0, 30, 10.0, 0.3, 0.3002, 2.0, 3) [0.09650523253935796 0.002315745142086653 0.01229768986215695] 10 13933.473602294922s
2022-05-11 19:01:56.554750 (1.0, 100000.0, 29, 10.0, 0.3, 0.298, 2.0, 3) [0.10652241882399009 0.0036691126397945316 0.008385413548346729] 10 18603.336191415787s
2022-05-11 19:20:23.522956 (1.0, 100000.0, 30, 10.0, 0.3, 0.301, 2.0, 3) [0.09559555004835413 0.006158392742007424 0.013004449303605354] 10 30521.998486995697s
2022-05-11 20:35:44.718404 (1.0, 100000.0, 29, 10.0, 0.3, 0.302, 2.0, 3) [0.09704015073588211 0.004159249074019009 0.014462578659263606] 10 20000.16338610649s
2022-05-11 21:59:34.440622 (1.0, 100000.0, 30, 10.0, 0.3, 0.307, 2.0, 3) [0.0919061889868874 0.0031449739160902368 0.01623785340882055] 10 23506.266162395477s
2022-05-11 22:34:37.799421 (1.0, 100000.0, 30, 10.0, 0.3, 0.3002, 2.0, 3) [0.09858915205116678 0.0023486175086903844 0.010896908617617808] 10 14042.725618362427s
2022-05-12 00:17:59.415538 (1.0, 100000.0, 29, 10.0, 0.3, 0.298, 2.0, 3) [0.10825495675042716 0.003785311248187324 0.007597872407441957] 10 18962.82226252556s
2022-05-12 01:54:58.546231 (1.0, 100000.0, 29, 10.0, 0.3, 0.302, 2.0, 3) [0.09823992204804409 0.004277898012174946 0.013490562266127694] 10 19153.798498153687s
2022-05-12 02:28:33.658383 (1.0, 100000.0, 30, 10.0, 0.3, 0.3002, 2.0, 3) [0.09727884135655414 0.004275265671529017 0.01174838033199553] 10 14035.8419983387s
2022-05-12 04:29:03.107801 (1.0, 100000.0, 30, 10.0, 0.3, 0.307, 2.0, 3) [0.09290740711578782 0.0029774282527598728 0.015248117468926382] 10 23368.639506340027s
2022-05-12 05:55:43.230435 (1.0, 100000.0, 29, 10.0, 0.3, 0.298, 2.0, 3) [0.10361853252268555 0.002291173369642594 0.009898922038394466] 10 20263.68379497528s
2022-05-12 06:26:47.137232 (1.0, 100000.0, 30, 10.0, 0.3, 0.3002, 2.0, 3) [0.1019995968647927 0.0022105421640671256 0.008887335756781896] 10 14293.459743976593s
2022-05-12 07:34:46.167236 (1.0, 100000.0, 29, 10.0, 0.3, 0.302, 2.0, 3) [0.10154984380930938 0.0028393116575972863 0.01117458179310671] 10 20387.60849237442s
2022-05-12 10:21:54.421350 (1.0, 100000.0, 30, 10.0, 0.3, 0.3002, 2.0, 3) [0.10017621737228885 0.0032521733014280155 0.009889442215045494] 10 14107.265811443329s
2022-05-12 10:57:19.412274 (1.0, 100000.0, 30, 10.0, 0.3, 0.307, 2.0, 3) [0.0902655724581154 0.002402275803334663 0.017871014875541723] 10 23296.285237789154s
2022-05-12 11:35:23.758492 (1.0, 100000.0, 29, 10.0, 0.3, 0.298, 2.0, 3) [0.10764897367361163 0.003818951488005849 0.00786065012819889] 10 20380.496950387955s
2022-05-12 13:09:19.015227 (1.0, 100000.0, 29, 10.0, 0.3, 0.302, 2.0, 3) [0.1023412357476137 0.0024375667864782054 0.01068329335210793] 10 20072.826398849487s
2022-05-12 14:16:36.679962 (1.0, 100000.0, 30, 10.0, 0.3, 0.2998, 2.0, 3) [0.10170234994518362 0.0029693957199713513 0.009040510281403099] 10 14057.10670208931s
2022-05-12 16:53:22.450652 (1.0, 100000.0, 29, 10.0, 0.3, 0.298, 2.0, 3) [0.10520121009883314 0.003916896459662244 0.00902444971234067] 10 19078.679709911346s
2022-05-12 17:16:40.640302 (1.0, 100000.0, 30, 10.0, 0.3, 0.307, 2.0, 3) [0.09204504977202844 0.0026529701517542838 0.0160706642092526] 10 22761.2124376297s
2022-05-12 18:07:50.954074 (1.0, 100000.0, 30, 10.0, 0.3, 0.2998, 2.0, 3) [0.10499567868538441 0.0032332065865663404 0.007462537772662012] 10 13874.230733394623s
2022-05-12 18:37:19.827137 (1.0, 100000.0, 29, 10.0, 0.3, 0.302, 2.0, 3) [0.10077664286244582 0.0029544944906419283 0.011671054376024705] 10 19680.78263425827s
2022-05-12 18:48:20.454019 (1.0, 100000.0, 30, 10.0, 0.3, 0.301, 2.0, 3) [0.09659613654655892 0.0029425795742458734 0.012237106181089002] 10 84476.90255665779s
2022-05-12 21:59:03.528306 (1.0, 100000.0, 30, 10.0, 0.3, 0.2998, 2.0, 3) [0.09829932715180188 0.004540705093254213 0.011060225694299479] 10 13870.14987540245s
2022-05-12 23:05:55.773178 (1.0, 100000.0, 29, 10.0, 0.3, 0.298, 2.0, 3) [0.10785360019420384 0.00251952715163083 0.007767115750077171] 10 22353.160408735275s
2022-05-12 23:51:56.393454 (1.0, 100000.0, 30, 10.0, 0.3, 0.307, 2.0, 3) [0.08917182738928191 0.002435157337004089 0.019078373608531807] 10 23715.71605324745s
2022-05-13 01:10:18.854957 (1.0, 100000.0, 29, 10.0, 0.3, 0.302, 2.0, 3) [0.1021768571497312 0.003409829618047388 0.010775696716351741] 10 23578.161774635315s
2022-05-13 01:48:09.296233 (1.0, 100000.0, 30, 10.0, 0.3, 0.286, 2.0, 3) [0.11879987163652934 0.0021413427175881587 0.0032416795563235666] 10 24336.811770677567s
2022-05-13 02:12:54.386479 (1.0, 100000.0, 30, 10.0, 0.3, 0.2998, 2.0, 3) [0.09715703628567583 0.0029967740734777016 0.011830987450762621] 10 15230.11856341362s
2022-05-13 04:09:50.473305 (1.0, 100000.0, 29, 10.0, 0.3, 0.298, 2.0, 3) [0.11019681093772715 0.002682814305807358 0.006800960518573386] 10 18234.46092247963s
2022-05-13 06:11:01.243130 (1.0, 100000.0, 30, 10.0, 0.3, 0.307, 2.0, 3) [0.09016147468806733 0.002567011264193589 0.01800283958719287] 10 22744.78266811371s
2022-05-13 06:21:33.900584 (1.0, 100000.0, 30, 10.0, 0.3, 0.2998, 2.0, 3) [0.1018936072729439 0.0027592910818412483 0.008947062167904161] 10 14919.444161653519s
2022-05-13 09:13:20.508158 (1.0, 100000.0, 29, 10.0, 0.3, 0.302, 2.0, 3) [0.09984414071517045 0.002834260613215563 0.012312274955969404] 10 28981.466667175293s
2022-05-13 09:15:43.824042 (1.0, 100000.0, 29, 10.0, 0.3, 0.298, 2.0, 3) [0.10212079836054457 0.0023814397903589983 0.010790948408977827] 10 18353.330412626266s
2022-05-13 10:20:05.995041 (1.0, 100000.0, 30, 10.0, 0.3, 0.2998, 2.0, 3) [0.09970376516935278 0.0021658123468565405 0.01016957146169573] 10 14312.071402072906s
2022-05-13 12:01:48.119638 (1.0, 100000.0, 30, 10.0, 0.3, 0.307, 2.0, 3) [0.09109253524028288 0.003653261004012775 0.017030324159071467] 10 21046.84019589424s
2022-05-13 14:17:49.875563 (1.0, 100000.0, 30, 10.0, 0.3, 0.2998, 2.0, 3) [0.09991275088575058 0.003695286906081569 0.010066264942474187] 10 14263.862416028976s
2022-05-13 14:32:18.386008 (1.0, 100000.0, 29, 10.0, 0.3, 0.3002, 2.0, 3) [0.10194440618534738 0.003623237502891565 0.010924805677832161] 10 19129.62408232689s
2022-05-13 14:57:16.733173 (1.0, 100000.0, 29, 10.0, 0.3, 0.3, 2.0, 3) [0.109045568158776 0.0033454233430382646 0.007258141161128329] 10 20485.025231599808s
2022-05-13 18:11:05.540517 (1.0, 100000.0, 30, 10.0, 0.3, 0.307, 2.0, 3) [0.0903299287583469 0.0033118920670113035 0.017835661781490632] 10 22157.404899597168s
2022-05-13 18:16:39.330279 (1.0, 100000.0, 30, 10.0, 0.3, 0.2998, 2.0, 3) [0.10300148559045115 0.002274021652460923 0.008376774173482891] 10 14329.424860954285s
2022-05-13 19:50:08.710281 (1.0, 100000.0, 29, 10.0, 0.3, 0.3002, 2.0, 3) [0.10287780209410188 0.0024901543292888467 0.010360564480963383] 10 19070.303686380386s
2022-05-13 22:11:41.701408 (1.0, 100000.0, 30, 10.0, 0.3, 0.2998, 2.0, 3) [0.10222317707558888 0.0035293737233594684 0.00876845299897755] 10 14102.36810040474s
2022-05-14 00:11:40.141742 (1.0, 100000.0, 30, 10.0, 0.3, 0.312, 2.0, 3) [0.08771422682458822 0.0020182933629833383 0.02083938662251466] 10 21615.697481393814s
2022-05-14 00:49:39.430390 (1.0, 100000.0, 29, 10.0, 0.3, 0.3002, 2.0, 3) [0.10607497868469368 0.004663799717972877 0.008596636346828522] 10 17970.696155548096s
2022-05-14 02:10:12.043842 (1.0, 100000.0, 30, 10.0, 0.3, 0.2998, 2.0, 3) [0.10141012204912145 0.0020615355620423313 0.009196477034983875] 10 14310.316852331161s
2022-05-14 05:47:19.409042 (1.0, 100000.0, 29, 10.0, 0.3, 0.3002, 2.0, 3) [0.10593034233714198 0.00295409569320298 0.00866975512012439] 10 17859.956372737885s
2022-05-14 06:01:14.825099 (1.0, 100000.0, 30, 10.0, 0.3, 0.312, 2.0, 3) [0.08842748398720554 0.002526884139821995 0.02003834637658325] 10 20974.658887147903s
2022-05-14 06:06:51.756053 (1.0, 100000.0, 30, 10.0, 0.3, 0.305, 2.0, 3) [0.09306043880263067 0.002672344841376542 0.01511043551387367] 10 14180.433633565903s
2022-05-14 10:05:04.188304 (1.0, 100000.0, 30, 10.0, 0.3, 0.305, 2.0, 3) [0.08952735935920648 0.003467012299314797 0.018624207202034126] 10 14292.379079818726s
2022-05-14 10:44:26.127072 (1.0, 100000.0, 29, 10.0, 0.3, 0.3002, 2.0, 3) [0.10249950075965011 0.003414384893716267 0.01055446225989266] 10 17826.675766468048s
2022-05-14 11:48:21.596219 (1.0, 100000.0, 30, 10.0, 0.3, 0.312, 2.0, 3) [0.08928824780995383 0.004735939074533111 0.01905141376487813] 10 20826.74527335167s
2022-05-14 14:03:20.104027 (1.0, 100000.0, 30, 10.0, 0.3, 0.305, 2.0, 3) [0.09130828240855662 0.002374396060453126 0.016781436572652002] 10 14295.841909646988s
2022-05-14 15:34:41.265723 (1.0, 100000.0, 29, 10.0, 0.3, 0.3002, 2.0, 3) [0.09997092582818078 0.0022119393003104107 0.012220093039285989] 10 17415.10901093483s
2022-05-14 17:17:41.129496 (1.0, 100000.0, 30, 10.0, 0.3, 0.312, 2.0, 3) [0.08502391385223448 0.0033142456104026698 0.02444881656930158] 10 19759.516707658768s
2022-05-14 18:02:21.904729 (1.0, 100000.0, 30, 10.0, 0.3, 0.305, 2.0, 3) [0.09446319376362669 0.003605784870762525 0.013931105906870833] 10 14341.731262683868s
2022-05-14 20:26:37.197457 (1.0, 100000.0, 29, 10.0, 0.3, 0.3002, 2.0, 3) [0.10243902241243968 0.002278186550495645 0.010609538639547967] 10 17515.90476989746s
2022-05-14 22:01:36.621305 (1.0, 100000.0, 30, 10.0, 0.3, 0.305, 2.0, 3) [0.09571051836281022 0.002516626325609142 0.012931697900520372] 10 14354.62881731987s
2022-05-14 22:53:59.765216 (1.0, 100000.0, 30, 10.0, 0.3, 0.312, 2.0, 3) [0.08736976952111059 0.004944680537580571 0.021307885149034214] 10 20178.619465827942s
2022-05-15 01:20:01.114918 (1.0, 100000.0, 29, 10.0, 0.3, 0.3002, 2.0, 3) [0.10613707806681193 0.002145372076093781 0.008573207925934802] 10 17603.90183711052s
2022-05-15 02:00:00.710379 (1.0, 100000.0, 30, 10.0, 0.3, 0.305, 2.0, 3) [0.09537691245871464 0.0034863809163240876 0.013220393084552598] 10 14304.017464399338s
2022-05-15 04:19:39.884379 (1.0, 100000.0, 30, 10.0, 0.3, 0.312, 2.0, 3) [0.08749034143262645 0.0022397332838907753 0.02111616528540093] 10 19540.101076602936s
2022-05-15 05:56:35.061277 (1.0, 100000.0, 30, 10.0, 0.3, 0.305, 2.0, 3) [0.09213410025173138 0.0026261291286503053 0.015977812027186997] 10 14194.274671554565s
2022-05-15 06:19:49.781100 (1.0, 100000.0, 29, 10.0, 0.3, 0.3002, 2.0, 3) [0.10587819669729258 0.00249174920527179 0.008710793048770872] 10 17988.653898715973s
2022-05-15 09:53:04.293349 (1.0, 100000.0, 30, 10.0, 0.3, 0.305, 2.0, 3) [0.09350487178264111 0.0030160875638418146 0.01473781286428759] 10 14189.150219202042s
2022-05-15 10:08:13.369180 (1.0, 100000.0, 30, 10.0, 0.3, 0.312, 2.0, 3) [0.08691527737584037 0.0036688081047217824 0.021858403661797456] 10 20913.466643095016s
2022-05-15 11:18:24.565566 (1.0, 100000.0, 29, 10.0, 0.3, 0.3002, 2.0, 3) [0.10318017908348057 0.002455913721454595 0.01017811167732505] 10 17914.757996320724s
2022-05-15 13:48:05.270725 (1.0, 100000.0, 30, 10.0, 0.3, 0.305, 2.0, 3) [0.0927529143959317 0.002551409525168043 0.015422163751580266] 10 14100.916162252426s
2022-05-15 15:30:00.056734 (1.0, 100000.0, 30, 10.0, 0.3, 0.312, 2.0, 3) [0.08341676100805025 0.0029691544483457623 0.02687725617809111] 10 19306.677032470703s
2022-05-15 16:18:59.941731 (1.0, 100000.0, 29, 10.0, 0.3, 0.2998, 2.0, 3) [0.10340890170188484 0.0016244913594150165 0.010029371795502996] 10 18027.637377500534s
2022-05-15 17:39:46.554297 (1.0, 100000.0, 30, 10.0, 0.3, 0.305, 2.0, 3) [0.09056176107955785 0.0020694899460980587 0.017518634375019913] 10 13901.26134109497s
2022-05-15 21:14:44.636634 (1.0, 100000.0, 29, 10.0, 0.3, 0.2998, 2.0, 3) [0.10136551287454003 0.0019301871121389365 0.011269322606129499] 10 17744.674214839935s
2022-05-15 21:25:50.663871 (1.0, 100000.0, 30, 10.0, 0.3, 0.3001, 2.0, 3) [0.10098224522485126 0.003042030916169068 0.009431110820124617] 10 13558.106869220734s
2022-05-16 01:09:51.451959 (1.0, 100000.0, 30, 10.0, 0.3, 0.3001, 2.0, 3) [0.09831424038622232 0.002980872545826034 0.01106067546160348] 10 13440.786320924759s
2022-05-16 02:08:13.869105 (1.0, 100000.0, 29, 10.0, 0.3, 0.2998, 2.0, 3) [0.10422268161751437 0.0031319769743548367 0.009581166793313544] 10 17609.22058081627s
2022-05-16 04:53:49.377169 (1.0, 100000.0, 30, 10.0, 0.3, 0.3001, 2.0, 3) [0.0980046485423879 0.002831719220618842 0.011250466294211245] 10 13437.922978162766s
2022-05-16 07:03:46.846258 (1.0, 100000.0, 29, 10.0, 0.3, 0.2998, 2.0, 3) [0.10563542262538032 0.0028421408893786974 0.008856936621147754] 10 17732.927575588226s
2022-05-16 08:37:45.207781 (1.0, 100000.0, 30, 10.0, 0.3, 0.3001, 2.0, 3) [0.09985729121904822 0.003113005015187308 0.010095230212374065] 10 13435.749563694s
2022-05-16 12:22:15.116602 (1.0, 100000.0, 30, 10.0, 0.3, 0.3001, 2.0, 3) [0.099471218357343 0.003723498918738808 0.010326526952923512] 10 13469.85252404213s
2022-05-16 13:02:29.885651 (1.0, 100000.0, 29, 10.0, 0.3, 0.2998, 2.0, 3) [0.10425585130715119 0.003934998180906873 0.009540592256028258] 10 21523.025047063828s
2022-05-16 16:09:25.024486 (1.0, 100000.0, 30, 10.0, 0.3, 0.3001, 2.0, 3) [0.09949240952415185 0.004250026210170453 0.010323203945172499] 10 13629.880148172379s
2022-05-16 20:09:53.317611 (1.0, 100000.0, 29, 10.0, 0.3, 0.28, 2.0, 3) [0.12984742726228884 0.005283904706642023 0.002167015982085843] 10 65737.6740887165s
2022-05-16 20:27:25.732571 (1.0, 100000.0, 30, 10.0, 0.3, 0.3001, 2.0, 3) [0.10229038611994493 0.0034591279102897127 0.008739368313641136] 10 15480.684260606766s
2022-05-16 21:01:24.301273 (1.0, 100000.0, 30, 10.0, 0.3, 0.28, 2.0, 3) [0.12462208872955853 0.003400456114816204 0.002282965493440625] 10 68828.60633349419s
2022-05-16 21:07:24.516697 (1.0, 100000.0, 29, 10.0, 0.3, 0.2998, 2.0, 3) [0.10054068606447059 0.0036866897017299267 0.011826176596004335] 10 29094.591930389404s
2022-05-17 00:45:15.119315 (1.0, 100000.0, 30, 10.0, 0.3, 0.3001, 2.0, 3) [0.09911455822911716 0.0031847395190354702 0.010562391300478435] 10 15469.368065595627s
2022-05-17 03:22:26.993339 (1.0, 100000.0, 29, 10.0, 0.3, 0.2998, 2.0, 3) [0.10111782187620934 0.003713877237735204 0.011441076018285971] 10 22502.473939180374s
2022-05-17 05:05:02.223788 (1.0, 100000.0, 30, 10.0, 0.3, 0.3001, 2.0, 3) [0.10120390507853584 0.0034229522039810434 0.009323570193796362] 10 15587.072182178497s
2022-05-17 08:32:14.104617 (1.0, 100000.0, 30, 10.0, 0.3, 0.28, 2.0, 3) [0.1296191923547872 0.0027400382121976516 0.0016990808245448087] 10 41449.784350156784s
2022-05-17 09:05:46.793574 (1.0, 100000.0, 30, 10.0, 0.3, 0.3001, 2.0, 3) [0.09926439597373324 0.003963093029209906 0.010426452264077204] 10 14444.51160621643s
2022-05-17 09:51:41.971345 (1.0, 100000.0, 29, 10.0, 0.3, 0.2998, 2.0, 3) [0.10312264687176412 0.0037811739273104932 0.010185170704485979] 10 23354.94823217392s
2022-05-17 13:00:24.405346 (1.0, 100000.0, 30, 10.0, 0.3, 0.291, 2.0, 3) [0.11155674705712579 0.002839995620616763 0.005012397558961313] 10 13961.522807121277s
2022-05-17 15:36:22.049902 (1.0, 100000.0, 29, 10.0, 0.3, 0.2998, 2.0, 3) [0.10532297375349478 0.00296785257466712 0.008992667918948594] 10 20680.007627248764s
2022-05-17 16:52:55.584053 (1.0, 100000.0, 30, 10.0, 0.3, 0.291, 2.0, 3) [0.11032452608548383 0.0025513888038013765 0.005390593248671994] 10 13951.159905672073s
2022-05-17 18:55:30.771343 (1.0, 100000.0, 29, 10.0, 0.3, 0.28, 2.0, 3) [0.12884151333570207 0.0045610908217521605 0.0022994730835774095] 10 81937.43550300598s
2022-05-17 20:23:16.726901 (1.0, 100000.0, 30, 10.0, 0.3, 0.28, 2.0, 3) [0.12533980477462067 0.003987269233524538 0.0021891259966742966] 10 42662.48080277443s
2022-05-17 20:47:02.505933 (1.0, 100000.0, 30, 10.0, 0.3, 0.291, 2.0, 3) [0.11145237763833733 0.002699840100674164 0.00503087682330899] 10 14046.802361488342s
2022-05-17 21:27:30.245970 (1.0, 100000.0, 29, 10.0, 0.3, 0.2998, 2.0, 3) [0.10213936308225982 0.002731560428346218 0.010776912979723692] 10 21068.172210216522s
2022-05-18 00:40:18.775090 (1.0, 100000.0, 30, 10.0, 0.3, 0.291, 2.0, 3) [0.11110941196676559 0.0024040784495177945 0.005140909743619444] 10 13996.21170926094s
2022-05-18 02:50:34.613659 (1.0, 100000.0, 29, 10.0, 0.3, 0.307, 2.0, 3) [0.0982847241144847 0.0037166910480000434 0.013498040714469311] 10 19377.656529664993s
2022-05-18 04:33:49.621967 (1.0, 100000.0, 30, 10.0, 0.3, 0.291, 2.0, 3) [0.11291157688736057 0.002315126533192303 0.004621654132007857] 10 14010.777759075165s
2022-05-18 08:04:15.383915 (1.0, 100000.0, 30, 10.0, 0.3, 0.28, 2.0, 3) [0.12495202409223648 0.0035697428714886585 0.0022410795941275605] 10 42058.61033439636s
2022-05-18 08:17:20.753432 (1.0, 100000.0, 29, 10.0, 0.3, 0.307, 2.0, 3) [0.09525967113210047 0.0020776576161957334 0.016061432808440218] 10 19606.10306787491s
2022-05-18 08:26:08.679926 (1.0, 100000.0, 30, 10.0, 0.3, 0.291, 2.0, 3) [0.1126821450540426 0.0030977124102080375 0.004682200997824969] 10 13939.032308340073s
2022-05-18 11:46:14.032597 (1.0, 100000.0, 29, 10.0, 0.3, 0.28, 2.0, 3) [0.13010175050389944 0.0031108780532994695 0.002139444882682533] 10 60643.24231815338s
2022-05-18 12:20:48.533621 (1.0, 100000.0, 30, 10.0, 0.3, 0.291, 2.0, 3) [0.11130002905015321 0.0029005993123910907 0.005082588223522507] 10 14079.851378202438s
2022-05-18 16:02:33.331330 (1.0, 100000.0, 29, 10.0, 0.3, 0.307, 2.0, 3) [0.09164005701930765 0.003737055607948517 0.019734731570611702] 10 27912.52597594261s
2022-05-18 16:14:24.056069 (1.0, 100000.0, 30, 10.0, 0.3, 0.291, 2.0, 3) [0.11216885029570176 0.0030718221781129316 0.004824303329962316] 10 14015.493619441986s
2022-05-18 20:08:12.374096 (1.0, 100000.0, 30, 10.0, 0.3, 0.291, 2.0, 3) [0.11319283164265942 0.003468145403313215 0.004549726224574222] 10 14028.287229299545s
2022-05-18 21:46:17.510130 (1.0, 100000.0, 29, 10.0, 0.3, 0.28, 2.0, 3) [0.12958832701072973 0.003626231053351269 0.002203097356732747] 10 36003.380227804184s
2022-05-18 23:04:58.926261 (1.0, 100000.0, 29, 10.0, 0.3, 0.307, 2.0, 3) [0.09558206979357882 0.0016810178788342857 0.015781357446930634] 10 25345.53972840309s
2022-05-19 00:02:28.520584 (1.0, 100000.0, 30, 10.0, 0.3, 0.291, 2.0, 3) [0.11157689283386574 0.0038662797027372753 0.00500562784647703] 10 14056.012133598328s
2022-05-19 03:56:32.253967 (1.0, 100000.0, 30, 10.0, 0.3, 0.307, 2.0, 3) [0.09347855922034422 0.0024442232138032643 0.014819840676050447] 10 14040.020797014236s
2022-05-19 04:48:28.810190 (1.0, 100000.0, 30, 10.0, 0.3, 0.28, 2.0, 3) [0.12603881587779167 0.002636287472829391 0.002100827799996979] 10 74653.40969157219s
2022-05-19 07:51:23.147361 (1.0, 100000.0, 30, 10.0, 0.3, 0.307, 2.0, 3) [0.09420214241021281 0.00250993343549644 0.014181172771739657] 10 14090.874011278152s
2022-05-19 09:52:26.941620 (1.0, 100000.0, 29, 10.0, 0.3, 0.28, 2.0, 3) [0.13126743722940692 0.003535932679895947 0.0019958441123529274] 10 43569.30989408493s
2022-05-19 11:12:30.588234 (1.0, 100000.0, 29, 10.0, 0.3, 0.307, 2.0, 3) [0.09351854881380817 0.001961405057374151 0.017700027882878312] 10 43651.5852496624s
2022-05-19 11:46:27.524767 (1.0, 100000.0, 30, 10.0, 0.3, 0.307, 2.0, 3) [0.09230044886245992 0.004048057955741221 0.015841054866101423] 10 14104.360180616379s
2022-05-19 15:41:43.199696 (1.0, 100000.0, 30, 10.0, 0.3, 0.307, 2.0, 3) [0.09230125521214581 0.003565931390185463 0.015818799500634757] 10 14115.672696828842s
2022-05-19 19:35:51.396084 (1.0, 100000.0, 30, 10.0, 0.3, 0.307, 2.0, 3) [0.09240050676084549 0.004388195939422431 0.01582937582273699] 10 14048.167736291885s
2022-05-19 21:23:17.819424 (1.0, 100000.0, 29, 10.0, 0.3, 0.307, 2.0, 3) [0.09713101796670943 0.004932204888916051 0.01447148225407816] 10 36647.22850942612s
2022-05-19 22:15:18.273442 (1.0, 100000.0, 29, 10.0, 0.3, 0.28, 2.0, 3) [0.13107290231948926 0.0024305150891510466 0.002021392893647409] 10 44571.30589675903s
2022-05-19 23:30:36.854699 (1.0, 100000.0, 30, 10.0, 0.3, 0.307, 2.0, 3) [0.09288977139404497 0.0018501349454250065 0.015339624106522952] 10 14085.42936873436s
2022-05-20 03:25:05.942736 (1.0, 100000.0, 30, 10.0, 0.3, 0.307, 2.0, 3) [0.0927612464025847 0.003843993710249425 0.0154038187850459] 10 14069.060571670532s
2022-05-20 07:19:24.608723 (1.0, 100000.0, 30, 10.0, 0.3, 0.307, 2.0, 3) [0.09006831767607865 0.004505023397543897 0.018114265274472175] 10 14058.645216464996s
2022-05-20 07:25:34.103768 (1.0, 100000.0, 30, 10.0, 0.3, 0.28, 2.0, 3) [0.12822213525296908 0.004002384189535815 0.0018495470181190941] 10 95825.26147460938s
2022-05-20 07:57:18.263134 (1.0, 100000.0, 29, 10.0, 0.3, 0.307, 2.0, 3) [0.09499051570476252 0.003649566466197152 0.016322439858490374] 10 38040.39218091965s
2022-05-20 08:18:09.305659 (1.0, 100000.0, 29, 10.0, 0.3, 0.28, 2.0, 3) [0.13263762656086628 0.0028750670205971228 0.0018483081197942712] 10 36171.013303756714s
2022-05-20 11:12:25.696024 (1.0, 100000.0, 30, 10.0, 0.3, 0.307, 2.0, 3) [0.08982343301610587 0.003608560962334667 0.01837107817674355] 10 13980.78912115097s
2022-05-20 15:06:31.649466 (1.0, 100000.0, 30, 10.0, 0.3, 0.307, 2.0, 3) [0.09002588313117003 0.0035391256783914755 0.018118038281106058] 10 14045.934728622437s
2022-05-20 19:01:10.883697 (1.0, 100000.0, 30, 10.0, 0.3, 0.302, 2.0, 3) [0.09975400911013896 0.005277540694869804 0.01017651772808064] 10 14075.678776979446s
2022-05-20 21:15:36.791568 (1.0, 100000.0, 29, 10.0, 0.3, 0.28, 2.0, 3) [0.12713786739692196 0.002687308312422176 0.002536844648547387] 10 46647.27572107315s
2022-05-21 01:25:27.546544 (1.0, 100000.0, 30, 10.0, 0.3, 0.28, 2.0, 3) [0.12554865052649186 0.003043265559202187 0.002161684276990515] 10 64793.4250228405s
2022-05-21 10:58:13.165549 (1.0, 100000.0, 29, 10.0, 0.3, 0.28, 2.0, 3) [0.13264021036418414 0.0041871886164861856 0.001844776615183696] 10 49356.31070184708s
2022-05-21 17:49:25.410114 (1.0, 100000.0, 30, 10.0, 0.3, 0.28, 2.0, 3) [0.1291228158426191 0.0028114225220459282 0.0017489792727685867] 10 59037.83653593063s
2022-05-21 22:14:58.329912 (1.0, 100000.0, 29, 10.0, 0.3, 0.28, 2.0, 3) [0.13024343009249986 0.0048822702642613855 0.0021227007086655693] 10 40605.128999471664s
2022-05-22 07:15:56.879053 (1.0, 100000.0, 29, 10.0, 0.3, 0.3001, 2.0, 3) [0.10495175354634137 0.002611069501349489 0.009178261028251946] 10 32337.58185315132s
2022-05-22 15:54:57.998180 (1.0, 100000.0, 29, 10.0, 0.3, 0.3001, 2.0, 3) [0.10455042298220897 0.0031010431763192096 0.009402536625273366] 10 31141.088875055313s
2022-05-22 19:27:49.392402 (1.0, 100000.0, 30, 10.0, 0.3, 0.28, 2.0, 3) [0.12622777494787135 0.0022474044178506635 0.002082766113639376] 10 92303.94615912437s
2022-05-23 00:43:02.322216 (1.0, 100000.0, 29, 10.0, 0.3, 0.3001, 2.0, 3) [0.10232939521170903 0.004178729874370455 0.010683462064293974] 10 31684.29419207573s
2022-05-23 09:42:43.280833 (1.0, 100000.0, 29, 10.0, 0.3, 0.3001, 2.0, 3) [0.10166852450666923 0.0028213888255526846 0.011064076646997526] 10 32380.941692113876s
2022-05-23 16:12:29.341932 (1.0, 100000.0, 30, 10.0, 0.3, 0.28, 2.0, 3) [0.12870836668708335 0.0023302985984461006 0.0017895208151292228] 10 74679.9146592617s
2022-05-23 18:15:44.527029 (1.0, 100000.0, 29, 10.0, 0.3, 0.3001, 2.0, 3) [0.10292049985532571 0.0021614028885108116 0.010314261613047883] 10 30781.220462083817s
2022-05-24 04:25:46.916680 (1.0, 100000.0, 29, 10.0, 0.3, 0.3001, 2.0, 3) [0.10677846066896614 0.0051501380256513615 0.008262710968581045] 10 36602.36427617073s
2022-05-24 14:34:44.970872 (1.0, 100000.0, 29, 10.0, 0.3, 0.3001, 2.0, 3) [0.1020846942037341 0.003312513103276236 0.010812740902661861] 10 36538.029928684235s
2022-05-25 00:54:38.674993 (1.0, 100000.0, 29, 10.0, 0.3, 0.3001, 2.0, 3) [0.10376388769000437 0.0035126708592529182 0.009809335068253376] 10 37193.65041875839s
2022-05-25 10:45:50.315989 (1.0, 100000.0, 29, 10.0, 0.3, 0.3001, 2.0, 3) [0.10412624111874282 0.002602723422710671 0.009632999568043966] 10 35471.61974835396s
