2022-04-11 14:38:53.004890 (1.0, 100000.0, 21, 10.0, 0.3, 0.281, 2.0, 3) [0.1731392990969827 0.0023010891643745622 0.0028168584984476852] 3 5341.152711868286s
2022-04-11 15:04:21.631996 (1.0, 100000.0, 22, 10.0, 0.3, 0.281, 2.0, 3) [0.16550450908188158 0.004258456158705184 0.002790347598540188] 3 6869.773423910141s
2022-04-11 15:47:50.946614 (1.0, 100000.0, 23, 10.0, 0.3, 0.281, 2.0, 3) [0.15903319901455998 0.004702001598776645 0.0026970145663316922] 3 9478.968115568161s
2022-04-11 16:07:51.012137 (1.0, 100000.0, 21, 10.0, 0.3, 0.281, 2.0, 3) [0.1752913498605121 0.004076223522386886 0.002577106488538764] 3 5338.004644155502s
2022-04-11 16:58:08.675897 (1.0, 100000.0, 22, 10.0, 0.3, 0.281, 2.0, 3) [0.16974632210032695 0.004461139174825763 0.0023203770457264116] 3 6826.999415397644s
2022-04-11 17:38:17.811135 (1.0, 100000.0, 21, 10.0, 0.3, 0.281, 2.0, 3) [0.17085260058181861 0.0045671168700968726 0.00309399014988386] 3 5426.796699762344s
2022-04-11 18:09:51.303763 (1.0, 100000.0, 23, 10.0, 0.3, 0.281, 2.0, 3) [0.16076003447954917 0.003783478006975329 0.0024897224171950235] 3 8520.339288711548s
2022-04-11 18:54:06.505553 (1.0, 100000.0, 22, 10.0, 0.3, 0.281, 2.0, 3) [0.1679481892315704 0.0025731957031066032 0.0025091964818311674] 3 6957.791500329971s
2022-04-11 19:12:13.868502 (1.0, 100000.0, 21, 10.0, 0.3, 0.285, 2.0, 3) [0.1661868092134983 0.003317931230837795 0.003771384225552639] 3 5632.114794492722s
2022-04-11 20:31:14.441848 (1.0, 100000.0, 23, 10.0, 0.3, 0.281, 2.0, 3) [0.159889459018247 0.0053561348802099755 0.0025994163545524844] 3 8483.133754253387s
2022-04-11 20:43:45.692962 (1.0, 100000.0, 21, 10.0, 0.3, 0.285, 2.0, 3) [0.16798458643319897 0.003163105271018759 0.0035019617816520313] 3 5491.821915388107s
2022-04-11 20:50:59.333231 (1.0, 100000.0, 22, 10.0, 0.3, 0.285, 2.0, 3) [0.15905050362218653 0.0034742074868365524 0.0037041151412109696] 3 7008.654166698456s
2022-04-11 22:15:25.944988 (1.0, 100000.0, 21, 10.0, 0.3, 0.285, 2.0, 3) [0.1689824897249509 0.003979260989272142 0.003355450248787085] 3 5500.249669313431s
2022-04-11 22:48:12.823187 (1.0, 100000.0, 22, 10.0, 0.3, 0.285, 2.0, 3) [0.1617546760099084 0.0035033085280129516 0.003295066079785572] 3 7033.488013267517s
2022-04-11 23:02:04.013022 (1.0, 100000.0, 23, 10.0, 0.3, 0.285, 2.0, 3) [0.1532477680848121 0.0051338865876905115 0.0035136502232391426] 3 9044.279042482376s
2022-04-11 23:49:11.690725 (1.0, 100000.0, 21, 10.0, 0.3, 0.292, 2.0, 3) [0.15802759623158277 0.002590687216140704 0.005323805256385757] 3 5622.412303924561s
2022-04-12 00:45:56.725133 (1.0, 100000.0, 22, 10.0, 0.3, 0.285, 2.0, 3) [0.1638899063762162 0.003427005654098196 0.0029984328002952212] 3 7063.899580001831s
2022-04-12 01:20:00.878271 (1.0, 100000.0, 21, 10.0, 0.3, 0.292, 2.0, 3) [0.1570334141015285 0.0029170283743320063 0.005537155215162919] 3 5449.18529176712s
2022-04-12 01:29:54.710144 (1.0, 100000.0, 23, 10.0, 0.3, 0.285, 2.0, 3) [0.15099270859241626 0.004802475654147889 0.0038940449724446133] 3 8870.691581964493s
2022-04-12 02:39:02.187813 (1.0, 100000.0, 22, 10.0, 0.3, 0.292, 2.0, 3) [0.14999768287937912 0.005949147189654336 0.00550929642465395] 3 6782.075411319733s
2022-04-12 02:49:32.702218 (1.0, 100000.0, 21, 10.0, 0.3, 0.292, 2.0, 3) [0.15743349337575704 0.0027961047675610705 0.005443293067053585] 3 5371.821382284164s
2022-04-12 03:50:31.539154 (1.0, 100000.0, 23, 10.0, 0.3, 0.285, 2.0, 3) [0.14897637849210243 0.0045671291192054585 0.004263662312035963] 3 8436.82477593422s
2022-04-12 04:25:37.940487 (1.0, 100000.0, 21, 10.0, 0.3, 0.297, 2.0, 3) [0.14952583477743236 0.0037359174270505118 0.007586102148539145] 3 5761.760980129242s
2022-04-12 04:31:40.304090 (1.0, 100000.0, 22, 10.0, 0.3, 0.292, 2.0, 3) [0.14761081307352003 0.004507859600384423 0.0061251700181400425] 3 6758.113848924637s
2022-04-12 06:00:07.995083 (1.0, 100000.0, 21, 10.0, 0.3, 0.297, 2.0, 3) [0.14978607594919963 0.002916312976185665 0.0075139619763477765] 3 5670.052279472351s
2022-04-12 06:22:45.023239 (1.0, 100000.0, 23, 10.0, 0.3, 0.292, 2.0, 3) [0.14474213110938616 0.004330586090994504 0.005209144313421207] 3 9129.835186004639s
2022-04-12 06:24:52.031077 (1.0, 100000.0, 22, 10.0, 0.3, 0.292, 2.0, 3) [0.14781222810728478 0.004675995401706536 0.0060603863037920576] 3 6791.72455739975s
2022-04-12 07:34:02.063543 (1.0, 100000.0, 21, 10.0, 0.3, 0.297, 2.0, 3) [0.14787142023074415 0.0026529219340553608 0.008130004193230398] 3 5634.065866947174s
2022-04-12 08:27:32.967711 (1.0, 100000.0, 22, 10.0, 0.3, 0.297, 2.0, 3) [0.14289632658315798 0.002567989270926182 0.007519656566044542] 3 7357.768712282181s
2022-04-12 08:45:39.672831 (1.0, 100000.0, 23, 10.0, 0.3, 0.292, 2.0, 3) [0.14471183391655398 0.004201306827244852 0.0052010297983756965] 3 8574.646876811981s
2022-04-12 09:04:21.773568 (1.0, 100000.0, 21, 10.0, 0.3, 0.299, 2.0, 3) [0.14962626479364216 0.002501610189783553 0.0075698492875284455] 3 5416.558243274689s
2022-04-12 10:24:33.190171 (1.0, 100000.0, 22, 10.0, 0.3, 0.297, 2.0, 3) [0.1450983058351628 0.0033465962850378105 0.006853315704547286] 3 7020.220294952393s
2022-04-12 10:32:42.050230 (1.0, 100000.0, 21, 10.0, 0.3, 0.299, 2.0, 3) [0.14155116303225843 0.006014230058170172 0.010580033510177823] 3 5300.274517059326s
2022-04-12 11:06:45.677206 (1.0, 100000.0, 23, 10.0, 0.3, 0.292, 2.0, 3) [0.14463259436744638 0.002658476447167863 0.005219730398360328] 3 8466.000527620316s
2022-04-12 12:12:54.790761 (1.0, 100000.0, 21, 10.0, 0.3, 0.299, 2.0, 3) [0.14835066695996 0.0027815055941681605 0.007978428209031977] 3 6012.738431453705s
2022-04-12 13:13:47.159624 (1.0, 100000.0, 22, 10.0, 0.3, 0.297, 2.0, 3) [0.14297482085136723 0.0035078877218255896 0.0075073786021121695] 3 10153.96687245369s
2022-04-12 13:33:55.277465 (1.0, 100000.0, 23, 10.0, 0.3, 0.297, 2.0, 3) [0.13607624218187206 0.0030726090066654607 0.007737237980193559] 3 8826.238741397858s
2022-04-12 14:05:13.059880 (1.0, 100000.0, 21, 10.0, 0.3, 0.302, 2.0, 3) [0.14558631886773013 0.0049952632006099945 0.00893740183103829] 3 6734.969715595245s
2022-04-12 16:00:14.748416 (1.0, 100000.0, 21, 10.0, 0.3, 0.302, 2.0, 3) [0.14507397381629863 0.003219139142912731 0.009166195688962354] 3 6901.6862688064575s
2022-04-12 16:15:03.422396 (1.0, 100000.0, 23, 10.0, 0.3, 0.297, 2.0, 3) [0.1341117890411666 0.0025283075691401448 0.00845801086663772] 3 9668.142956733704s
2022-04-12 16:36:07.182048 (1.0, 100000.0, 22, 10.0, 0.3, 0.299, 2.0, 3) [0.1403174419220034 0.004173091106359431 0.008436612440269154] 3 12136.13766336441s
2022-04-12 17:33:03.549250 (1.0, 100000.0, 21, 10.0, 0.3, 0.302, 2.0, 3) [0.13997673092910262 0.0032439176481688405 0.011300031624397421] 3 5568.793841123581s
2022-04-12 18:42:44.332989 (1.0, 100000.0, 22, 10.0, 0.3, 0.299, 2.0, 3) [0.14101170087072298 0.00406639421611229 0.008180934821270665] 3 7597.148958683014s
2022-04-12 18:50:57.334035 (1.0, 100000.0, 23, 10.0, 0.3, 0.297, 2.0, 3) [0.1385890294784735 0.0030859794362116943 0.006909319990561289] 3 9353.909185171127s
2022-04-12 19:31:15.838763 (1.0, 100000.0, 21, 10.0, 0.3, 0.305, 2.0, 3) [0.13822707360787853 0.004380660875034316 0.012185322282549682] 3 7088.376300573349s
2022-04-12 20:43:16.139051 (1.0, 100000.0, 22, 10.0, 0.3, 0.299, 2.0, 3) [0.13773851630175218 0.0035074142811442562 0.009439881703149746] 3 7231.803369998932s
2022-04-12 21:18:25.272232 (1.0, 100000.0, 21, 10.0, 0.3, 0.305, 2.0, 3) [0.1384618302376912 0.0030283935828815194 0.012046568338359768] 3 6429.430080652237s
2022-04-12 21:30:24.142914 (1.0, 100000.0, 23, 10.0, 0.3, 0.299, 2.0, 3) [0.13509679232651436 0.002798407145105121 0.008107058213369841] 3 9561.256011247635s
2022-04-12 22:36:02.154306 (1.0, 100000.0, 22, 10.0, 0.3, 0.302, 2.0, 3) [0.1377670436926098 0.0020019557388708522 0.009428732114641254] 3 6761.854532003403s
2022-04-12 23:00:06.995718 (1.0, 100000.0, 21, 10.0, 0.3, 0.305, 2.0, 3) [0.13748770393122886 0.0035064918351273436 0.012546818792150834] 3 6101.719026327133s
2022-04-13 00:03:31.616866 (1.0, 100000.0, 23, 10.0, 0.3, 0.299, 2.0, 3) [0.13519738940601086 0.00484867681503878 0.008065343939836876] 3 9187.471728801727s
2022-04-13 00:24:15.449149 (1.0, 100000.0, 22, 10.0, 0.3, 0.302, 2.0, 3) [0.13589371910378265 0.002422276285094476 0.010213250793353926] 3 6493.292872905731s
2022-04-13 00:36:18.569537 (1.0, 100000.0, 21, 10.0, 0.3, 0.307, 2.0, 3) [0.13382965076701406 0.002935942067566227 0.014619298679359245] 3 5767.6103665828705s
2022-04-13 02:11:40.075354 (1.0, 100000.0, 21, 10.0, 0.3, 0.307, 2.0, 3) [0.1350334271979676 0.0038653458364626228 0.013902316343424068] 3 5721.503929138184s
2022-04-13 02:12:00.975311 (1.0, 100000.0, 22, 10.0, 0.3, 0.302, 2.0, 3) [0.13484087678015821 0.003909001976680277 0.010715526393275427] 3 6465.523615837097s
2022-04-13 02:33:51.622089 (1.0, 100000.0, 23, 10.0, 0.3, 0.299, 2.0, 3) [0.1342543149134871 0.004435113596022513 0.00841906976437924] 3 9020.00298666954s
2022-04-13 03:48:08.886448 (1.0, 100000.0, 21, 10.0, 0.3, 0.307, 2.0, 3) [0.13720604019457913 0.0028435910521621656 0.012721248692140604] 3 5788.80865073204s
2022-04-13 04:05:29.617256 (1.0, 100000.0, 22, 10.0, 0.3, 0.305, 2.0, 3) [0.13263351594808023 0.002716306965099113 0.011808745849647043] 3 6804.339506626129s
2022-04-13 05:07:34.714965 (1.0, 100000.0, 23, 10.0, 0.3, 0.302, 2.0, 3) [0.12544657130140183 0.004376482508032365 0.012602882200794927] 3 9219.377549886703s
2022-04-13 05:27:34.437843 (1.0, 100000.0, 21, 10.0, 0.3, 0.312, 2.0, 3) [0.13419559728389668 0.00464408922837866 0.014441261840192229] 3 5961.99659371376s
2022-04-13 05:54:47.409409 (1.0, 100000.0, 22, 10.0, 0.3, 0.305, 2.0, 3) [0.13556733302598514 0.00400223104970745 0.010402998499918336] 3 6557.779321908951s
2022-04-13 07:05:58.500379 (1.0, 100000.0, 21, 10.0, 0.3, 0.312, 2.0, 3) [0.13052666220900155 0.0029522775251703474 0.016794220519481987] 3 5904.0604701042175s
2022-04-13 07:34:54.780129 (1.0, 100000.0, 23, 10.0, 0.3, 0.302, 2.0, 3) [0.12535152469062819 0.0030311421175993037 0.012630820013822652] 3 8840.060364961624s
2022-04-13 07:43:44.703756 (1.0, 100000.0, 22, 10.0, 0.3, 0.305, 2.0, 3) [0.13488573807661658 0.005528843954480267 0.010714329480844846] 3 6537.291958808899s
2022-04-13 08:44:30.880557 (1.0, 100000.0, 21, 10.0, 0.3, 0.312, 2.0, 3) [0.1348463333305688 0.0029783667576194477 0.014059924311894399] 3 5912.377700328827s
2022-04-13 09:39:19.194539 (1.0, 100000.0, 22, 10.0, 0.3, 0.307, 2.0, 3) [0.1298693580979337 0.003040587185162002 0.01336577037510893] 3 6930.946495294571s
2022-04-13 10:03:11.912153 (1.0, 100000.0, 23, 10.0, 0.3, 0.302, 2.0, 3) [0.13024508854634495 0.0032527158738616885 0.010109133121579328] 3 8897.129787445068s
2022-04-13 10:17:00.011784 (1.0, 100000.0, 21, 10.0, 0.3, 0.319, 2.0, 3) [0.12203371401223262 0.0025927397594841333 0.02392929518197485] 3 5545.501291036606s
2022-04-13 12:18:31.010344 (1.0, 100000.0, 22, 10.0, 0.3, 0.307, 2.0, 3) [0.13073960844654034 0.0031649492191652404 0.012831535558513487] 3 9551.81340098381s
2022-04-13 12:43:25.983821 (1.0, 100000.0, 23, 10.0, 0.3, 0.305, 2.0, 3) [0.12740710995811266 0.00506199592613288 0.01151930524538257] 3 9609.115616559982s
2022-04-13 13:26:59.850400 (1.0, 100000.0, 21, 10.0, 0.3, 0.319, 2.0, 3) [0.12449493693188328 0.003442872199709996 0.021633363445308938] 3 11399.83633852005s
2022-04-13 14:31:16.644903 (1.0, 100000.0, 22, 10.0, 0.3, 0.307, 2.0, 3) [0.13109303049453278 0.0026446378021058453 0.012628964605400434] 3 7965.629068613052s
2022-04-13 15:06:02.449840 (1.0, 100000.0, 23, 10.0, 0.3, 0.305, 2.0, 3) [0.12567764488195832 0.004281891233247114 0.01246053916857243] 3 8556.463766813278s
2022-04-13 17:28:07.915224 (1.0, 100000.0, 23, 10.0, 0.3, 0.305, 2.0, 3) [0.1280180020495922 0.0036799583511380836 0.01122528078448806] 3 8525.462962150574s
2022-04-13 17:34:49.150128 (1.0, 100000.0, 21, 10.0, 0.3, 0.319, 2.0, 3) [0.12040455610792754 0.0031595861063700055 0.025625850687189252] 3 14869.297268152237s
2022-04-13 17:34:55.943695 (1.0, 100000.0, 22, 10.0, 0.3, 0.312, 2.0, 3) [0.1259150062794364 0.0024307590574397164 0.015889070632560225] 3 11015.510423898697s
2022-04-13 19:38:26.542249 (1.0, 100000.0, 21, 10.0, 0.3, 0.322, 2.0, 3) [0.12004172014942582 0.0028486903815273133 0.02605850276062815] 3 7413.527122735977s
2022-04-13 20:01:03.368863 (1.0, 100000.0, 23, 10.0, 0.3, 0.307, 2.0, 3) [0.1232042191638041 0.003305259580177861 0.013957387504896434] 3 9172.025653839111s
2022-04-13 20:06:20.761218 (1.0, 100000.0, 22, 10.0, 0.3, 0.312, 2.0, 3) [0.12487600635203056 0.0034361043386081087 0.016636922304677428] 3 9084.814640283585s
2022-04-13 21:23:11.264324 (1.0, 100000.0, 21, 10.0, 0.3, 0.322, 2.0, 3) [0.1190992804002866 0.0026996669344898864 0.027081009451672595] 3 6284.719936847687s
2022-04-13 22:03:37.731147 (1.0, 100000.0, 22, 10.0, 0.3, 0.312, 2.0, 3) [0.12441459128943934 0.004042354956281066 0.016937226548840556] 3 7036.967177629471s
2022-04-13 23:19:57.343634 (1.0, 100000.0, 23, 10.0, 0.3, 0.307, 2.0, 3) [0.12917431503625862 0.002330078077643029 0.010660092198769799] 3 11933.972962141037s
2022-04-13 23:41:35.342144 (1.0, 100000.0, 21, 10.0, 0.3, 0.322, 2.0, 3) [0.11906440823755529 0.0019111725073475202 0.02711470890478772] 3 8304.07096862793s
2022-04-14 01:49:25.301370 (1.0, 100000.0, 23, 10.0, 0.3, 0.307, 2.0, 3) [0.12126970401494648 0.0036698958896731666 0.0152438026675832] 3 8967.955253839493s
2022-04-14 04:37:23.772295 (1.0, 100000.0, 23, 10.0, 0.3, 0.312, 2.0, 3) [0.11844516261241256 0.0023554503319347777 0.01741284272765559] 3 10073.364437103271s
2022-04-14 04:47:37.072394 (1.0, 100000.0, 22, 10.0, 0.3, 0.319, 2.0, 3) [0.11585752798724976 0.0033109965510987574 0.024601758155716205] 3 24235.585417747498s
2022-04-14 07:40:40.375458 (1.0, 100000.0, 23, 10.0, 0.3, 0.312, 2.0, 3) [0.1171742300258095 0.006201032618506098 0.018394777900264704] 3 10996.600656986237s
2022-04-14 10:35:09.266911 (1.0, 100000.0, 22, 10.0, 0.3, 0.319, 2.0, 3) [0.11686500613300212 0.002804368204398958 0.023586080070253517] 3 20852.19180727005s
2022-04-14 11:37:19.569736 (1.0, 100000.0, 23, 10.0, 0.3, 0.312, 2.0, 3) [0.11783058203573203 0.003697740998309122 0.01783730272197143] 3 14199.191633462906s
2022-04-14 12:54:23.186324 (1.0, 100000.0, 22, 10.0, 0.3, 0.319, 2.0, 3) [0.11664908910316658 0.004208499663442377 0.023879259831492493] 3 8353.915542602539s
2022-04-14 14:02:55.199148 (1.0, 100000.0, 23, 10.0, 0.3, 0.319, 2.0, 3) [0.11001876074722118 0.003101905164229994 0.02555161560945859] 3 8731.830556631088s
2022-04-14 16:07:22.374894 (1.0, 100000.0, 23, 10.0, 0.3, 0.281, 2.0, 3) [0.15853021246093904 0.0032035476807093974 0.0027576989013945582] 3 5713.662183046341s
2022-04-14 16:26:31.070297 (1.0, 100000.0, 22, 10.0, 0.3, 0.281, 2.0, 3) [0.16544825474200545 0.004119252128535727 0.0027918606008554936] 3 6865.0878982543945s
2022-04-14 17:37:12.619999 (1.0, 100000.0, 23, 10.0, 0.3, 0.281, 2.0, 3) [0.15936723566670144 0.0043978407210689035 0.002651784074829902] 3 5390.237854480743s
2022-04-14 18:17:52.347474 (1.0, 100000.0, 22, 10.0, 0.3, 0.281, 2.0, 3) [0.16874080214221118 0.0052465480881583645 0.0024166421897445747] 3 6681.274162054062s
2022-04-14 19:07:11.246368 (1.0, 100000.0, 23, 10.0, 0.3, 0.281, 2.0, 3) [0.1595631847750959 0.0033041587218865494 0.0026301167509367863] 3 5398.616136074066s
2022-04-14 20:11:23.956233 (1.0, 100000.0, 22, 10.0, 0.3, 0.281, 2.0, 3) [0.16477564821342922 0.002753002443002009 0.0028843234326944947] 3 6811.606222629547s
2022-04-14 20:45:15.006773 (1.0, 100000.0, 23, 10.0, 0.3, 0.285, 2.0, 3) [0.15163803085435493 0.0062974220627224345 0.0037912597044571124] 3 5878.627725839615s
