2022-04-18 09:02:07.535304 (1.0, 100000.0, 19, 10.0, 0.3, 0.312, 2.0, 3) [0.1492590960512146 0.0035564043194696087 0.013957674711793] 3 3656.366205215454s
2022-04-18 10:06:08.672220 (1.0, 100000.0, 19, 10.0, 0.3, 0.312, 2.0, 3) [0.14582801740334955 0.002491854464482733 0.015851665386649175] 3 3841.134266138077s
2022-04-18 11:25:06.252501 (1.0, 100000.0, 19, 10.0, 0.3, 0.312, 2.0, 3) [0.1472923133050767 0.00446103091496909 0.01499763010953073] 3 4737.578067779541s
2022-04-18 12:53:54.359719 (1.0, 100000.0, 19, 10.0, 0.3, 0.299, 2.0, 3) [0.1668231660115673 0.003937341422607629 0.007178043622129252] 3 5324.616858482361s
2022-04-18 14:24:38.701706 (1.0, 100000.0, 19, 10.0, 0.3, 0.299, 2.0, 3) [0.16405838854500518 0.004005726913786866 0.007984886257465015] 3 5444.339962244034s
2022-04-18 15:50:39.273727 (1.0, 100000.0, 19, 10.0, 0.3, 0.299, 2.0, 3) [0.1661032156526542 0.003869204680095913 0.0073910867651627] 3 5160.569892168045s
2022-04-18 16:19:51.008791 (1.0, 100000.0, 18, 10.0, 0.3, 0.305, 2.0, 3) [0.16473062508933323 0.004358134200004208 0.01080475863956762] 3 29918.907290935516s
2022-04-18 17:27:08.374057 (1.0, 100000.0, 19, 10.0, 0.3, 0.302, 2.0, 3) [0.15920340689976023 0.0037947209955520762 0.009574951423128197] 3 5785.048853635788s
2022-04-18 18:54:59.539428 (1.0, 100000.0, 19, 10.0, 0.3, 0.302, 2.0, 3) [0.1596530664761716 0.0015632520103782373 0.009398934414922656] 3 5271.14276099205s
2022-04-18 20:15:08.381661 (1.0, 100000.0, 19, 10.0, 0.3, 0.302, 2.0, 3) [0.15489963821541128 0.006854827058769225 0.011214782812472063] 3 4808.839802980423s
2022-04-18 21:43:42.987786 (1.0, 100000.0, 19, 10.0, 0.3, 0.305, 2.0, 3) [0.15638996121412724 0.004852397796892727 0.010635388871057472] 3 5311.139691114426s
2022-04-18 22:01:14.072125 (1.0, 100000.0, 18, 10.0, 0.3, 0.305, 2.0, 3) [0.16647679267226104 0.007043619886247074 0.010151287507566263] 3 20483.041538715363s
2022-04-18 23:08:34.443038 (1.0, 100000.0, 19, 10.0, 0.3, 0.305, 2.0, 3) [0.15499991052198303 0.00259097743470038 0.011211883299396036] 3 5091.452752113342s
2022-04-19 00:18:48.486954 (1.0, 100000.0, 19, 10.0, 0.3, 0.305, 2.0, 3) [0.1562944320410986 0.00275014076387572 0.010674594147211093] 3 4214.027419805527s
2022-04-19 01:06:47.131610 (1.0, 100000.0, 18, 10.0, 0.3, 0.305, 2.0, 3) [0.16603433945714532 0.003535765010622782 0.010298699475946173] 3 11133.057529687881s
2022-04-19 01:19:16.960470 (1.0, 100000.0, 19, 10.0, 0.3, 0.3, 2.0, 3) [0.1586441527656479 0.0033215919986310876 0.00973620722081484] 3 3624.5407631397247s
2022-04-19 02:13:47.786356 (1.0, 100000.0, 18, 10.0, 0.3, 0.319, 2.0, 3) [0.14864824051959893 0.005648501599327837 0.019214984515142485] 3 4015.4348220825195s
2022-04-19 02:21:35.943126 (1.0, 100000.0, 19, 10.0, 0.3, 0.3, 2.0, 3) [0.16072913813589632 0.005470625474167886 0.009021372864705108] 3 3738.9807999134064s
2022-04-19 03:14:46.771334 (1.0, 100000.0, 18, 10.0, 0.3, 0.319, 2.0, 3) [0.14799904883148132 0.004111307015103 0.019609630451949668] 3 3658.9834673404694s
2022-04-19 03:24:20.340320 (1.0, 100000.0, 19, 10.0, 0.3, 0.3, 2.0, 3) [0.16090779771105246 0.004699982583340831 0.008951926350889216] 3 3764.3949522972107s
2022-04-19 04:33:20.717975 (1.0, 100000.0, 19, 10.0, 0.3, 0.285, 2.0, 3) [0.18530272344418985 0.0048078180763593175 0.0035533714432300066] 3 4136.484907388687s
2022-04-19 05:41:09.874913 (1.0, 100000.0, 19, 10.0, 0.3, 0.285, 2.0, 3) [0.18709564774738574 0.0033087569727459944 0.003325867585826726] 3 4069.1549537181854s
2022-04-19 06:23:47.134857 (1.0, 100000.0, 18, 10.0, 0.3, 0.319, 2.0, 3) [0.15055393259295086 0.0056643667096889115 0.017938082580242192] 3 11340.361706733704s
2022-04-19 06:49:11.766589 (1.0, 100000.0, 19, 10.0, 0.3, 0.285, 2.0, 3) [0.18421877090133726 0.006071196524635251 0.003707793392297619] 3 4081.8895733356476s
2022-04-19 07:55:52.290593 (1.0, 100000.0, 19, 10.0, 0.3, 0.292, 2.0, 3) [0.1746306764077275 0.003199307167995288 0.0053383361690153555] 3 3997.003876209259s
2022-04-19 09:01:14.865195 (1.0, 100000.0, 19, 10.0, 0.3, 0.292, 2.0, 3) [0.17501109031222545 0.0038784625461071617 0.00525486572183629] 3 3922.572694301605s
2022-04-19 10:06:52.523138 (1.0, 100000.0, 19, 10.0, 0.3, 0.292, 2.0, 3) [0.17396576826562143 0.0030477623075005323 0.005470063098378236] 3 3937.6555104255676s
2022-04-19 11:09:42.273663 (1.0, 100000.0, 19, 10.0, 0.3, 0.319, 2.0, 3) [0.1370745049418945 0.004501973890748113 0.022049872737638553] 3 3749.823244333267s
2022-04-19 12:13:07.401795 (1.0, 100000.0, 19, 10.0, 0.3, 0.319, 2.0, 3) [0.13690649763855478 0.0035487144232630653 0.0222052745735548] 3 3805.1261847019196s
2022-04-19 13:17:55.687437 (1.0, 100000.0, 19, 10.0, 0.3, 0.319, 2.0, 3) [0.1386136339765159 0.002770230709117543 0.020831720082911006] 3 3888.283267021179s
2022-04-19 14:25:06.205912 (1.0, 100000.0, 19, 10.0, 0.3, 0.297, 2.0, 3) [0.16234076107807047 0.0043025987400111465 0.008480327815203236] 3 4026.95302939415s
2022-04-19 15:35:17.230834 (1.0, 100000.0, 19, 10.0, 0.3, 0.297, 2.0, 3) [0.1665411537035734 0.0023470709796715224 0.00724201287081711] 3 4211.022490739822s
2022-04-19 16:45:29.499115 (1.0, 100000.0, 19, 10.0, 0.3, 0.297, 2.0, 3) [0.16662409361462546 0.0030501706814865964 0.007245764851160474] 3 4212.266115903854s
2022-04-19 18:01:05.325595 (1.0, 100000.0, 19, 10.0, 0.3, 0.307, 2.0, 3) [0.15262536900207885 0.003193984696629202 0.012274108908160334] 3 4351.261240720749s
2022-04-19 19:06:50.446085 (1.0, 100000.0, 19, 10.0, 0.3, 0.307, 2.0, 3) [0.15555641948305357 0.0026728335221056832 0.010994262238226447] 3 3945.118456840515s
2022-04-19 20:09:48.925712 (1.0, 100000.0, 19, 10.0, 0.3, 0.307, 2.0, 3) [0.15398197660507368 0.005581518654790512 0.011662712752064566] 3 3778.4772839546204s
2022-04-19 23:47:27.087709 (1.0, 100000.0, 18, 10.0, 0.3, 0.3, 2.0, 3) [0.1725581266026226 0.0038062725216155826 0.008152843880914282] 3 62612.57566046715s
2022-04-21 00:05:05.358032 (1.0, 100000.0, 18, 10.0, 0.3, 0.3, 2.0, 3) [0.1720079943583574 0.004058069528041158 0.00828951804178166] 3 87458.2678976059s
2022-04-22 01:24:27.892150 (1.0, 100000.0, 18, 10.0, 0.3, 0.3, 2.0, 3) [0.1713824777522965 0.0033188753519847593 0.008478813987426366] 3 91162.5105471611s
2022-04-24 07:26:16.221060 (1.0, 100000.0, 18, 10.0, 0.3, 0.307, 2.0, 3) [0.15972147708276707 0.005366648312073792 0.012893857354429633] 3 194500.72602391243s
2022-04-25 16:28:13.473634 (1.0, 100000.0, 18, 10.0, 0.3, 0.307, 2.0, 3) [0.1639091869962274 0.0033552268696770784 0.01112742078684942] 3 118917.21858739853s
2022-04-26 00:35:24.594623 (1.0, 100000.0, 18, 10.0, 0.3, 0.307, 2.0, 3) [0.16013041024391356 0.0038525498252508913 0.0127127585925243] 3 29230.938218593597s
2022-04-26 08:14:55.059056 (1.0, 100000.0, 18, 10.0, 0.3, 0.299, 2.0, 3) [0.1730107751832153 0.004008300519611092 0.008030434566467114] 3 27563.11199617386s
2022-04-26 23:40:31.278173 (1.0, 100000.0, 18, 10.0, 0.3, 0.299, 2.0, 3) [0.16831250967097644 0.00404138104807914 0.009464075823971666] 3 55536.10356378555s
2022-04-28 00:44:49.620899 (1.0, 100000.0, 18, 10.0, 0.3, 0.299, 2.0, 3) [0.17373965094711394 0.00361029302899025 0.007827527065463448] 3 90258.32958245277s
2022-04-28 04:35:10.311303 (1.0, 100000.0, 18, 10.0, 0.3, 0.297, 2.0, 3) [0.17730689702634914 0.0030319249853807697 0.006866243683499848] 3 13816.520422458649s
