2022-03-24 13:33:05.443346 (1.0, 100000.0, 20, 10.0, 0.3, 0.281, 2.0, 3) [0.18037867132508653 0.003562165604794973 0.0029874538500373297] 3 4651.095402956009s
2022-03-24 17:28:58.187505 (1.0, 100000.0, 22, 10.0, 0.3, 0.281, 2.0, 3) [0.1664075203286049 0.005158216452639019 0.0026784670717068613] 3 11590.977776050568s
2022-03-24 20:36:43.998430 (1.0, 100000.0, 20, 10.0, 0.3, 0.281, 2.0, 3) [0.17960738999487924 0.005996912519887085 0.0030780008421250242] 3 22946.95650267601s
2022-03-24 21:36:39.594610 (1.0, 100000.0, 22, 10.0, 0.3, 0.281, 2.0, 3) [0.167214781525472 0.0031291250791938997 0.002585952082194223] 3 14861.387696027756s
2022-03-24 23:35:43.162596 (1.0, 100000.0, 20, 10.0, 0.3, 0.281, 2.0, 3) [0.1795862297591171 0.004108494608394277 0.003080508402056206] 3 10739.017205238342s
2022-03-25 04:06:05.197471 (1.0, 100000.0, 22, 10.0, 0.3, 0.281, 2.0, 3) [0.16929295103421071 0.0033398297624138242 0.0023634136619928065] 3 23365.577736377716s
2022-03-25 06:04:28.823465 (1.0, 100000.0, 21, 10.0, 0.3, 0.281, 2.0, 3) [0.1745967310953259 0.002590309560010091 0.002653130329235692] 3 56978.73055291176s
2022-03-25 11:35:29.672484 (1.0, 100000.0, 20, 10.0, 0.3, 0.281, 2.0, 3) [0.1784678133216284 0.003297165932924879 0.003220996683414924] 3 43186.48907518387s
2022-03-25 15:19:08.255644 (1.0, 100000.0, 22, 10.0, 0.3, 0.285, 2.0, 3) [0.1563080615241169 0.00452321126229589 0.004180168148647609] 3 40379.04043960571s
2022-03-25 15:26:40.343373 (1.0, 100000.0, 21, 10.0, 0.3, 0.281, 2.0, 3) [0.1728950137024538 0.0036260694634295664 0.0028460631042058603] 3 33731.49705004692s
2022-03-25 16:58:50.144411 (1.0, 100000.0, 20, 10.0, 0.3, 0.285, 2.0, 3) [0.17662021915211204 0.0044530319315923515 0.0034681813004941494] 3 19378.78986763954s
2022-03-25 17:17:22.228943 (1.0, 100000.0, 23, 10.0, 0.3, 0.281, 2.0, 3) [0.16450042615486457 0.00358825356177098 0.002105225625874275] 3 96992.2961833477s
2022-03-25 19:02:58.153056 (1.0, 100000.0, 22, 10.0, 0.3, 0.285, 2.0, 3) [0.16424239878785937 0.0024456420405985593 0.002962038296569971] 3 13429.895051002502s
2022-03-25 19:34:02.569277 (1.0, 100000.0, 20, 10.0, 0.3, 0.285, 2.0, 3) [0.17465295558779104 0.003551472745204312 0.0037505707207777573] 3 9312.420955896378s
2022-03-25 21:04:01.193437 (1.0, 100000.0, 20, 10.0, 0.3, 0.285, 2.0, 3) [0.17568840184203108 0.0029243627070364973 0.003609575547631086] 3 5398.619750022888s
2022-03-25 23:13:18.117197 (1.0, 100000.0, 20, 10.0, 0.3, 0.292, 2.0, 3) [0.16388544149827453 0.0029869263686494963 0.005767260235665655] 3 7747.678187608719s
2022-03-26 01:10:03.656481 (1.0, 100000.0, 20, 10.0, 0.3, 0.292, 2.0, 3) [0.16129960475831145 0.004459277510509358 0.006376328640164312] 3 7005.524169683456s
2022-03-26 03:02:41.612552 (1.0, 100000.0, 23, 10.0, 0.3, 0.281, 2.0, 3) [0.15603394073571764 0.0062635536679296906 0.003093826309228053] 3 35119.38070297241s
2022-03-26 03:48:28.095321 (1.0, 100000.0, 22, 10.0, 0.3, 0.285, 2.0, 3) [0.1551979006354568 0.0037613409098921206 0.004382245002866548] 3 31529.93832731247s
2022-03-26 05:38:45.794355 (1.0, 100000.0, 20, 10.0, 0.3, 0.292, 2.0, 3) [0.16503901839235938 0.003402764234561155 0.005509297110188233] 3 16122.126840353012s
2022-03-26 07:59:58.304052 (1.0, 100000.0, 22, 10.0, 0.3, 0.292, 2.0, 3) [0.15069075482461727 0.0030064062778058587 0.0053564681986166] 3 15086.251750707626s
2022-03-26 08:44:52.230533 (1.0, 100000.0, 20, 10.0, 0.3, 0.297, 2.0, 3) [0.15697112876406466 0.0031297281532557965 0.007609156980841344] 3 11153.173024177551s
2022-03-26 11:12:46.509066 (1.0, 100000.0, 20, 10.0, 0.3, 0.297, 2.0, 3) [0.16161775751722562 0.003913585364116617 0.006340542125778314] 3 8874.27381181717s
2022-03-26 12:31:50.056594 (1.0, 100000.0, 24, 10.0, 0.3, 0.281, 2.0, 3) [0.15441777581513502 0.004512999164489106 0.002449983216474596] 3 166200.17932343483s
2022-03-26 13:07:29.127644 (1.0, 100000.0, 20, 10.0, 0.3, 0.297, 2.0, 3) [0.16285689125550556 0.004350941605722812 0.0060290337429007084] 3 6882.612529754639s
2022-03-26 14:14:22.895539 (1.0, 100000.0, 21, 10.0, 0.3, 0.281, 2.0, 3) [0.1773300570874734 0.0037759411296341408 0.002370956571370828] 3 82062.54442977905s
2022-03-26 14:57:32.250123 (1.0, 100000.0, 22, 10.0, 0.3, 0.292, 2.0, 3) [0.15120189828180258 0.0026303767958330395 0.005234515999904434] 3 25053.943782567978s
2022-03-26 17:16:16.258988 (1.0, 100000.0, 20, 10.0, 0.3, 0.299, 2.0, 3) [0.15086318249421174 0.0037446359864694773 0.009684752019365148] 3 14916.421755313873s
2022-03-26 19:06:07.962151 (1.0, 100000.0, 23, 10.0, 0.3, 0.281, 2.0, 3) [0.16113105519523774 0.004506885545621598 0.00245643416657216] 3 57806.33536314964s
2022-03-26 22:13:01.972447 (1.0, 100000.0, 22, 10.0, 0.3, 0.292, 2.0, 3) [0.14990303977375616 0.0024055231724842718 0.005529196871695966] 3 26129.716489076614s
2022-03-26 22:39:08.685298 (1.0, 100000.0, 24, 10.0, 0.3, 0.281, 2.0, 3) [0.15511857270742643 0.003115626648671163 0.002374804143312167] 3 36438.62490129471s
2022-03-26 22:56:22.100692 (1.0, 100000.0, 20, 10.0, 0.3, 0.299, 2.0, 3) [0.15338981504216595 0.0023809734896296786 0.008776295622238145] 3 20405.83685016632s
2022-03-27 00:43:42.696717 (1.0, 100000.0, 20, 10.0, 0.3, 0.299, 2.0, 3) [0.1524394530715802 0.003595424889053298 0.009105597582616741] 3 6440.587730169296s
2022-03-27 02:45:01.480132 (1.0, 100000.0, 20, 10.0, 0.3, 0.302, 2.0, 3) [0.1497451423443807 0.0036875645806638685 0.010145404831200739] 3 7269.0950627326965s
2022-03-27 03:53:27.337366 (1.0, 100000.0, 22, 10.0, 0.3, 0.297, 2.0, 3) [0.14535333322914967 0.0026788445160195583 0.006756134818636502] 3 20419.907699346542s
2022-03-27 04:48:42.322788 (1.0, 100000.0, 20, 10.0, 0.3, 0.302, 2.0, 3) [0.1521100308179649 0.0037420881975712863 0.009232138871780544] 3 7420.83859705925s
2022-03-27 06:59:30.153499 (1.0, 100000.0, 23, 10.0, 0.3, 0.285, 2.0, 3) [0.15402075500901677 0.004042438396502705 0.003398898924533093] 3 42795.79384446144s
2022-03-27 08:48:14.940589 (1.0, 100000.0, 20, 10.0, 0.3, 0.302, 2.0, 3) [0.14936229741170629 0.0036291010945501455 0.010278983748059434] 3 14372.61155796051s
2022-03-27 09:10:48.732729 (1.0, 100000.0, 21, 10.0, 0.3, 0.285, 2.0, 3) [0.1691155980319981 0.0030711698399150363 0.003343537915478671] 3 68179.58750128746s
2022-03-27 09:37:24.783586 (1.0, 100000.0, 24, 10.0, 0.3, 0.281, 2.0, 3) [0.1512390256740998 0.0035246314202735008 0.0028501883254042804] 3 39496.09464120865s
2022-03-27 10:07:42.079400 (1.0, 100000.0, 22, 10.0, 0.3, 0.297, 2.0, 3) [0.1437589507018512 0.004031568021260277 0.0072483806250224865] 3 22454.73962688446s
2022-03-27 13:06:45.162826 (1.0, 100000.0, 23, 10.0, 0.3, 0.285, 2.0, 3) [0.15475065817686287 0.004452228481573114 0.0032855896568964598] 3 22035.006685733795s
2022-03-27 13:39:00.388985 (1.0, 100000.0, 21, 10.0, 0.3, 0.285, 2.0, 3) [0.17120191288214237 0.005416499942759156 0.003064047273682806] 3 16091.652940750122s
2022-03-27 14:52:06.135808 (1.0, 100000.0, 20, 10.0, 0.3, 0.305, 2.0, 3) [0.1409043429226044 0.005614499439111764 0.014373319556044378] 3 21819.24999022484s
2022-03-27 15:22:09.779140 (1.0, 100000.0, 22, 10.0, 0.3, 0.297, 2.0, 3) [0.14462882020696413 0.0025478040331790197 0.006982006587358615] 3 18867.696896076202s
2022-03-27 17:48:55.386398 (1.0, 100000.0, 20, 10.0, 0.3, 0.305, 2.0, 3) [0.14737491367667832 0.004511760371711516 0.01114457147547563] 3 10609.239644289017s
2022-03-27 18:19:11.478130 (1.0, 100000.0, 22, 10.0, 0.3, 0.299, 2.0, 3) [0.14336337963404922 0.0034118384626470404 0.0074144820837380564] 3 10616.033107757568s
2022-03-27 18:49:52.373384 (1.0, 100000.0, 23, 10.0, 0.3, 0.285, 2.0, 3) [0.1516088134640264 0.0036294230642205374 0.003783941057278707] 3 20587.207514047623s
2022-03-27 19:35:00.879054 (1.0, 100000.0, 21, 10.0, 0.3, 0.285, 2.0, 3) [0.16573062197600694 0.0038217975865816062 0.0038493620257456] 3 21360.48568058014s
2022-03-27 22:22:52.330847 (1.0, 100000.0, 22, 10.0, 0.3, 0.299, 2.0, 3) [0.14102291040459944 0.0028447982897372355 0.008189719038147076] 3 14620.850214719772s
2022-03-27 23:49:02.388055 (1.0, 100000.0, 20, 10.0, 0.3, 0.305, 2.0, 3) [0.146331326308041 0.0033893873757117206 0.011617459690352662] 3 21606.990133047104s
2022-03-28 01:35:55.370577 (1.0, 100000.0, 20, 10.0, 0.3, 0.307, 2.0, 3) [0.1454380109046515 0.0039110630340197326 0.012075290619164526] 3 6402.297270536423s
2022-03-28 05:28:41.306877 (1.0, 100000.0, 22, 10.0, 0.3, 0.299, 2.0, 3) [0.14254474437739822 0.003417860079143765 0.007660005537447276] 3 25548.97192311287s
2022-03-28 06:46:37.290599 (1.0, 100000.0, 20, 10.0, 0.3, 0.307, 2.0, 3) [0.1438537091743809 0.003522757474714959 0.012829021115519848] 3 18641.916404485703s
2022-03-28 08:29:59.975454 (1.0, 100000.0, 24, 10.0, 0.3, 0.285, 2.0, 3) [0.14765717672078846 0.004314084551497249 0.003387702618150098] 3 82347.41879749298s
2022-03-28 10:56:13.085830 (1.0, 100000.0, 22, 10.0, 0.3, 0.302, 2.0, 3) [0.1365346404021398 0.0031159624714089435 0.009945249299896538] 3 19646.488205194473s
2022-03-28 12:33:47.847452 (1.0, 100000.0, 20, 10.0, 0.3, 0.307, 2.0, 3) [0.14705009140841607 0.0036246886204210535 0.011315005032001878] 3 20830.541489839554s
2022-03-28 19:35:38.939673 (1.0, 100000.0, 22, 10.0, 0.3, 0.302, 2.0, 3) [0.13857461264416587 0.002362772713610929 0.009124860168256284] 3 31165.85117149353s
2022-03-28 20:13:02.417052 (1.0, 100000.0, 23, 10.0, 0.3, 0.292, 2.0, 3) [0.14270441977334122 0.0038002173161008857 0.0057072522853520114] 3 91383.29819750786s
2022-03-28 20:40:30.743927 (1.0, 100000.0, 24, 10.0, 0.3, 0.285, 2.0, 3) [0.14505394806023117 0.004147409302864515 0.0038310472253796513] 3 43830.76116704941s
2022-03-29 01:27:13.674901 (1.0, 100000.0, 20, 10.0, 0.3, 0.312, 2.0, 3) [0.13765471398033816 0.002472196758217282 0.016432740716603986] 3 46395.61263871193s
2022-03-29 06:21:15.312955 (1.0, 100000.0, 21, 10.0, 0.3, 0.292, 2.0, 3) [0.15515392460286276 0.00524781315883969 0.006006482726670454] 3 125168.14604949951s
2022-03-29 09:12:02.802820 (1.0, 100000.0, 20, 10.0, 0.3, 0.312, 2.0, 3) [0.1398339673745639 0.004442624627924945 0.015077217895762565] 3 27889.117381572723s
2022-03-29 09:21:08.152374 (1.0, 100000.0, 22, 10.0, 0.3, 0.302, 2.0, 3) [0.1410617059114995 0.0040906303057734825 0.008180494090947439] 3 49529.18490290642s
2022-03-29 17:03:48.706271 (1.0, 100000.0, 22, 10.0, 0.3, 0.305, 2.0, 3) [0.1321208302109993 0.0035027465255541065 0.012107788942649694] 3 27738.62237381935s
2022-03-29 17:27:54.197820 (1.0, 100000.0, 21, 10.0, 0.3, 0.292, 2.0, 3) [0.15702784856776233 0.0038553737233739797 0.005544331847068309] 3 39998.85462450981s
2022-03-29 18:00:26.169137 (1.0, 100000.0, 23, 10.0, 0.3, 0.292, 2.0, 3) [0.14195568457146665 0.0035425100210672114 0.005916993110050418] 3 78443.72100305557s
2022-03-29 18:02:40.710918 (1.0, 100000.0, 20, 10.0, 0.3, 0.312, 2.0, 3) [0.14054065539516206 0.001772896570134526 0.014640215410131791] 3 31837.895304441452s
2022-03-29 19:07:00.497738 (1.0, 100000.0, 22, 10.0, 0.3, 0.305, 2.0, 3) [0.13335672263296122 0.00330520496817837 0.011445916344715751] 3 7391.763521432877s
2022-03-29 20:08:36.114063 (1.0, 100000.0, 24, 10.0, 0.3, 0.285, 2.0, 3) [0.1469011033192727 0.0039031541865776646 0.0035144479736126623] 3 84485.36409330368s
2022-03-29 20:20:31.593321 (1.0, 100000.0, 20, 10.0, 0.3, 0.319, 2.0, 3) [0.12828708939581587 0.0028894603085933184 0.02378420052111272] 3 8250.8801612854s
2022-03-29 21:19:15.641229 (1.0, 100000.0, 22, 10.0, 0.3, 0.305, 2.0, 3) [0.13489365063811687 0.0036894818962935603 0.010742039696763314] 3 7935.141023397446s
2022-03-29 21:28:07.401329 (1.0, 100000.0, 21, 10.0, 0.3, 0.292, 2.0, 3) [0.1551662276059772 0.0032775574281486267 0.005975679405828448] 3 14413.200942754745s
2022-03-29 21:36:11.341073 (1.0, 100000.0, 23, 10.0, 0.3, 0.292, 2.0, 3) [0.14419219339561729 0.003603430089770282 0.0053357378168531] 3 12945.16800904274s
2022-03-29 21:36:23.574774 (1.0, 100000.0, 20, 10.0, 0.3, 0.319, 2.0, 3) [0.1320035572627758 0.0019956201483430375 0.02062816647097514] 3 4551.978669881821s
2022-03-29 22:45:23.299987 (1.0, 100000.0, 20, 10.0, 0.3, 0.319, 2.0, 3) [0.13096204942876205 0.0033952253807551036 0.021387344217777847] 3 4139.721839666367s
2022-03-29 23:30:20.115806 (1.0, 100000.0, 24, 10.0, 0.3, 0.292, 2.0, 3) [0.1373010778203638 0.0027480985513200344 0.00555714741187986] 3 12098.35618019104s
2022-03-29 23:34:49.215740 (1.0, 100000.0, 22, 10.0, 0.3, 0.307, 2.0, 3) [0.1287616855806803 0.003911285432236106 0.013965143688725784] 3 8128.6090178489685s
2022-03-30 00:00:24.398936 (1.0, 100000.0, 20, 10.0, 0.3, 0.322, 2.0, 3) [0.12277798016836619 0.003651767457862769 0.0295782012786222] 3 4492.540873527527s
2022-03-30 00:03:24.562497 (1.0, 100000.0, 21, 10.0, 0.3, 0.297, 2.0, 3) [0.1500354061529843 0.004587891202644766 0.007433972245523211] 3 9311.976026296616s
2022-03-30 01:08:46.296490 (1.0, 100000.0, 20, 10.0, 0.3, 0.322, 2.0, 3) [0.12723430766127614 0.0024514897904820863 0.024825178360683015] 3 4101.893626451492s
2022-03-30 01:50:21.272786 (1.0, 100000.0, 22, 10.0, 0.3, 0.307, 2.0, 3) [0.1342217127585215 0.0027174341280765194 0.011061928007763238] 3 8132.053430318832s
2022-03-30 02:14:44.818344 (1.0, 100000.0, 20, 10.0, 0.3, 0.322, 2.0, 3) [0.12597414747641247 0.0023401775034047273 0.02611600791914524] 3 3958.518541097641s
2022-03-30 02:33:29.951714 (1.0, 100000.0, 21, 10.0, 0.3, 0.297, 2.0, 3) [0.15108445738188162 0.005221533463252748 0.0071149205161852155] 3 9005.386676311493s
2022-03-30 02:56:47.900827 (1.0, 100000.0, 24, 10.0, 0.3, 0.292, 2.0, 3) [0.13832738984287515 0.004017212663325273 0.005289609854352999] 3 12387.782900571823s
2022-03-30 04:01:38.038181 (1.0, 100000.0, 22, 10.0, 0.3, 0.307, 2.0, 3) [0.12973406449275612 0.004547629959849014 0.013425016191954997] 3 7876.762541294098s
2022-03-30 05:06:49.863056 (1.0, 100000.0, 21, 10.0, 0.3, 0.297, 2.0, 3) [0.15319664485561926 0.006942495583217508 0.0065148737017042815] 3 9199.908522605896s
2022-03-30 06:36:04.489570 (1.0, 100000.0, 22, 10.0, 0.3, 0.312, 2.0, 3) [0.1222631390808298 0.0028217523540137917 0.018593929257781253] 3 9261.869056940079s
2022-03-30 07:31:06.127658 (1.0, 100000.0, 24, 10.0, 0.3, 0.292, 2.0, 3) [0.13915601110295475 0.002678093576603418 0.0050848857706927] 3 16458.223979711533s
2022-03-30 08:43:37.625607 (1.0, 100000.0, 21, 10.0, 0.3, 0.299, 2.0, 3) [0.1467867388142076 0.0033567456099166254 0.008528639626867032] 3 13002.994776248932s
2022-03-30 09:11:13.599694 (1.0, 100000.0, 22, 10.0, 0.3, 0.312, 2.0, 3) [0.12608792077310568 0.003288112841357599 0.01575243540122682] 3 9309.107728481293s
2022-03-30 11:10:28.284187 (1.0, 100000.0, 24, 10.0, 0.3, 0.297, 2.0, 3) [0.13021227527319423 0.0023319166025515137 0.007816467973357348] 3 13156.855815649033s
2022-03-30 13:30:14.522149 (1.0, 100000.0, 22, 10.0, 0.3, 0.312, 2.0, 3) [0.12426748678139476 0.0033779180927816605 0.01703736564499143] 3 15540.919944763184s
2022-03-30 14:28:22.968471 (1.0, 100000.0, 21, 10.0, 0.3, 0.299, 2.0, 3) [0.1453563369632056 0.0034961105624924564 0.009032586184862378] 3 20685.34035038948s
2022-03-30 17:38:07.239644 (1.0, 100000.0, 22, 10.0, 0.3, 0.319, 2.0, 3) [0.11385800610280569 0.0027851367218246783 0.026816530938140508] 3 14867.242591142654s
2022-03-30 18:31:42.272449 (1.0, 100000.0, 24, 10.0, 0.3, 0.297, 2.0, 3) [0.13273358208627123 0.003975495290039297 0.006932239820596491] 3 26473.985603809357s
2022-04-07 00:39:54.184002 (1.0, 100000.0, 20, 10.0, 0.3, 0.281, 2.0, 3) [0.1805954024125726 0.0031874098318485514 0.002960367234027545] 3 2092.981634616852s
2022-04-07 01:08:29.968738 (1.0, 100000.0, 21, 10.0, 0.3, 0.281, 2.0, 3) [0.1760374722188013 0.0041898773599152095 0.0025012630843547234] 3 3808.7601358890533s
2022-04-07 01:14:30.916462 (1.0, 100000.0, 20, 10.0, 0.3, 0.281, 2.0, 3) [0.1805434025947518 0.0033025210090355823 0.0029711636970722313] 3 2076.703087091446s
2022-04-07 01:26:23.352090 (1.0, 100000.0, 22, 10.0, 0.3, 0.281, 2.0, 3) [0.16609725534845837 0.003333256612297196 0.0027164990377718996] 3 4880.599303722382s
2022-04-07 01:47:09.955690 (1.0, 100000.0, 23, 10.0, 0.3, 0.281, 2.0, 3) [0.15938837336535322 0.0031859569442431864 0.002654658403728619] 3 6127.206259489059s
2022-04-07 01:49:29.944438 (1.0, 100000.0, 20, 10.0, 0.3, 0.281, 2.0, 3) [0.1825729591533033 0.004200979851604131 0.002735036775829858] 3 2099.0257086753845s
2022-04-07 01:59:34.424535 (1.0, 100000.0, 24, 10.0, 0.3, 0.281, 2.0, 3) [0.15226444489399704 0.003824317677200199 0.0027157436053002852] 3 6871.678268909454s
2022-04-07 02:21:42.053149 (1.0, 100000.0, 20, 10.0, 0.3, 0.285, 2.0, 3) [0.17653479735966562 0.004297518906881219 0.0034815945764939166] 3 1929.638417005539s
2022-04-07 02:22:59.205414 (1.0, 100000.0, 21, 10.0, 0.3, 0.281, 2.0, 3) [0.1728873027806696 0.0026070672686855168 0.002854816888739873] 3 4469.234662771225s
2022-04-07 02:48:09.836353 (1.0, 100000.0, 22, 10.0, 0.3, 0.281, 2.0, 3) [0.16902708546681428 0.00463852250679887 0.0024020239696735776] 3 4906.481761217117s
2022-04-07 02:54:03.892760 (1.0, 100000.0, 20, 10.0, 0.3, 0.285, 2.0, 3) [0.1727666703070995 0.0031223041488982846 0.004042631020693015] 3 1941.837741136551s
2022-04-07 03:20:03.220909 (1.0, 100000.0, 21, 10.0, 0.3, 0.281, 2.0, 3) [0.1744427573227672 0.002806510220755365 0.0026710962577356696] 3 3424.0134267807007s
2022-04-07 03:24:31.062145 (1.0, 100000.0, 23, 10.0, 0.3, 0.281, 2.0, 3) [0.15999587038119947 0.0033501338223039406 0.002581041421349218] 3 5841.104585886002s
2022-04-07 03:26:28.256202 (1.0, 100000.0, 20, 10.0, 0.3, 0.285, 2.0, 3) [0.17396630732577345 0.0027689282303065207 0.003858842058860181] 3 1944.3615612983704s
2022-04-07 03:54:14.938641 (1.0, 100000.0, 24, 10.0, 0.3, 0.281, 2.0, 3) [0.15477645972503143 0.0022838362110906446 0.0024068599762723606] 3 6880.512052297592s
2022-04-07 04:02:10.671363 (1.0, 100000.0, 20, 10.0, 0.3, 0.292, 2.0, 3) [0.164839673521247 0.003482446686783593 0.005553678386526274] 3 2139.652574300766s
2022-04-07 04:09:57.880563 (1.0, 100000.0, 22, 10.0, 0.3, 0.281, 2.0, 3) [0.16714210577681773 0.003342209823756877 0.002598398941861796] 3 4908.041451215744s
2022-04-07 04:21:51.487658 (1.0, 100000.0, 21, 10.0, 0.3, 0.285, 2.0, 3) [0.16913049247440812 0.003441442600932699 0.0033460078791657548] 3 3705.6239488124847s
2022-04-07 04:37:44.102708 (1.0, 100000.0, 20, 10.0, 0.3, 0.292, 2.0, 3) [0.16629230708895903 0.003472410820114056 0.005238240756649351] 3 2133.4295773506165s
2022-04-07 05:01:49.114808 (1.0, 100000.0, 23, 10.0, 0.3, 0.281, 2.0, 3) [0.16003575414480734 0.00375460503083462 0.002576194881324544] 3 5838.050248622894s
2022-04-07 05:13:30.779733 (1.0, 100000.0, 20, 10.0, 0.3, 0.292, 2.0, 3) [0.16854644769561775 0.0029316101019964827 0.00480923693743099] 3 2146.674553155899s
2022-04-07 05:30:54.119711 (1.0, 100000.0, 22, 10.0, 0.3, 0.285, 2.0, 3) [0.16309215153921044 0.0026040738635105553 0.003110745079415479] 3 4852.469477891922s
2022-04-07 05:48:14.517602 (1.0, 100000.0, 24, 10.0, 0.3, 0.281, 2.0, 3) [0.15271134855308 0.0024279085187945797 0.0026567869991514213] 3 6839.576429843903s
2022-04-07 05:48:31.151038 (1.0, 100000.0, 20, 10.0, 0.3, 0.297, 2.0, 3) [0.15863382168960344 0.003453700935810771 0.007125119709248705] 3 2097.8844287395477s
2022-04-07 05:53:17.551236 (1.0, 100000.0, 21, 10.0, 0.3, 0.285, 2.0, 3) [0.1684789104743904 0.003106056758350691 0.0034361534219573124] 3 5486.061748743057s
2022-04-07 06:22:24.034596 (1.0, 100000.0, 20, 10.0, 0.3, 0.297, 2.0, 3) [0.15803522590705749 0.002927880163368843 0.0073009050677278475] 3 2032.881536245346s
2022-04-07 06:39:31.117022 (1.0, 100000.0, 23, 10.0, 0.3, 0.285, 2.0, 3) [0.1536426330535878 0.0029015608200503792 0.0034631720821340323] 3 5858.4394545555115s
2022-04-07 06:44:14.884756 (1.0, 100000.0, 22, 10.0, 0.3, 0.285, 2.0, 3) [0.15900460592013782 0.0033221214762888178 0.0037103171025419835] 3 4400.762804031372s
2022-04-07 06:56:23.517854 (1.0, 100000.0, 20, 10.0, 0.3, 0.297, 2.0, 3) [0.15638746824772765 0.0030043302249209668 0.007788436965856204] 3 2039.4810087680817s
2022-04-07 07:30:29.926436 (1.0, 100000.0, 20, 10.0, 0.3, 0.299, 2.0, 3) [0.154178047029311 0.003553117508755218 0.008491707050927824] 3 2043.6217284202576s
2022-04-07 07:40:28.776581 (1.0, 100000.0, 24, 10.0, 0.3, 0.285, 2.0, 3) [0.14776557885623762 0.002257007493304 0.0033638628653961753] 3 6730.928775310516s
2022-04-07 07:58:24.951736 (1.0, 100000.0, 22, 10.0, 0.3, 0.285, 2.0, 3) [0.16122803042560427 0.002685184503989074 0.003374777015125208] 3 4450.064273357391s
2022-04-07 08:05:24.403606 (1.0, 100000.0, 20, 10.0, 0.3, 0.299, 2.0, 3) [0.15386202261061566 0.003266779939512427 0.008606829831976236] 3 2094.474953889847s
2022-04-07 08:13:45.745925 (1.0, 100000.0, 23, 10.0, 0.3, 0.285, 2.0, 3) [0.15461443865615873 0.005294294137612935 0.0033035283223622593] 3 5654.626601457596s
2022-04-07 08:40:25.340873 (1.0, 100000.0, 20, 10.0, 0.3, 0.299, 2.0, 3) [0.15383650056102688 0.0032481587110074787 0.008615610521782694] 3 2100.934858083725s
2022-04-07 09:17:00.068302 (1.0, 100000.0, 20, 10.0, 0.3, 0.302, 2.0, 3) [0.1527459860492282 0.004440811053567645 0.009000660336895795] 3 2191.909924507141s
2022-04-07 09:19:23.268885 (1.0, 100000.0, 22, 10.0, 0.3, 0.292, 2.0, 3) [0.15238155695284517 0.0045942939711910045 0.004979734945390007] 3 4854.612895727158s
2022-04-07 09:32:39.619650 (1.0, 100000.0, 24, 10.0, 0.3, 0.285, 2.0, 3) [0.1466935231665178 0.003166631834151148 0.0035440358185903015] 3 6730.841098308563s
2022-04-07 09:47:59.986516 (1.0, 100000.0, 23, 10.0, 0.3, 0.285, 2.0, 3) [0.1558803883186832 0.0037840125893389646 0.0031246629585266325] 3 5654.237755537033s
2022-04-07 09:53:20.391293 (1.0, 100000.0, 20, 10.0, 0.3, 0.302, 2.0, 3) [0.152779155261699 0.005442853277512387 0.008995094123747077] 3 2180.3208253383636s
2022-04-07 10:39:52.069721 (1.0, 100000.0, 22, 10.0, 0.3, 0.292, 2.0, 3) [0.15245158133610393 0.0025516504968699904 0.004950678010329233] 3 4828.798730373383s
2022-04-07 13:01:02.346539 (1.0, 100000.0, 20, 10.0, 0.3, 0.281, 2.0, 3) [0.1847941295850811 0.004844778029038341 0.0025058788724337724] 3 3348.1338098049164s
2022-04-08 14:19:00.757241 (1.0, 100000.0, 20, 10.0, 0.3, 0.281, 2.0, 3) [0.18025564276365283 0.005438147233571469 0.0029972406248721228] 3 4235.885661125183s
2022-04-08 14:42:36.546316 (1.0, 100000.0, 21, 10.0, 0.3, 0.281, 2.0, 3) [0.17487308263957616 0.003838359269562751 0.00262284468933738] 3 5651.677440643311s
2022-04-08 15:29:23.018790 (1.0, 100000.0, 20, 10.0, 0.3, 0.281, 2.0, 3) [0.18285782917538346 0.004470296883695423 0.0027030811565409035] 3 4222.241765260696s
2022-04-08 16:15:46.151387 (1.0, 100000.0, 21, 10.0, 0.3, 0.281, 2.0, 3) [0.1740413299656117 0.0018705213924995459 0.0027138976542145352] 3 5589.602669477463s
2022-04-08 16:40:18.508713 (1.0, 100000.0, 20, 10.0, 0.3, 0.281, 2.0, 3) [0.17859964921466467 0.0038432593595291364 0.003201502708793537] 3 4255.487484931946s
2022-04-08 17:49:26.442904 (1.0, 100000.0, 21, 10.0, 0.3, 0.281, 2.0, 3) [0.172142180059855 0.0053563701348364875 0.0029402850744346134] 3 5620.287776470184s
2022-04-08 17:49:37.330565 (1.0, 100000.0, 20, 10.0, 0.3, 0.285, 2.0, 3) [0.1732080418253616 0.002847527560206486 0.003977667549213287] 3 4155.274151563644s
2022-04-08 19:02:03.348877 (1.0, 100000.0, 20, 10.0, 0.3, 0.285, 2.0, 3) [0.1777896882476035 0.003029346913452589 0.0033161292349026842] 3 4346.015965938568s
2022-04-08 19:22:33.498109 (1.0, 100000.0, 21, 10.0, 0.3, 0.285, 2.0, 3) [0.16668426716759308 0.003180127959294591 0.0037017502576836663] 3 5583.569286584854s
2022-04-08 20:14:21.639742 (1.0, 100000.0, 20, 10.0, 0.3, 0.285, 2.0, 3) [0.17239935667602266 0.00415974212393442 0.004107088881033469] 3 4338.288395166397s
2022-04-08 20:53:36.345424 (1.0, 100000.0, 21, 10.0, 0.3, 0.285, 2.0, 3) [0.1691426187183132 0.004586369356596372 0.0033398750205080553] 3 5462.84520483017s
2022-04-08 21:22:59.238332 (1.0, 100000.0, 20, 10.0, 0.3, 0.292, 2.0, 3) [0.16158078505532145 0.0041382889668638055 0.0063248837496768864] 3 4114.272315979004s
2022-04-08 22:25:52.865558 (1.0, 100000.0, 21, 10.0, 0.3, 0.285, 2.0, 3) [0.16677251792030506 0.004593536746771467 0.003680736206250373] 3 5536.517616033554s
2022-04-08 22:32:31.067127 (1.0, 100000.0, 20, 10.0, 0.3, 0.292, 2.0, 3) [0.164216432983206 0.003459448360848708 0.005693610325042871] 3 4171.826750993729s
2022-04-08 23:42:01.175127 (1.0, 100000.0, 20, 10.0, 0.3, 0.292, 2.0, 3) [0.16555707579150153 0.002452149741859764 0.005390645519929947] 3 4170.105601072311s
2022-04-08 23:58:39.042312 (1.0, 100000.0, 21, 10.0, 0.3, 0.292, 2.0, 3) [0.15720091166234657 0.0033988978616338447 0.005511554748570305] 3 5562.875759363174s
2022-04-09 00:50:39.322524 (1.0, 100000.0, 20, 10.0, 0.3, 0.297, 2.0, 3) [0.1561483918753826 0.005525948650322264 0.007852189226750603] 3 4114.89007973671s
2022-04-09 01:29:28.476673 (1.0, 100000.0, 21, 10.0, 0.3, 0.292, 2.0, 3) [0.15684318039364728 0.004768956334653996 0.005586320411975319] 3 5449.431924104691s
2022-04-09 02:00:35.950381 (1.0, 100000.0, 20, 10.0, 0.3, 0.297, 2.0, 3) [0.15989699947934727 0.004141654503383815 0.006779257405846776] 3 4196.62584733963s
2022-04-09 03:00:37.888706 (1.0, 100000.0, 21, 10.0, 0.3, 0.292, 2.0, 3) [0.1562468198124637 0.0034315286477877988 0.005726800039331671] 3 5469.408887147903s
2022-04-09 03:12:06.407900 (1.0, 100000.0, 20, 10.0, 0.3, 0.297, 2.0, 3) [0.15902036463959304 0.003078184823730359 0.0070123267713027414] 3 4290.454879045486s
2022-04-09 04:23:37.782643 (1.0, 100000.0, 20, 10.0, 0.3, 0.299, 2.0, 3) [0.15548466340206274 0.005662981669148634 0.008103365687521534] 3 4287.826365232468s
2022-04-09 04:42:30.478497 (1.0, 100000.0, 21, 10.0, 0.3, 0.297, 2.0, 3) [0.15134162763503572 0.003920482992537247 0.007051778121351343] 3 6107.855105876923s
2022-04-09 05:35:31.125545 (1.0, 100000.0, 20, 10.0, 0.3, 0.299, 2.0, 3) [0.15790689863138108 0.004914006998893791 0.007369062058758192] 3 4313.3404767513275s
2022-04-09 06:20:19.916532 (1.0, 100000.0, 21, 10.0, 0.3, 0.297, 2.0, 3) [0.1511239169641958 0.004377606840770049 0.007105588429910061] 3 5869.435350418091s
2022-04-09 06:47:58.932638 (1.0, 100000.0, 20, 10.0, 0.3, 0.299, 2.0, 3) [0.15269984360362243 0.004402801535915752 0.009018242044909617] 3 4347.8034880161285s
2022-04-09 07:56:56.280760 (1.0, 100000.0, 20, 10.0, 0.3, 0.302, 2.0, 3) [0.1526507465253416 0.0023359665133913096 0.009057910570010031] 3 4133.791117191315s
2022-04-09 07:58:47.800958 (1.0, 100000.0, 21, 10.0, 0.3, 0.297, 2.0, 3) [0.14538533883110485 0.007146801075795775 0.00899927198751052] 3 5907.88178896904s
2022-04-09 09:05:12.170852 (1.0, 100000.0, 20, 10.0, 0.3, 0.302, 2.0, 3) [0.15012220364906403 0.003975737563056103 0.009974831024423233] 3 4095.887212753296s
2022-04-09 09:29:58.531718 (1.0, 100000.0, 21, 10.0, 0.3, 0.299, 2.0, 3) [0.1491412708881359 0.002838947024114181 0.007716149460684651] 3 5467.67632651329s
2022-04-09 10:15:02.747044 (1.0, 100000.0, 20, 10.0, 0.3, 0.302, 2.0, 3) [0.14837507139573441 0.003185002857938743 0.010696453626188186] 3 4190.573766708374s
2022-04-09 11:01:24.759019 (1.0, 100000.0, 21, 10.0, 0.3, 0.299, 2.0, 3) [0.14599299674797012 0.0040295978572705135 0.008797525561812597] 3 5486.225192785263s
2022-04-09 11:23:04.761149 (1.0, 100000.0, 20, 10.0, 0.3, 0.305, 2.0, 3) [0.14982325334748176 0.003445486216302083 0.010127005907365568] 3 4078.7924563884735s
2022-04-09 12:32:30.586077 (1.0, 100000.0, 20, 10.0, 0.3, 0.305, 2.0, 3) [0.14739336243424508 0.004823103057196953 0.011161376517063115] 3 4165.8223741054535s
2022-04-09 12:34:14.099610 (1.0, 100000.0, 21, 10.0, 0.3, 0.299, 2.0, 3) [0.1474537661536002 0.0027274184198771774 0.008279549258662757] 3 5569.336499214172s
2022-04-09 13:41:50.972095 (1.0, 100000.0, 20, 10.0, 0.3, 0.305, 2.0, 3) [0.1475746159595347 0.0043761728567721 0.011074537729571171] 3 4160.383173704147s
2022-04-09 14:13:14.056584 (1.0, 100000.0, 21, 10.0, 0.3, 0.302, 2.0, 3) [0.14499483624976992 0.004786893963919111 0.009184154569101929] 3 5936.490083456039s
2022-04-09 14:50:47.740613 (1.0, 100000.0, 20, 10.0, 0.3, 0.307, 2.0, 3) [0.1401392125702045 0.0032858296686127434 0.014845470836692694] 3 4133.1787757873535s
2022-04-09 15:46:21.450451 (1.0, 100000.0, 21, 10.0, 0.3, 0.302, 2.0, 3) [0.13956396068513258 0.0025930315765938846 0.011501155906276928] 3 5587.391256093979s
2022-04-09 16:02:23.273854 (1.0, 100000.0, 20, 10.0, 0.3, 0.307, 2.0, 3) [0.14478404203975712 0.002955704755284442 0.012373253145555133] 3 4295.530799865723s
2022-04-09 17:12:56.871437 (1.0, 100000.0, 20, 10.0, 0.3, 0.307, 2.0, 3) [0.15050683536434029 0.00363322167532641 0.009898045809002559] 3 4233.5948276519775s
2022-04-09 17:20:03.587076 (1.0, 100000.0, 21, 10.0, 0.3, 0.302, 2.0, 3) [0.1423165114988567 0.0035075376641221256 0.01024598599576858] 3 5622.132294178009s
2022-04-09 18:24:51.377175 (1.0, 100000.0, 20, 10.0, 0.3, 0.312, 2.0, 3) [0.13786535545573878 0.0033751049332802954 0.01627234552130207] 3 4311.08460187912s
2022-04-09 18:51:26.450295 (1.0, 100000.0, 21, 10.0, 0.3, 0.305, 2.0, 3) [0.14069302107188608 0.0032456841583550374 0.010987016255193858] 3 5478.4846885204315s
2022-04-09 19:33:45.824084 (1.0, 100000.0, 20, 10.0, 0.3, 0.312, 2.0, 3) [0.13809440106488688 0.0035955161906004104 0.016133101477993957] 3 4134.444526672363s
2022-04-09 20:21:25.966162 (1.0, 100000.0, 21, 10.0, 0.3, 0.305, 2.0, 3) [0.13734393679876133 0.002461342747459736 0.01261713565164295] 3 5399.513157606125s
2022-04-09 20:42:53.661016 (1.0, 100000.0, 20, 10.0, 0.3, 0.312, 2.0, 3) [0.14111964184444092 0.002377339045612449 0.014328850305639367] 3 4147.834285497665s
2022-04-09 21:50:46.069578 (1.0, 100000.0, 21, 10.0, 0.3, 0.305, 2.0, 3) [0.14063509859915865 0.003565487717406785 0.011015229926716618] 3 5360.100600719452s
2022-04-09 21:53:22.872169 (1.0, 100000.0, 20, 10.0, 0.3, 0.319, 2.0, 3) [0.1304854921469742 0.0036185408800700216 0.02181040911257647] 3 4225.764533996582s
2022-04-09 23:02:19.811586 (1.0, 100000.0, 20, 10.0, 0.3, 0.319, 2.0, 3) [0.13114693210768463 0.004020732946305565 0.021293634176302655] 3 4136.936877012253s
2022-04-09 23:19:23.473301 (1.0, 100000.0, 21, 10.0, 0.3, 0.307, 2.0, 3) [0.13439893012028087 0.0033125944387810873 0.014259872556642097] 3 5313.852981567383s
2022-04-10 00:11:35.405596 (1.0, 100000.0, 20, 10.0, 0.3, 0.319, 2.0, 3) [0.1300244447313782 0.004232140750855882 0.022256054865011105] 3 4155.591264009476s
2022-04-10 00:47:43.848918 (1.0, 100000.0, 21, 10.0, 0.3, 0.307, 2.0, 3) [0.13783978258579965 0.0020757768775004305 0.01237256315409543] 3 5300.373379230499s
2022-04-10 01:25:42.592421 (1.0, 100000.0, 20, 10.0, 0.3, 0.322, 2.0, 3) [0.12909591046931818 0.0023647609265468905 0.023069065928539488] 3 4443.681104421616s
2022-04-10 02:15:27.301517 (1.0, 100000.0, 21, 10.0, 0.3, 0.307, 2.0, 3) [0.13774288674377008 0.003058668178978179 0.012431237178173581] 3 5263.448827981949s
2022-04-10 02:40:01.208895 (1.0, 100000.0, 20, 10.0, 0.3, 0.322, 2.0, 3) [0.12470819813039388 0.0017390267752432922 0.027386343414545215] 3 4458.614479541779s
2022-04-10 03:53:38.508361 (1.0, 100000.0, 20, 10.0, 0.3, 0.322, 2.0, 3) [0.12928039265996905 0.005085880490335033 0.023073013901441782] 3 4417.297229528427s
2022-04-10 03:57:04.156746 (1.0, 100000.0, 21, 10.0, 0.3, 0.312, 2.0, 3) [0.13430746161882634 0.004064848664304881 0.01440651120580553] 3 6093.318828344345s
2022-04-10 10:13:22.790245 (1.0, 100000.0, 21, 10.0, 0.3, 0.312, 2.0, 3) [0.13200601273418053 0.0033312294882008537 0.015862451663625824] 3 22578.631169319153s
2022-04-10 13:30:07.863975 (1.0, 100000.0, 23, 10.0, 0.3, 0.292, 2.0, 3) [0.1421935631824897 0.0028736804925536892 0.005839748809832569] 3 272523.7025978565s
2022-04-10 13:58:20.632964 (1.0, 100000.0, 22, 10.0, 0.3, 0.292, 2.0, 3) [0.14932011997339864 0.004337501378504666 0.005684182339121312] 3 271108.56091427803s
2022-04-10 15:12:04.081638 (1.0, 100000.0, 22, 10.0, 0.3, 0.297, 2.0, 3) [0.14294824314920349 0.0034175029642684635 0.007511234539734083] 3 4419.063700914383s
2022-04-10 15:39:10.073010 (1.0, 100000.0, 23, 10.0, 0.3, 0.292, 2.0, 3) [0.14397164075654023 0.002754190783062246 0.0053868906605092975] 3 7742.206887722015s
2022-04-10 16:22:02.343985 (1.0, 100000.0, 22, 10.0, 0.3, 0.297, 2.0, 3) [0.14693131223792094 0.0033702356864241125 0.006321430818474052] 3 4198.157709360123s
2022-04-10 16:30:26.623651 (1.0, 100000.0, 21, 10.0, 0.3, 0.312, 2.0, 3) [0.13011548506526888 0.00345583018108127 0.01709695931617473] 3 22623.83080458641s
2022-04-10 17:31:35.883727 (1.0, 100000.0, 22, 10.0, 0.3, 0.297, 2.0, 3) [0.14420180395159812 0.0024938091471712787 0.007105828156625609] 3 4173.537647724152s
2022-04-10 17:49:20.793240 (1.0, 100000.0, 23, 10.0, 0.3, 0.292, 2.0, 3) [0.14553673079980142 0.002903164429663433 0.005018736254435772] 3 7810.718105792999s
2022-04-10 18:50:31.949994 (1.0, 100000.0, 22, 10.0, 0.3, 0.299, 2.0, 3) [0.14288477726282311 0.004096573275284293 0.007553116561385941] 3 4731.928862810135s
2022-04-10 19:31:44.639036 (1.0, 100000.0, 23, 10.0, 0.3, 0.297, 2.0, 3) [0.1374416708880913 0.0035952122919830215 0.007285702130612445] 3 6139.53933930397s
2022-04-10 20:10:06.075347 (1.0, 100000.0, 22, 10.0, 0.3, 0.299, 2.0, 3) [0.1421401186563462 0.004492525697781723 0.007801946723815305] 3 4774.123368740082s
2022-04-10 21:14:12.874630 (1.0, 100000.0, 23, 10.0, 0.3, 0.297, 2.0, 3) [0.1353665720800897 0.0027200553826290663 0.007990148279094566] 3 6148.233167409897s
2022-04-10 21:29:10.167737 (1.0, 100000.0, 22, 10.0, 0.3, 0.299, 2.0, 3) [0.14153938533026386 0.00441332234942179 0.007996611827637654] 3 4744.082659244537s
2022-04-10 22:49:07.767441 (1.0, 100000.0, 22, 10.0, 0.3, 0.302, 2.0, 3) [0.1346400727791184 0.0029355216524288444 0.010797442722165497] 3 4793.5388922691345s
2022-04-10 22:56:22.848953 (1.0, 100000.0, 23, 10.0, 0.3, 0.297, 2.0, 3) [0.1392054647412866 0.004236790212304083 0.006719266942750343] 3 6129.972073554993s
2022-04-11 00:02:13.418837 (1.0, 100000.0, 22, 10.0, 0.3, 0.302, 2.0, 3) [0.13162586964753967 0.003517547819433213 0.012310588058524799] 3 4385.649171590805s
2022-04-11 00:29:42.641543 (1.0, 100000.0, 23, 10.0, 0.3, 0.299, 2.0, 3) [0.13519557560643333 0.002799004747769077 0.008049095609388626] 3 5595.500224351883s
2022-04-11 01:01:39.987017 (1.0, 100000.0, 21, 10.0, 0.3, 0.319, 2.0, 3) [0.12157377728236757 0.00232313657003273 0.02439481031786982] 3 30669.737607479095s
2022-04-11 01:15:41.371282 (1.0, 100000.0, 22, 10.0, 0.3, 0.302, 2.0, 3) [0.1390482140379605 0.0032680046654373525 0.008943241996515644] 3 4407.950597286224s
2022-04-11 01:57:50.477202 (1.0, 100000.0, 23, 10.0, 0.3, 0.299, 2.0, 3) [0.13612237843043498 0.004330206850179042 0.007733322661362134] 3 5287.833035469055s
2022-04-11 02:30:26.002393 (1.0, 100000.0, 22, 10.0, 0.3, 0.305, 2.0, 3) [0.13657773991818295 0.003475545969760464 0.009973489553412618] 3 4480.743201494217s
2022-04-11 03:25:29.391860 (1.0, 100000.0, 23, 10.0, 0.3, 0.299, 2.0, 3) [0.134714715368865 0.003745682091101178 0.008227328536973442] 3 5258.912322044373s
2022-04-11 03:41:37.381959 (1.0, 100000.0, 22, 10.0, 0.3, 0.305, 2.0, 3) [0.13423784753896403 0.005348358976416867 0.011022510708167427] 3 4271.377343416214s
2022-04-11 04:51:26.784201 (1.0, 100000.0, 22, 10.0, 0.3, 0.305, 2.0, 3) [0.1323294059104014 0.00542462112268505 0.011966286174423605] 3 4189.399667739868s
2022-04-11 05:01:09.643072 (1.0, 100000.0, 23, 10.0, 0.3, 0.302, 2.0, 3) [0.12631115262798864 0.003863962935573759 0.012087572451313476] 3 5736.143533706665s
2022-04-11 06:08:19.158084 (1.0, 100000.0, 22, 10.0, 0.3, 0.307, 2.0, 3) [0.13240759504427418 0.0034145802475034266 0.011943827623668772] 3 4608.198036432266s
2022-04-11 06:33:33.858188 (1.0, 100000.0, 23, 10.0, 0.3, 0.302, 2.0, 3) [0.13179639441081323 0.004135376299702291 0.009442340177535338] 3 5544.2115931510925s
2022-04-11 07:22:30.433686 (1.0, 100000.0, 22, 10.0, 0.3, 0.307, 2.0, 3) [0.13018773509787843 0.004093822178834278 0.013128881338069697] 3 4451.272821903229s
2022-04-11 08:06:10.567754 (1.0, 100000.0, 23, 10.0, 0.3, 0.302, 2.0, 3) [0.12986780486787827 0.0037388563053055994 0.010282613460046507] 3 5556.706656455994s
2022-04-11 08:35:43.899721 (1.0, 100000.0, 22, 10.0, 0.3, 0.307, 2.0, 3) [0.12942024622808018 0.0037804685939455324 0.013583505116874742] 3 4393.463669061661s
2022-04-11 08:35:59.268076 (1.0, 100000.0, 21, 10.0, 0.3, 0.319, 2.0, 3) [0.12200344221856096 0.0021595713368257586 0.023969080800259484] 3 27259.278374671936s
2022-04-11 09:45:30.237163 (1.0, 100000.0, 23, 10.0, 0.3, 0.305, 2.0, 3) [0.12562284409010607 0.0030534620792245478 0.012510720620874168] 3 5955.630967378616s
2022-04-11 09:46:33.220536 (1.0, 100000.0, 22, 10.0, 0.3, 0.312, 2.0, 3) [0.12083445832074564 0.002706185826839196 0.019780062513786473] 3 4245.386156082153s
2022-04-11 10:53:19.258709 (1.0, 100000.0, 22, 10.0, 0.3, 0.312, 2.0, 3) [0.12537973990276652 0.00230833884579208 0.016246993329628787] 3 4006.035290002823s
2022-04-11 11:24:07.819187 (1.0, 100000.0, 23, 10.0, 0.3, 0.305, 2.0, 3) [0.12605159636080113 0.0034732592873092057 0.01225416888593402] 3 5917.579325199127s
2022-04-11 11:59:42.979008 (1.0, 100000.0, 22, 10.0, 0.3, 0.312, 2.0, 3) [0.12526222127221903 0.0022462875092086644 0.016342768460951118] 3 3983.7181630134583s
2022-04-11 13:04:23.922221 (1.0, 100000.0, 23, 10.0, 0.3, 0.305, 2.0, 3) [0.12798362753305442 0.006179998380381309 0.01124328180026461] 3 6016.100748300552s
2022-04-11 13:16:18.510810 (1.0, 100000.0, 22, 10.0, 0.3, 0.319, 2.0, 3) [0.11495925087000149 0.00290626143393614 0.02558291893435876] 3 4591.495710849762s
2022-04-11 13:45:39.496746 (1.0, 100000.0, 21, 10.0, 0.3, 0.319, 2.0, 3) [0.12273980367818801 0.0028069318478041094 0.023265165513168668] 3 18580.22596335411s
2022-04-11 14:32:05.748122 (1.0, 100000.0, 22, 10.0, 0.3, 0.319, 2.0, 3) [0.11379794100637007 0.0035012051587822845 0.026857327449974343] 3 4547.234447479248s
2022-04-11 14:42:41.715546 (1.0, 100000.0, 23, 10.0, 0.3, 0.307, 2.0, 3) [0.12299952467017854 0.003120887145847535 0.014109196206592968] 3 5893.401089668274s
2022-04-11 15:47:57.731458 (1.0, 100000.0, 22, 10.0, 0.3, 0.319, 2.0, 3) [0.11429325055541903 0.005079703988123038 0.026311413478041303] 3 4551.980937957764s
2022-04-11 16:20:42.030919 (1.0, 100000.0, 23, 10.0, 0.3, 0.307, 2.0, 3) [0.12215257751964548 0.0034957626452684592 0.014628257861711411] 3 5880.312846422195s
2022-04-11 16:59:46.369714 (1.0, 100000.0, 22, 10.0, 0.3, 0.322, 2.0, 3) [0.10872194370598164 0.0031319970053067937 0.03348881039474611] 3 4304.618082523346s
2022-04-11 17:59:27.668276 (1.0, 100000.0, 23, 10.0, 0.3, 0.307, 2.0, 3) [0.11842084463694123 0.0031711850726372356 0.017343593967280285] 3 5925.6349992752075s
2022-04-11 18:07:49.734113 (1.0, 100000.0, 22, 10.0, 0.3, 0.322, 2.0, 3) [0.1149565169227041 0.003662630495355842 0.025676989789886025] 3 4083.362124681473s
2022-04-11 19:15:26.609429 (1.0, 100000.0, 22, 10.0, 0.3, 0.322, 2.0, 3) [0.10890009681947813 0.0053276740361657745 0.03315420411287046] 3 4056.8730585575104s
2022-04-11 19:37:38.641745 (1.0, 100000.0, 23, 10.0, 0.3, 0.312, 2.0, 3) [0.11905246643398143 0.003704789346420084 0.0169030925432902] 3 5887.063230752945s
2022-04-11 21:10:02.562264 (1.0, 100000.0, 21, 10.0, 0.3, 0.322, 2.0, 3) [0.11744359203125614 0.002966148926255902 0.028936792130716923] 3 26659.239639043808s
2022-04-11 21:14:05.572627 (1.0, 100000.0, 23, 10.0, 0.3, 0.312, 2.0, 3) [0.1175175661836302 0.0024592304242384063 0.018120164529274084] 3 5786.927887201309s
2022-04-11 22:49:55.707011 (1.0, 100000.0, 23, 10.0, 0.3, 0.312, 2.0, 3) [0.11810727013937074 0.005458330515481389 0.017688355676293305] 3 5750.132075071335s
2022-04-12 04:26:19.796947 (1.0, 100000.0, 21, 10.0, 0.3, 0.322, 2.0, 3) [0.11886418516176027 0.0035777158897264197 0.02732528153356197] 3 26177.2323846817s
2022-04-12 05:26:57.421663 (1.0, 100000.0, 23, 10.0, 0.3, 0.319, 2.0, 3) [0.11424682820063506 0.0032253198156746345 0.021122371962231237] 3 23817.752271413803s
2022-04-12 10:32:38.122204 (1.0, 100000.0, 21, 10.0, 0.3, 0.322, 2.0, 3) [0.11294402401724551 0.007326224852469669 0.03499438509824414] 3 21978.32209444046s
2022-04-12 21:38:12.987611 (1.0, 100000.0, 20, 10.0, 0.3, 0.281, 2.0, 3) [0.17828267631942696 0.004779853049405808 0.003240789489814866] 3 6002.931809186935s
2022-04-12 21:42:45.377116 (1.0, 100000.0, 24, 10.0, 0.3, 0.285, 2.0, 3) [0.147116889614554 0.003570893284294954 0.003474867220405797] 3 475805.75464749336s
2022-04-12 21:51:54.648124 (1.0, 100000.0, 22, 10.0, 0.3, 0.281, 2.0, 3) [0.1660112664797251 0.0040063924561745375 0.0027244272082205694] 3 6823.385881900787s
2022-04-12 22:26:46.963205 (1.0, 100000.0, 23, 10.0, 0.3, 0.281, 2.0, 3) [0.15829218608342052 0.002747159002296381 0.0027877131495814915] 3 8915.705188035965s
2022-04-12 22:54:02.023812 (1.0, 100000.0, 24, 10.0, 0.3, 0.281, 2.0, 3) [0.15288362341707737 0.007085036458564559 0.002634370531879343] 3 10550.748299360275s
2022-04-12 23:12:01.853724 (1.0, 100000.0, 20, 10.0, 0.3, 0.281, 2.0, 3) [0.18396136977817634 0.003031260066608951 0.0025951951942732835] 3 5628.8637063503265s
2022-04-12 23:37:28.079847 (1.0, 100000.0, 22, 10.0, 0.3, 0.281, 2.0, 3) [0.16786966400452308 0.0045728243369041474 0.00251480560196525] 3 6333.429591417313s
2022-04-13 00:33:06.757165 (1.0, 100000.0, 20, 10.0, 0.3, 0.281, 2.0, 3) [0.18375058312854745 0.0038740076688098136 0.002616468956225378] 3 4864.900067567825s
2022-04-13 00:55:35.793905 (1.0, 100000.0, 23, 10.0, 0.3, 0.281, 2.0, 3) [0.15927132129996813 0.004116018154435198 0.002668622371109282] 3 8928.828431129456s
2022-04-13 01:23:25.784701 (1.0, 100000.0, 22, 10.0, 0.3, 0.281, 2.0, 3) [0.16637176746128937 0.00366211603082422 0.0026858756722559305] 3 6357.70272564888s
2022-04-13 01:30:31.434476 (1.0, 100000.0, 24, 10.0, 0.3, 0.281, 2.0, 3) [0.15637212653613364 0.0034506319038780818 0.0022305110747121324] 3 9389.405129909515s
2022-04-13 01:51:00.835128 (1.0, 100000.0, 20, 10.0, 0.3, 0.285, 2.0, 3) [0.17238769349756486 0.004980624590632759 0.004105339127843976] 3 4670.205305337906s
2022-04-13 03:16:29.242464 (1.0, 100000.0, 22, 10.0, 0.3, 0.285, 2.0, 3) [0.15902624284018638 0.003289617803297848 0.003709156950515289] 3 6780.229728221893s
2022-04-13 03:24:41.987721 (1.0, 100000.0, 23, 10.0, 0.3, 0.281, 2.0, 3) [0.1593842910371686 0.003095837709022773 0.0026522491714591357] 3 8946.191560029984s
2022-04-13 03:27:45.500999 (1.0, 100000.0, 20, 10.0, 0.3, 0.285, 2.0, 3) [0.17018013304119847 0.0048931267688429 0.004485674445074685] 3 5804.661988735199s
2022-04-13 04:11:02.523798 (1.0, 100000.0, 21, 10.0, 0.3, 0.281, 2.0, 3) [0.1741397042431689 0.0031193794187831664 0.0027058100807849338] 3 29572.26927614212s
2022-04-13 04:13:43.444026 (1.0, 100000.0, 24, 10.0, 0.3, 0.281, 2.0, 3) [0.15535735441358628 0.0033223247083702893 0.002343589603780857] 3 9792.004929065704s
2022-04-13 04:51:22.149047 (1.0, 100000.0, 20, 10.0, 0.3, 0.285, 2.0, 3) [0.17445504853801666 0.0033178230277922244 0.0037807379259073774] 3 5016.645661830902s
2022-04-13 05:11:54.238451 (1.0, 100000.0, 24, 10.0, 0.3, 0.292, 2.0, 3) [0.13827842593128595 0.0022471511872627597 0.005304631273182428] 3 26944.94916653633s
2022-04-13 05:22:02.769606 (1.0, 100000.0, 22, 10.0, 0.3, 0.285, 2.0, 3) [0.16169717809693177 0.0023844460581862546 0.0033024594001321516] 3 7533.524509429932s
2022-04-13 05:57:36.500916 (1.0, 100000.0, 23, 10.0, 0.3, 0.285, 2.0, 3) [0.15217609094092086 0.003753705579065575 0.003694663834233105] 3 9171.09555721283s
2022-04-13 06:15:07.446626 (1.0, 100000.0, 20, 10.0, 0.3, 0.292, 2.0, 3) [0.1601133787870434 0.005025118211456595 0.006689728204488396] 3 5021.486758470535s
2022-04-13 06:58:20.192548 (1.0, 100000.0, 24, 10.0, 0.3, 0.285, 2.0, 3) [0.14863857828552282 0.003176398875607879 0.003233313817171364] 3 9873.12360739708s
2022-04-13 07:25:03.106205 (1.0, 100000.0, 22, 10.0, 0.3, 0.285, 2.0, 3) [0.15765145584818174 0.0046462310013505636 0.003927893016823089] 3 7380.33371758461s
2022-04-13 07:34:03.924833 (1.0, 100000.0, 23, 10.0, 0.3, 0.319, 2.0, 3) [0.11004574224328785 0.002380093419788085 0.025493170099795105] 3 94026.50039339066s
2022-04-13 07:45:30.836757 (1.0, 100000.0, 20, 10.0, 0.3, 0.292, 2.0, 3) [0.16344868965916703 0.004052979065704382 0.005872185863800338] 3 5423.387929439545s
2022-04-13 07:46:22.228556 (1.0, 100000.0, 24, 10.0, 0.3, 0.292, 2.0, 3) [0.13735825720200126 0.0040612821803005196 0.00554237773130826] 3 9267.986515522003s
2022-04-13 08:21:26.748415 (1.0, 100000.0, 23, 10.0, 0.3, 0.285, 2.0, 3) [0.15125698583757574 0.0018939897775515694 0.0038571315591066366] 3 8630.245398521423s
2022-04-13 09:05:49.391219 (1.0, 100000.0, 23, 10.0, 0.3, 0.319, 2.0, 3) [0.1110491394522524 0.002808700041039285 0.024347505571377492] 3 5505.464181423187s
2022-04-13 09:10:52.304174 (1.0, 100000.0, 20, 10.0, 0.3, 0.292, 2.0, 3) [0.16564976752553873 0.004511984676634094 0.0053893792538417164] 3 5121.465053319931s
2022-04-13 09:23:39.706019 (1.0, 100000.0, 22, 10.0, 0.3, 0.292, 2.0, 3) [0.15019330845110984 0.0037469349455875206 0.00546542909683472] 3 7112.889882326126s
2022-04-13 09:27:35.723721 (1.0, 100000.0, 24, 10.0, 0.3, 0.292, 2.0, 3) [0.14036776036174956 0.0024360998979040265 0.004813708573978636] 3 6073.492908716202s
2022-04-13 09:51:00.501433 (1.0, 100000.0, 24, 10.0, 0.3, 0.285, 2.0, 3) [0.14640458059138534 0.004309377119940802 0.003599478748171221] 3 10360.305995464325s
2022-04-13 10:29:45.330974 (1.0, 100000.0, 21, 10.0, 0.3, 0.281, 2.0, 3) [0.17233602002223253 0.003406102377600521 0.0029177962391570564] 3 22722.80248427391s
2022-04-13 10:43:05.021970 (1.0, 100000.0, 20, 10.0, 0.3, 0.297, 2.0, 3) [0.1583915960394708 0.0031523790283733252 0.007191678686194253] 3 5529.460644721985s
2022-04-13 10:49:04.520115 (1.0, 100000.0, 23, 10.0, 0.3, 0.322, 2.0, 3) [0.1067891675829595 0.0035621530466535415 0.029586970148773227] 3 6191.497694969177s
2022-04-13 12:18:36.628825 (1.0, 100000.0, 20, 10.0, 0.3, 0.297, 2.0, 3) [0.15476944929159864 0.003477640103455181 0.008293663967713388] 3 5731.604837656021s
2022-04-13 12:36:24.569700 (1.0, 100000.0, 22, 10.0, 0.3, 0.292, 2.0, 3) [0.15397626392328254 0.003103945541784427 0.004640570307570511] 3 11564.859715223312s
2022-04-13 12:51:29.332384 (1.0, 100000.0, 24, 10.0, 0.3, 0.285, 2.0, 3) [0.15061081005689972 0.004312089768822367 0.0029466607690937707] 3 10828.827974319458s
2022-04-13 13:05:21.542985 (1.0, 100000.0, 21, 10.0, 0.3, 0.281, 2.0, 3) [0.17313033866479313 0.00310135160285478 0.0028193171066092783] 3 9336.209200620651s
2022-04-13 13:48:43.121671 (1.0, 100000.0, 23, 10.0, 0.3, 0.285, 2.0, 3) [0.15481487009074948 0.001960863807607517 0.0032803893451555173] 3 19636.371093273163s
2022-04-13 14:54:44.468560 (1.0, 100000.0, 23, 10.0, 0.3, 0.322, 2.0, 3) [0.10717054622235414 0.003345981314476025 0.029118479300084592] 3 14739.945096731186s
2022-04-13 15:00:13.096802 (1.0, 100000.0, 24, 10.0, 0.3, 0.297, 2.0, 3) [0.12953523681610157 0.003202288170168517 0.008071034464623377] 3 19953.284255504608s
2022-04-13 15:35:43.730620 (1.0, 100000.0, 22, 10.0, 0.3, 0.292, 2.0, 3) [0.1501295014864767 0.004174406647268904 0.005490484619693608] 3 10759.158147573471s
2022-04-13 16:43:04.512769 (1.0, 100000.0, 24, 10.0, 0.3, 0.297, 2.0, 3) [0.1341169825890335 0.0033792711373271914 0.00647708695586545] 3 6171.413155078888s
2022-04-13 17:38:57.282970 (1.0, 100000.0, 22, 10.0, 0.3, 0.297, 2.0, 3) [0.14224068782263352 0.003929788404784381 0.007752269770690083] 3 7389.962461233139s
2022-04-13 18:22:08.845993 (1.0, 100000.0, 24, 10.0, 0.3, 0.297, 2.0, 3) [0.1285440732498985 0.0038093165269914666 0.008445645012728804] 3 5944.330986738205s
2022-04-13 18:46:43.934724 (1.0, 100000.0, 24, 10.0, 0.3, 0.297, 2.0, 3) [0.13000050400321397 0.0029251905955381924 0.007873428180950798] 3 10244.941427469254s
2022-04-13 19:34:46.981412 (1.0, 100000.0, 22, 10.0, 0.3, 0.297, 2.0, 3) [0.14437840176132266 0.003295792020488 0.007073647256774853] 3 6949.696440935135s
2022-04-13 19:51:29.895135 (1.0, 100000.0, 23, 10.0, 0.3, 0.297, 2.0, 3) [0.13577024633800922 0.0029304178778756644 0.007841025973695289] 3 9455.506473302841s
2022-04-13 21:29:03.157213 (1.0, 100000.0, 22, 10.0, 0.3, 0.297, 2.0, 3) [0.1424168207143649 0.004808114461670811 0.007708907887562922] 3 6856.173134565353s
2022-04-13 21:49:18.898730 (1.0, 100000.0, 24, 10.0, 0.3, 0.297, 2.0, 3) [0.13247088932864537 0.0027889609291765973 0.007039814039124679] 3 10954.961748361588s
2022-04-13 22:04:56.276589 (1.0, 100000.0, 23, 10.0, 0.3, 0.297, 2.0, 3) [0.14015039560434717 0.0023170288541050107 0.0064275274365978505] 3 8006.379368543625s
2022-04-13 23:04:19.759689 (1.0, 100000.0, 24, 10.0, 0.3, 0.299, 2.0, 3) [0.12571961826687145 0.0035926342487925767 0.00967364997097585] 3 16926.776433229446s
2022-04-13 23:22:43.306494 (1.0, 100000.0, 22, 10.0, 0.3, 0.299, 2.0, 3) [0.13738526730696257 0.0019653078228134384 0.009568527237311377] 3 6816.592232465744s
2022-04-14 00:20:04.528946 (1.0, 100000.0, 23, 10.0, 0.3, 0.297, 2.0, 3) [0.13649557813251703 0.005790952415122534 0.007589639661850958] 3 8108.249889373779s
2022-04-14 00:50:06.036071 (1.0, 100000.0, 24, 10.0, 0.3, 0.297, 2.0, 3) [0.13013585562290317 0.0034464455710523875 0.007836718932398082] 3 10847.131299257278s
2022-04-14 01:16:09.650634 (1.0, 100000.0, 22, 10.0, 0.3, 0.299, 2.0, 3) [0.14444335367881525 0.004021834243752206 0.007058699698783091] 3 6806.3419823646545s
2022-04-14 02:47:12.258993 (1.0, 100000.0, 23, 10.0, 0.3, 0.299, 2.0, 3) [0.13277539019233073 0.004665751448236093 0.008991507218781763] 3 8824.282153367996s
2022-04-14 03:09:12.059429 (1.0, 100000.0, 22, 10.0, 0.3, 0.299, 2.0, 3) [0.14106974054245974 0.003383085153364294 0.008157064283619592] 3 6782.406564712524s
2022-04-14 03:40:52.135128 (1.0, 100000.0, 24, 10.0, 0.3, 0.299, 2.0, 3) [0.12830769723850682 0.004019627541523558 0.00856924125067973] 3 10242.213297128677s
2022-04-14 03:43:23.203470 (1.0, 100000.0, 24, 10.0, 0.3, 0.299, 2.0, 3) [0.12896047211974285 0.0040906378858741625 0.008299275748201709] 3 16743.440509796143s
2022-04-14 05:06:06.737721 (1.0, 100000.0, 22, 10.0, 0.3, 0.302, 2.0, 3) [0.13895823935805893 0.0017536911251898135 0.008950166980560632] 3 7009.788939237595s
2022-04-14 05:10:53.335050 (1.0, 100000.0, 23, 10.0, 0.3, 0.299, 2.0, 3) [0.13603960494192444 0.002371214055915116 0.007761602015497475] 3 8621.073912620544s
2022-04-14 06:39:40.781360 (1.0, 100000.0, 24, 10.0, 0.3, 0.299, 2.0, 3) [0.12583662746662816 0.005066111307583068 0.009616691844851411] 3 10728.640805006027s
2022-04-14 07:06:11.633346 (1.0, 100000.0, 22, 10.0, 0.3, 0.302, 2.0, 3) [0.13512796194868693 0.005160017914480228 0.010580249067409826] 3 7204.893398761749s
2022-04-14 07:37:18.512252 (1.0, 100000.0, 23, 10.0, 0.3, 0.299, 2.0, 3) [0.1346929653155247 0.005950370904625086 0.008251863807924273] 3 8785.174572467804s
2022-04-14 09:05:18.086211 (1.0, 100000.0, 22, 10.0, 0.3, 0.302, 2.0, 3) [0.13760657249261468 0.003103103248895478 0.009528365275724215] 3 7146.445700407028s
2022-04-14 09:24:43.660343 (1.0, 100000.0, 24, 10.0, 0.3, 0.299, 2.0, 3) [0.12814954551787205 0.004522437691856785 0.008615661781408206] 3 20480.45463657379s
2022-04-14 09:37:33.786465 (1.0, 100000.0, 24, 10.0, 0.3, 0.299, 2.0, 3) [0.12999039558819186 0.004391796972165594 0.007909127248148412] 3 10673.00042963028s
2022-04-14 09:44:11.256938 (1.0, 100000.0, 23, 10.0, 0.3, 0.322, 2.0, 3) [0.10713616743658973 0.00216718187711918 0.029121591511523135] 3 67766.7849919796s
2022-04-14 10:02:39.626774 (1.0, 100000.0, 23, 10.0, 0.3, 0.302, 2.0, 3) [0.13167816370576296 0.0028799648293814884 0.009489609738319143] 3 8717.261261463165s
2022-04-14 11:02:50.336067 (1.0, 100000.0, 22, 10.0, 0.3, 0.305, 2.0, 3) [0.131709691875765 0.0026364593396062167 0.012307626349621213] 3 7048.638209819794s
2022-04-14 12:17:22.293734 (1.0, 100000.0, 24, 10.0, 0.3, 0.302, 2.0, 3) [0.12593949710660504 0.004627758813004997 0.009595840699837856] 3 10354.53385066986s
2022-04-14 17:28:33.680489 (1.0, 100000.0, 24, 10.0, 0.3, 0.302, 2.0, 3) [0.12707110072382788 0.003455475308615567 0.00910915255824431] 3 18671.383666038513s
2022-04-14 17:28:45.201044 (1.0, 100000.0, 21, 10.0, 0.3, 0.281, 2.0, 3) [0.17458254488250238 0.0051668355847752576 0.0026588806265324546] 3 8250.04263973236s
2022-04-14 19:42:58.135844 (1.0, 100000.0, 21, 10.0, 0.3, 0.281, 2.0, 3) [0.17294587469946493 0.00422221348551948 0.0028426326907340987] 3 8052.906931638718s
