2022-07-10 03:08:59.718813 (1.0, 100000.0, 25, 10.0, 0.3, 0.2948, 2.0, 3) [0.12748179714088248 0.003575660629488164 0.006890485467128192] 10 112170.12311029434s
2022-07-10 09:48:05.187696 (1.0, 100000.0, 26, 10.0, 0.3, 0.2937, 2.0, 3) [0.12407858463977696 0.0035371484158868813 0.006370053459529794] 10 136114.84191799164s
2022-07-10 16:56:01.189215 (1.0, 100000.0, 24, 10.0, 0.3, 0.2948, 2.0, 3) [0.13616683346566383 0.0029505142002210975 0.0058786382690727565] 10 161791.73292565346s
2022-07-11 06:45:44.084211 (1.0, 100000.0, 27, 10.0, 0.3, 0.294, 2.0, 3) [0.11878102648657082 0.0030424602914297773 0.006619808713026551] 10 211574.33682274818s
2022-07-11 09:21:20.763044 (1.0, 100000.0, 25, 10.0, 0.3, 0.2948, 2.0, 3) [0.12842524469134395 0.002646708091884321 0.006582478845933946] 10 108741.00283694267s
2022-07-11 23:34:04.245691 (1.0, 100000.0, 26, 10.0, 0.3, 0.2937, 2.0, 3) [0.12611288783102467 0.0032665184739687084 0.005744565911006117] 10 135959.03380823135s
2022-07-12 14:10:15.759700 (1.0, 100000.0, 24, 10.0, 0.3, 0.2948, 2.0, 3) [0.13297486089931052 0.004642167097668241 0.006833291437915389] 10 162854.5635290146s
2022-07-12 15:28:33.547396 (1.0, 100000.0, 25, 10.0, 0.3, 0.2948, 2.0, 3) [0.12736302581075762 0.0022201884375976 0.006935736606810352] 10 108432.76546168327s
2022-07-13 11:01:10.437804 (1.0, 100000.0, 27, 10.0, 0.3, 0.294, 2.0, 3) [0.1152508720677673 0.0025277466819316604 0.007996052372927958] 10 188126.31959939003s
2022-07-13 14:18:29.345804 (1.0, 100000.0, 26, 10.0, 0.3, 0.2937, 2.0, 3) [0.12198302280824455 0.002906240829235911 0.007106087655335824] 10 139465.0866689682s
2022-07-13 18:13:45.742666 (1.0, 100000.0, 24, 10.0, 0.3, 0.2948, 2.0, 3) [0.13621607196380398 0.0029143558305685232 0.005879902202766646] 10 101009.96562504768s
2022-07-13 21:20:36.139460 (1.0, 100000.0, 25, 10.0, 0.3, 0.2948, 2.0, 3) [0.12851583020646248 0.004812261635435644 0.006557054565655936] 10 107522.57754659653s
2022-07-14 18:14:49.243931 (1.0, 100000.0, 24, 10.0, 0.3, 0.2948, 2.0, 3) [0.13215697165445878 0.0055683463788452495 0.007106756106623345] 10 86463.48630785942s
2022-07-15 02:50:27.176034 (1.0, 100000.0, 25, 10.0, 0.3, 0.2948, 2.0, 3) [0.12750556469420077 0.0031802164393154456 0.00688613236843036] 10 106191.02464604378s
2022-07-15 05:11:50.873050 (1.0, 100000.0, 26, 10.0, 0.3, 0.2937, 2.0, 3) [0.12475793412359287 0.0037533667441967946 0.006160338686473779] 10 140001.5177295208s
2022-07-15 10:50:15.080874 (1.0, 100000.0, 27, 10.0, 0.3, 0.294, 2.0, 3) [0.11882813932621557 0.004959982813853105 0.006596459170811465] 10 172144.61864328384s
2022-07-15 18:16:04.858472 (1.0, 100000.0, 24, 10.0, 0.3, 0.2948, 2.0, 3) [0.1370743655600298 0.007036386073071469 0.005623254093260462] 10 86475.59744787216s
2022-07-16 08:35:16.864332 (1.0, 100000.0, 25, 10.0, 0.3, 0.2948, 2.0, 3) [0.13234718141473795 0.0027767761781003044 0.0054292268836319355] 10 107089.67685818672s
2022-07-16 18:16:04.664658 (1.0, 100000.0, 24, 10.0, 0.3, 0.2948, 2.0, 3) [0.13219906758500566 0.003349151355980582 0.007105962976885127] 10 86399.79996919632s
2022-07-16 20:06:13.625519 (1.0, 100000.0, 26, 10.0, 0.3, 0.2937, 2.0, 3) [0.12281024234789834 0.0028057890194194486 0.006799438740630432] 10 140062.71791744232s
2022-07-17 10:38:57.338086 (1.0, 100000.0, 27, 10.0, 0.3, 0.294, 2.0, 3) [0.116319725897644 0.0039153809378051985 0.007560480153874509] 10 172122.2326977253s
2022-07-17 14:21:28.935153 (1.0, 100000.0, 25, 10.0, 0.3, 0.2948, 2.0, 3) [0.12849740692543654 0.004750031534514875 0.0065642597088839015] 10 107172.04443526268s
2022-07-17 18:16:17.984464 (1.0, 100000.0, 24, 10.0, 0.3, 0.2948, 2.0, 3) [0.13126077939809555 0.002634677804902224 0.0074151564008093016] 10 86413.31268310547s
2022-07-18 11:11:20.553365 (1.0, 100000.0, 26, 10.0, 0.3, 0.2937, 2.0, 3) [0.12351940951819589 0.0026968184529652106 0.006569423093965324] 10 140706.92063617706s
2022-07-18 20:01:40.933620 (1.0, 100000.0, 25, 10.0, 0.3, 0.2948, 2.0, 3) [0.13013876173459765 0.002910447569256373 0.006049016577635476] 10 106811.99140667915s
2022-07-18 20:28:13.964004 (1.0, 100000.0, 24, 10.0, 0.3, 0.2948, 2.0, 3) [0.13720046763737426 0.0029147838394776803 0.005608012873252088] 10 94315.9686486721s
2022-07-19 10:25:50.878996 (1.0, 100000.0, 27, 10.0, 0.3, 0.294, 2.0, 3) [0.11998652202945445 0.00244329412559581 0.006209647129918109] 10 172013.519654274s
2022-07-20 01:31:24.870291 (1.0, 100000.0, 26, 10.0, 0.3, 0.2937, 2.0, 3) [0.1278371494056542 0.0037767526826627614 0.005247246563671396] 10 138004.29603505135s
2022-07-20 01:45:10.552405 (1.0, 100000.0, 25, 10.0, 0.3, 0.2948, 2.0, 3) [0.12834997027905687 0.0020633313270220725 0.006611030110277072] 10 107009.61224675179s
2022-07-20 03:45:29.341369 (1.0, 100000.0, 24, 10.0, 0.3, 0.2948, 2.0, 3) [0.13403562178368267 0.005329410698858747 0.006493430057149637] 10 112635.3678059578s
2022-07-21 07:29:04.893723 (1.0, 100000.0, 25, 10.0, 0.3, 0.2948, 2.0, 3) [0.1288445836251374 0.004114164703448412 0.006447079143146768] 10 107034.33452105522s
2022-07-21 08:54:24.762113 (1.0, 100000.0, 27, 10.0, 0.3, 0.294, 2.0, 3) [0.12019214799462705 0.002601626230326932 0.006134280116707822] 10 167313.8767001629s
2022-07-21 14:59:47.961181 (1.0, 100000.0, 26, 10.0, 0.3, 0.2937, 2.0, 3) [0.12512872010305984 0.004091769413355662 0.006043812912607132] 10 134903.07300758362s
2022-07-21 15:22:05.168441 (1.0, 100000.0, 24, 10.0, 0.3, 0.2948, 2.0, 3) [0.13535694725390812 0.0060666885318544 0.006109467278953386] 10 128195.81075882912s
2022-07-22 14:12:51.099528 (1.0, 100000.0, 25, 10.0, 0.3, 0.2937, 2.0, 3) [0.1311228840242799 0.0027335016554278497 0.005776452877703041] 10 110609.1508693695s
