2022-04-07 00:19:41.954005 (1.0, 100000.0, 15, 10.0, 0.3, 0.281, 2.0, 3) [0.2340681485876442 0.004383475544771676 0.003634600608762714] 3 713.4771294593811s
2022-04-07 00:31:32.577038 (1.0, 100000.0, 15, 10.0, 0.3, 0.281, 2.0, 3) [0.23689942403481717 0.004053141846629886 0.0033485871657995755] 3 710.6205725669861s
2022-04-07 00:36:58.238304 (1.0, 100000.0, 16, 10.0, 0.3, 0.281, 2.0, 3) [0.22206007957517573 0.0030171834361406797 0.003337209296563671] 3 1748.7268579006195s
2022-04-07 00:43:22.036473 (1.0, 100000.0, 15, 10.0, 0.3, 0.281, 2.0, 3) [0.23446358387355218 0.004575254785808282 0.0035958820798517636] 3 709.4573431015015s
2022-04-07 00:43:31.917502 (1.0, 100000.0, 17, 10.0, 0.3, 0.281, 2.0, 3) [0.21117269928973284 0.0063466693152776435 0.003103356813691419] 3 2142.420520067215s
2022-04-07 00:44:23.074491 (1.0, 100000.0, 18, 10.0, 0.3, 0.281, 2.0, 3) [0.20071068594078398 0.003462147514370422 0.002963926761779061] 3 2193.583116054535s
2022-04-07 00:55:18.050468 (1.0, 100000.0, 15, 10.0, 0.3, 0.285, 2.0, 3) [0.22967790464644414 0.003653343389612426 0.004158638303458765] 3 713.129292011261s
2022-04-07 00:59:00.731273 (1.0, 100000.0, 16, 10.0, 0.3, 0.281, 2.0, 3) [0.21756187475122019 0.004199154726543487 0.0038535116490458813] 3 1322.4904870986938s
2022-04-07 01:02:15.642157 (1.0, 100000.0, 19, 10.0, 0.3, 0.281, 2.0, 3) [0.18801362098461322 0.0027834249411699216 0.00320627929441773] 3 3266.144828557968s
2022-04-07 01:06:57.233464 (1.0, 100000.0, 15, 10.0, 0.3, 0.285, 2.0, 3) [0.22637031649435074 0.004020176355974937 0.00458059523292066] 3 699.1811084747314s
2022-04-07 01:12:27.435527 (1.0, 100000.0, 17, 10.0, 0.3, 0.281, 2.0, 3) [0.20829981233002495 0.004679329857437082 0.003420103485569377] 3 1735.5157403945923s
2022-04-07 01:18:36.163085 (1.0, 100000.0, 15, 10.0, 0.3, 0.285, 2.0, 3) [0.2261494460616086 0.00492044598132016 0.0046101090935882] 3 698.9274270534515s
2022-04-07 01:19:32.064786 (1.0, 100000.0, 18, 10.0, 0.3, 0.281, 2.0, 3) [0.20056408095950917 0.003095635231922697 0.0029746848401939396] 3 2108.987954378128s
2022-04-07 01:20:55.878515 (1.0, 100000.0, 16, 10.0, 0.3, 0.281, 2.0, 3) [0.22203285851630286 0.0030422280273022556 0.0033420304020976743] 3 1315.1446640491486s
2022-04-07 01:31:09.255525 (1.0, 100000.0, 15, 10.0, 0.3, 0.292, 2.0, 3) [0.21373550483322543 0.004885159363139976 0.006679492249182373] 3 750.264883518219s
2022-04-07 01:41:18.792753 (1.0, 100000.0, 17, 10.0, 0.3, 0.281, 2.0, 3) [0.2102409427156349 0.0056601233679313455 0.0032050823904277758] 3 1731.354424238205s
2022-04-07 01:42:40.364250 (1.0, 100000.0, 16, 10.0, 0.3, 0.285, 2.0, 3) [0.21633459967314705 0.005564734230198621 0.004014624891365943] 3 1301.154454946518s
2022-04-07 01:42:47.578148 (1.0, 100000.0, 15, 10.0, 0.3, 0.292, 2.0, 3) [0.2142775756260664 0.0039898901389724935 0.0065644033407902536] 3 698.320347070694s
2022-04-07 01:54:27.772128 (1.0, 100000.0, 18, 10.0, 0.3, 0.281, 2.0, 3) [0.20061557178143674 0.003289553841769958 0.00297328147422978] 3 2095.704509973526s
2022-04-07 01:54:35.642755 (1.0, 100000.0, 19, 10.0, 0.3, 0.281, 2.0, 3) [0.19125937874357535 0.0024786984141411685 0.0028366669881158555] 3 3139.9983077049255s
2022-04-07 01:54:50.021997 (1.0, 100000.0, 15, 10.0, 0.3, 0.292, 2.0, 3) [0.21843183439189792 0.004847612992108471 0.005810672489404607] 3 722.4416258335114s
2022-04-07 02:04:16.895866 (1.0, 100000.0, 16, 10.0, 0.3, 0.285, 2.0, 3) [0.21565506985902888 0.00491197198704973 0.004099379316019888] 3 1296.529272556305s
2022-04-07 02:06:36.941032 (1.0, 100000.0, 15, 10.0, 0.3, 0.297, 2.0, 3) [0.21317814143357522 0.0029330267780810736 0.0068080048131813255] 3 704.1837229728699s
2022-04-07 02:08:38.175261 (1.0, 100000.0, 17, 10.0, 0.3, 0.285, 2.0, 3) [0.20060809737006222 0.006887293122044322 0.004426553989767843] 3 1635.864672422409s
2022-04-07 02:18:34.104593 (1.0, 100000.0, 15, 10.0, 0.3, 0.297, 2.0, 3) [0.21265144669962247 0.0033276602919072485 0.006929250745314869] 3 717.1615879535675s
2022-04-07 02:26:15.008665 (1.0, 100000.0, 16, 10.0, 0.3, 0.285, 2.0, 3) [0.21661878112215208 0.0038699906748137984 0.0039823645465503574] 3 1318.1099395751953s
2022-04-07 02:30:30.155863 (1.0, 100000.0, 15, 10.0, 0.3, 0.297, 2.0, 3) [0.2125239904484021 0.006724181515086885 0.006951652446665719] 3 716.0494160652161s
2022-04-07 02:30:31.592902 (1.0, 100000.0, 18, 10.0, 0.3, 0.285, 2.0, 3) [0.18905213648027464 0.004353280473775245 0.004490245716764223] 3 2160.3380270004272s
2022-04-07 02:42:47.800440 (1.0, 100000.0, 17, 10.0, 0.3, 0.285, 2.0, 3) [0.20471581832191313 0.003417658203846712 0.0038638329737792475] 3 2049.622992515564s
2022-04-07 02:42:47.825364 (1.0, 100000.0, 15, 10.0, 0.3, 0.299, 2.0, 3) [0.20729263122171665 0.004781429221040101 0.008123754256529577] 3 734.7307825088501s
2022-04-07 02:47:26.339898 (1.0, 100000.0, 19, 10.0, 0.3, 0.281, 2.0, 3) [0.19016515993690836 0.0036219306531659503 0.0029586842697434793] 3 3170.694906234741s
2022-04-07 02:48:39.682343 (1.0, 100000.0, 16, 10.0, 0.3, 0.292, 2.0, 3) [0.20225654756826772 0.0037141678259480383 0.006284452342881156] 3 1341.4543640613556s
2022-04-07 02:54:08.679020 (1.0, 100000.0, 15, 10.0, 0.3, 0.299, 2.0, 3) [0.2054356683542337 0.0033095041029890552 0.008561906124467694] 3 680.85187292099s
2022-04-07 03:05:29.015959 (1.0, 100000.0, 15, 10.0, 0.3, 0.299, 2.0, 3) [0.20823086456499668 0.007426823901274674 0.007872985273023684] 3 680.3351769447327s
2022-04-07 03:06:49.135692 (1.0, 100000.0, 18, 10.0, 0.3, 0.285, 2.0, 3) [0.19235544297573648 0.005505522927912401 0.003997696747880488] 3 2177.540450334549s
2022-04-07 03:10:43.092420 (1.0, 100000.0, 16, 10.0, 0.3, 0.292, 2.0, 3) [0.20078080032627796 0.0038593763335969503 0.006581491296870689] 3 1323.4078578948975s
2022-04-07 03:16:57.583903 (1.0, 100000.0, 17, 10.0, 0.3, 0.285, 2.0, 3) [0.20377096182398227 0.004422557482747257 0.003983759534928869] 3 2049.780514240265s
2022-04-07 03:17:54.866764 (1.0, 100000.0, 15, 10.0, 0.3, 0.302, 2.0, 3) [0.2065268628231827 0.0036856013758539315 0.008308407367146936] 3 743.3237144947052s
2022-04-07 03:29:40.120873 (1.0, 100000.0, 15, 10.0, 0.3, 0.302, 2.0, 3) [0.20239194132529637 0.003463838354646266 0.009378330944881967] 3 705.2523858547211s
2022-04-07 03:32:36.466106 (1.0, 100000.0, 16, 10.0, 0.3, 0.292, 2.0, 3) [0.20481925063462075 0.0044778832306465325 0.0057970607153194536] 3 1313.3709812164307s
2022-04-07 03:37:25.398254 (1.0, 100000.0, 19, 10.0, 0.3, 0.285, 2.0, 3) [0.1843647968852912 0.0026673780840004106 0.0036907527549547886] 3 2995.3840508461s
2022-04-07 03:41:18.082270 (1.0, 100000.0, 15, 10.0, 0.3, 0.302, 2.0, 3) [0.2011986375906835 0.0036415153657562284 0.009727960587702292] 3 697.958765745163s
2022-04-07 03:42:49.799437 (1.0, 100000.0, 18, 10.0, 0.3, 0.285, 2.0, 3) [0.1946936268660843 0.0032930194620011946 0.0036796137876612006] 3 2160.661159992218s
2022-04-07 03:47:52.711226 (1.0, 100000.0, 17, 10.0, 0.3, 0.292, 2.0, 3) [0.19342286633848754 0.0028240127028687514 0.005660674592184119] 3 1851.5373878479004s
2022-04-07 03:52:55.650142 (1.0, 100000.0, 15, 10.0, 0.3, 0.305, 2.0, 3) [0.19652201298260452 0.00592463697828015 0.011166941017408935] 3 694.7479948997498s
2022-04-07 03:55:58.491689 (1.0, 100000.0, 16, 10.0, 0.3, 0.297, 2.0, 3) [0.19424153582349307 0.0045332764377517204 0.008099290070643445] 3 1398.406658411026s
2022-04-07 04:04:14.727010 (1.0, 100000.0, 15, 10.0, 0.3, 0.305, 2.0, 3) [0.20058537623902686 0.005049555335564102 0.009910371725201225] 3 679.0750839710236s
2022-04-07 04:15:33.791145 (1.0, 100000.0, 15, 10.0, 0.3, 0.305, 2.0, 3) [0.19568447569300507 0.005735508508097585 0.011457667424252724] 3 679.0621063709259s
2022-04-07 04:15:41.126369 (1.0, 100000.0, 18, 10.0, 0.3, 0.292, 2.0, 3) [0.1845096639534101 0.004469764890575449 0.005298545603711216] 3 1967.9130835533142s
2022-04-07 04:19:00.372858 (1.0, 100000.0, 16, 10.0, 0.3, 0.297, 2.0, 3) [0.20051546590184488 0.008600608648037718 0.006656724687409654] 3 1381.8788876533508s
2022-04-07 04:19:32.393223 (1.0, 100000.0, 17, 10.0, 0.3, 0.292, 2.0, 3) [0.1964451832901752 0.0034967965742144043 0.005110436767845178] 3 1899.6797001361847s
2022-04-07 04:27:35.136495 (1.0, 100000.0, 15, 10.0, 0.3, 0.307, 2.0, 3) [0.19624443032578875 0.005076563179075885 0.011261277241361256] 3 718.8525002002716s
2022-04-07 04:29:33.772009 (1.0, 100000.0, 19, 10.0, 0.3, 0.285, 2.0, 3) [0.18528305114772534 0.005019755325563078 0.003554584297690926] 3 3128.3714413642883s
2022-04-07 04:38:36.077616 (1.0, 100000.0, 15, 10.0, 0.3, 0.307, 2.0, 3) [0.1943008698266804 0.005637004050016606 0.01195881945281368] 3 660.9393744468689s
2022-04-07 04:42:01.824328 (1.0, 100000.0, 16, 10.0, 0.3, 0.297, 2.0, 3) [0.20040574471369713 0.002745216904187099 0.0066994761039175016] 3 1381.4488265514374s
2022-04-07 04:47:59.898995 (1.0, 100000.0, 18, 10.0, 0.3, 0.292, 2.0, 3) [0.18341520041452727 0.0022866969445571594 0.005512256320243788] 3 1938.7703313827515s
2022-04-07 04:49:34.136183 (1.0, 100000.0, 15, 10.0, 0.3, 0.307, 2.0, 3) [0.19614278807292518 0.0038640654207507696 0.011313582443876735] 3 658.0566499233246s
2022-04-07 04:51:03.937812 (1.0, 100000.0, 17, 10.0, 0.3, 0.292, 2.0, 3) [0.1941301956772731 0.004112596259721866 0.00553604986827475] 3 1891.54221200943s
2022-04-07 05:01:26.284782 (1.0, 100000.0, 15, 10.0, 0.3, 0.312, 2.0, 3) [0.18675467079286046 0.006157772283975166 0.014970194643038195] 3 709.3915038108826s
2022-04-07 05:04:38.130639 (1.0, 100000.0, 16, 10.0, 0.3, 0.299, 2.0, 3) [0.19376494265312774 0.0030797366663822888 0.008255599138694567] 3 1352.6182308197021s
2022-04-07 05:13:08.068242 (1.0, 100000.0, 15, 10.0, 0.3, 0.312, 2.0, 3) [0.19241032857802953 0.005670525961020176 0.012690239084827783] 3 701.7814002037048s
2022-04-07 05:17:58.820050 (1.0, 100000.0, 17, 10.0, 0.3, 0.297, 2.0, 3) [0.1863243573489308 0.003875072895092565 0.007205556398428382] 3 1611.603211402893s
2022-04-07 05:21:48.368121 (1.0, 100000.0, 18, 10.0, 0.3, 0.292, 2.0, 3) [0.18174767604499245 0.0032837701338918517 0.005841679118521286] 3 2028.4663002490997s
2022-04-07 05:22:56.268568 (1.0, 100000.0, 19, 10.0, 0.3, 0.285, 2.0, 3) [0.1836224512255822 0.003561992573941946 0.0037903164253667515] 3 3202.493880748749s
2022-04-07 05:24:42.582372 (1.0, 100000.0, 15, 10.0, 0.3, 0.312, 2.0, 3) [0.18703447374894705 0.003428589022688657 0.014855013514498775] 3 694.5119912624359s
2022-04-07 05:28:58.308827 (1.0, 100000.0, 16, 10.0, 0.3, 0.299, 2.0, 3) [0.19584040837636077 0.0048792299777156035 0.007728603217540934] 3 1460.1757085323334s
2022-04-07 05:36:24.788286 (1.0, 100000.0, 15, 10.0, 0.3, 0.319, 2.0, 3) [0.17561156231587607 0.004786181430113895 0.020854050349015503] 3 699.6623775959015s
2022-04-07 05:46:28.821618 (1.0, 100000.0, 17, 10.0, 0.3, 0.297, 2.0, 3) [0.18424013487759816 0.004689182648329212 0.007741469704307775] 3 1709.999184846878s
2022-04-07 05:48:06.617399 (1.0, 100000.0, 15, 10.0, 0.3, 0.319, 2.0, 3) [0.18141444085296934 0.002722735609000767 0.01761142789951911] 3 701.8271248340607s
2022-04-07 05:53:32.889334 (1.0, 100000.0, 16, 10.0, 0.3, 0.299, 2.0, 3) [0.19261013168491153 0.00464142098512994 0.00854432531996114] 3 1474.5768735408783s
2022-04-07 05:59:38.142124 (1.0, 100000.0, 15, 10.0, 0.3, 0.319, 2.0, 3) [0.17563881615379034 0.005479620785380348 0.020843389893353402] 3 691.5223715305328s
2022-04-07 06:04:57.477710 (1.0, 100000.0, 18, 10.0, 0.3, 0.297, 2.0, 3) [0.17475850725676892 0.0033592203203168646 0.0075248472938540195] 3 2585.1299500465393s
2022-04-07 06:11:56.240618 (1.0, 100000.0, 15, 10.0, 0.3, 0.322, 2.0, 3) [0.1801777127299437 0.004154196433907747 0.018257625361032703] 3 735.2987236976624s
2022-04-07 06:15:01.823269 (1.0, 100000.0, 17, 10.0, 0.3, 0.297, 2.0, 3) [0.18441561331890446 0.0034071602655189304 0.0076915126521504675] 3 1712.9987406730652s
2022-04-07 06:16:37.771920 (1.0, 100000.0, 19, 10.0, 0.3, 0.292, 2.0, 3) [0.1780952251581387 0.004066317998363797 0.0046939086367956155] 3 3217.7547874450684s
2022-04-07 06:18:51.675202 (1.0, 100000.0, 16, 10.0, 0.3, 0.302, 2.0, 3) [0.19206879759623602 0.003952577851447431 0.008716339513167628] 3 1514.5743045806885s
2022-04-07 06:23:29.937235 (1.0, 100000.0, 15, 10.0, 0.3, 0.322, 2.0, 3) [0.17738219191362883 0.0034959423805178175 0.019882128790143117] 3 693.6945102214813s
2022-04-07 06:35:09.520256 (1.0, 100000.0, 15, 10.0, 0.3, 0.322, 2.0, 3) [0.17792601663611718 0.005433956761903246 0.01947685250201583] 3 699.5807363986969s
2022-04-07 06:44:46.468710 (1.0, 100000.0, 17, 10.0, 0.3, 0.299, 2.0, 3) [0.18395199241744475 0.005831809426222165 0.007831163317117184] 3 1780.5061557292938s
2022-04-07 06:45:04.696298 (1.0, 100000.0, 16, 10.0, 0.3, 0.302, 2.0, 3) [0.18931918625642713 0.0025979956085472535 0.009489536438519281] 3 1573.0185098648071s
2022-04-07 06:48:07.335975 (1.0, 100000.0, 18, 10.0, 0.3, 0.297, 2.0, 3) [0.17408858695871704 0.005429192104289816 0.007700665456983362] 3 2589.8551399707794s
2022-04-07 07:11:36.638106 (1.0, 100000.0, 19, 10.0, 0.3, 0.292, 2.0, 3) [0.17218008892500394 0.0036754549777258845 0.005846253345345898] 3 3298.8637828826904s
2022-04-07 07:11:55.296074 (1.0, 100000.0, 16, 10.0, 0.3, 0.302, 2.0, 3) [0.1916474381634423 0.003915169163274504 0.008840140806687878] 3 1610.5972881317139s
2022-04-07 07:17:37.626753 (1.0, 100000.0, 17, 10.0, 0.3, 0.299, 2.0, 3) [0.18292608249168182 0.0038920314778250805 0.008076632589034597] 3 1971.1553926467896s
2022-04-07 07:32:32.639853 (1.0, 100000.0, 18, 10.0, 0.3, 0.297, 2.0, 3) [0.17511619366818504 0.0032186248445970726 0.0074198225466719] 3 2665.3009848594666s
2022-04-07 07:37:58.579580 (1.0, 100000.0, 16, 10.0, 0.3, 0.305, 2.0, 3) [0.1812557001865915 0.004834131070001749 0.012277912688578422] 3 1559.1649732589722s
2022-04-07 07:50:08.432309 (1.0, 100000.0, 17, 10.0, 0.3, 0.299, 2.0, 3) [0.1825361393690578 0.002138843340883123 0.008194586810527713] 3 1950.8022921085358s
2022-04-07 08:02:53.844082 (1.0, 100000.0, 16, 10.0, 0.3, 0.305, 2.0, 3) [0.1848301029110778 0.005238662937423699 0.010961864172138605] 3 1495.2619693279266s
2022-04-07 08:06:21.219894 (1.0, 100000.0, 19, 10.0, 0.3, 0.292, 2.0, 3) [0.17205584855239284 0.003916996907292876 0.005879118058119641] 3 3284.578860282898s
2022-04-07 08:10:49.271019 (1.0, 100000.0, 18, 10.0, 0.3, 0.299, 2.0, 3) [0.17315951081504516 0.003576069154370516 0.00797960106846767] 3 2292.9270401000977s
2022-04-07 08:21:13.506345 (1.0, 100000.0, 17, 10.0, 0.3, 0.302, 2.0, 3) [0.18024190037515486 0.0033057443701798466 0.008864882644651656] 3 1860.784963607788s
2022-04-07 08:27:48.621798 (1.0, 100000.0, 16, 10.0, 0.3, 0.305, 2.0, 3) [0.18636442439287257 0.003991817261071817 0.010442705761629709] 3 1494.7746846675873s
2022-04-07 08:48:33.383133 (1.0, 100000.0, 18, 10.0, 0.3, 0.299, 2.0, 3) [0.1713460111016266 0.00503879303183349 0.008491434993146427] 3 2264.108847141266s
2022-04-07 08:51:40.220637 (1.0, 100000.0, 17, 10.0, 0.3, 0.302, 2.0, 3) [0.17661655027870876 0.0038102801368493605 0.010008588417892617] 3 1826.7114329338074s
2022-04-07 08:53:13.834519 (1.0, 100000.0, 16, 10.0, 0.3, 0.307, 2.0, 3) [0.18122662994039032 0.008372440331646623 0.012319847172411877] 3 1521.283963918686s
2022-04-07 09:07:00.700348 (1.0, 100000.0, 19, 10.0, 0.3, 0.297, 2.0, 3) [0.1647356916532136 0.003361384977796118 0.0077503015794028575] 3 3635.0642516613007s
2022-04-07 09:17:39.930202 (1.0, 100000.0, 16, 10.0, 0.3, 0.307, 2.0, 3) [0.1817636265381405 0.0031193197472777446 0.012103512872093778] 3 1466.0931544303894s
2022-04-07 09:22:07.687276 (1.0, 100000.0, 17, 10.0, 0.3, 0.302, 2.0, 3) [0.1796042446172619 0.0029277547749042647 0.009060026531357533] 3 1827.4638531208038s
2022-04-07 09:26:09.540130 (1.0, 100000.0, 18, 10.0, 0.3, 0.299, 2.0, 3) [0.16987058858505574 0.005268919634614757 0.008964370623615546] 3 2256.1542081832886s
2022-04-07 09:42:30.720851 (1.0, 100000.0, 16, 10.0, 0.3, 0.307, 2.0, 3) [0.18272968688856364 0.004732491831041182 0.01173529387659019] 3 1490.7879343032837s
2022-04-07 09:54:41.015683 (1.0, 100000.0, 17, 10.0, 0.3, 0.305, 2.0, 3) [0.1779328843642846 0.005737272001188125 0.009585402171730715] 3 1949.4580960273743s
2022-04-07 10:07:50.459020 (1.0, 100000.0, 19, 10.0, 0.3, 0.297, 2.0, 3) [0.16652977996029122 0.0022869221216100257 0.0072586624013509194] 3 3649.756078481674s
2022-04-07 10:07:57.958342 (1.0, 100000.0, 16, 10.0, 0.3, 0.312, 2.0, 3) [0.17703562233432363 0.00643861093272623 0.014072921869904442] 3 1523.1783180236816s
2022-04-07 10:10:47.361414 (1.0, 100000.0, 18, 10.0, 0.3, 0.302, 2.0, 3) [0.17010032132886985 0.003535600216834948 0.008893071433574163] 3 2673.5484607219696s
2022-04-07 10:26:28.220103 (1.0, 100000.0, 17, 10.0, 0.3, 0.305, 2.0, 3) [0.17311808061024914 0.0039457268865427655 0.011275371264910098] 3 1907.2021572589874s
2022-04-07 10:32:59.798238 (1.0, 100000.0, 16, 10.0, 0.3, 0.312, 2.0, 3) [0.1732465686776095 0.004357677051287771 0.015832360631358913] 3 1501.8367457389832s
2022-04-07 10:55:02.398221 (1.0, 100000.0, 18, 10.0, 0.3, 0.302, 2.0, 3) [0.16882869137183984 0.004661544322963693 0.009313229242624909] 3 2655.0344891548157s
2022-04-07 10:58:04.111920 (1.0, 100000.0, 16, 10.0, 0.3, 0.312, 2.0, 3) [0.18085771920270532 0.003843634202239419 0.01251434370299829] 3 1504.3107476234436s
2022-04-07 10:58:29.122144 (1.0, 100000.0, 17, 10.0, 0.3, 0.305, 2.0, 3) [0.17435280825150043 0.003696961004544738 0.01082660466544743] 3 1920.8977673053741s
2022-04-07 11:08:57.988129 (1.0, 100000.0, 19, 10.0, 0.3, 0.297, 2.0, 3) [0.1643261270684107 0.0032904350819519465 0.007867074152574899] 3 3667.525872707367s
2022-04-07 12:08:01.743896 (1.0, 100000.0, 19, 10.0, 0.3, 0.299, 2.0, 3) [0.16493336970259037 0.002585745125014706 0.007685802400003301] 3 3539.3612513542175s
2022-04-07 13:10:21.212783 (1.0, 100000.0, 19, 10.0, 0.3, 0.299, 2.0, 3) [0.16364713369779824 0.00349095650110778 0.008086452007276907] 3 3739.465383052826s
2022-04-07 14:11:44.550169 (1.0, 100000.0, 19, 10.0, 0.3, 0.299, 2.0, 3) [0.16011425082748715 0.004643259193736663 0.009236973955073254] 3 3683.3341104984283s
2022-04-07 17:01:03.202430 (1.0, 100000.0, 19, 10.0, 0.3, 0.302, 2.0, 3) [0.15849012635155185 0.004638845087518777 0.009821338432204164] 3 3417.0957129001617s
2022-04-10 13:20:04.270333 (1.0, 100000.0, 16, 10.0, 0.3, 0.319, 2.0, 3) [0.16627422524660065 0.0046684005118768235 0.019746671515538848] 3 267715.2537724972s
2022-04-10 13:24:22.373029 (1.0, 100000.0, 17, 10.0, 0.3, 0.307, 2.0, 3) [0.1738504545415013 0.0026134720390261364 0.010996849312076585] 3 267949.5777666569s
2022-04-10 13:39:36.165158 (1.0, 100000.0, 16, 10.0, 0.3, 0.319, 2.0, 3) [0.16812569054132254 0.003865299051678711 0.018676742053243316] 3 1171.8631448745728s
2022-04-10 13:47:33.368855 (1.0, 100000.0, 17, 10.0, 0.3, 0.307, 2.0, 3) [0.16988685988851263 0.004561787543524846 0.01257576389018695] 3 1390.9938168525696s
2022-04-10 13:59:07.613231 (1.0, 100000.0, 16, 10.0, 0.3, 0.319, 2.0, 3) [0.16818741076867055 0.004584382491846663 0.01864357688745013] 3 1171.445368051529s
2022-04-10 14:10:44.714777 (1.0, 100000.0, 17, 10.0, 0.3, 0.307, 2.0, 3) [0.17178710863171126 0.004081260988065758 0.011794220885063902] 3 1391.3378286361694s
2022-04-10 14:19:27.463376 (1.0, 100000.0, 16, 10.0, 0.3, 0.322, 2.0, 3) [0.16423371403181455 0.0030678840971567686 0.021131636870103603] 3 1216.6000254154205s
2022-04-10 14:36:34.599129 (1.0, 100000.0, 17, 10.0, 0.3, 0.312, 2.0, 3) [0.16836741882679726 0.0034103003882933005 0.01325422183564785] 3 1546.348639011383s
2022-04-10 14:38:58.983424 (1.0, 100000.0, 16, 10.0, 0.3, 0.322, 2.0, 3) [0.16280955471834385 0.005112229312615313 0.022081615091283795] 3 1171.5180718898773s
2022-04-10 14:58:29.104348 (1.0, 100000.0, 16, 10.0, 0.3, 0.322, 2.0, 3) [0.16650365549876311 0.004289318305139047 0.019655944989966527] 3 1170.1183776855469s
2022-04-10 15:01:35.963702 (1.0, 100000.0, 17, 10.0, 0.3, 0.312, 2.0, 3) [0.16291255489942086 0.004358176150190679 0.015905196143944627] 3 1501.3625147342682s
2022-04-10 15:25:33.400676 (1.0, 100000.0, 17, 10.0, 0.3, 0.312, 2.0, 3) [0.16457680345933284 0.003813774727136274 0.01501765944495715] 3 1437.4342410564423s
2022-04-10 15:51:30.167298 (1.0, 100000.0, 17, 10.0, 0.3, 0.319, 2.0, 3) [0.1558359534562634 0.004128987544431705 0.020244929465610847] 3 1553.5724484920502s
2022-04-10 16:16:32.138738 (1.0, 100000.0, 17, 10.0, 0.3, 0.319, 2.0, 3) [0.15516113141618926 0.0019934444149567556 0.020647441411480467] 3 1501.9693489074707s
2022-04-10 16:41:34.532109 (1.0, 100000.0, 17, 10.0, 0.3, 0.319, 2.0, 3) [0.15997568170193613 0.004402530113828869 0.017622900620052586] 3 1502.391075849533s
2022-04-10 17:38:35.539176 (1.0, 100000.0, 17, 10.0, 0.3, 0.322, 2.0, 3) [0.15367535534059262 0.0029309877479088108 0.021777171874748875] 3 3417.77330827713s
2022-04-10 18:02:24.478503 (1.0, 100000.0, 17, 10.0, 0.3, 0.322, 2.0, 3) [0.15289414066410678 0.005407860641516951 0.022342412781988216] 3 1428.9372177124023s
2022-04-10 18:26:13.633021 (1.0, 100000.0, 17, 10.0, 0.3, 0.322, 2.0, 3) [0.15165247683145086 0.001941843431826087 0.02328844293402526] 3 1429.1521077156067s
2022-04-10 21:23:07.091506 (1.0, 100000.0, 15, 10.0, 0.3, 0.281, 2.0, 3) [0.22894559050472535 0.005017743619465893 0.004230625229177033] 3 1328.2114942073822s
2022-04-10 21:30:48.996928 (1.0, 100000.0, 16, 10.0, 0.3, 0.281, 2.0, 3) [0.2197094660720819 0.003847200760075576 0.0036008897767466335] 3 1790.1189370155334s
2022-04-10 21:38:00.777063 (1.0, 100000.0, 17, 10.0, 0.3, 0.281, 2.0, 3) [0.20757562450591646 0.004073609641853622 0.0035035212949521962] 3 2221.897206068039s
2022-04-10 21:44:58.423069 (1.0, 100000.0, 15, 10.0, 0.3, 0.281, 2.0, 3) [0.2332559761941427 0.004360075548795862 0.0037255820811592454] 3 1311.3272922039032s
2022-04-10 21:56:25.003656 (1.0, 100000.0, 18, 10.0, 0.3, 0.281, 2.0, 3) [0.1997373602341139 0.0054867884757044865 0.0030664123124151572] 3 3326.122876405716s
2022-04-10 22:00:24.335522 (1.0, 100000.0, 16, 10.0, 0.3, 0.281, 2.0, 3) [0.2183596470720223 0.0053860827592909066 0.003760681435617114] 3 1775.336808681488s
2022-04-10 22:03:03.080660 (1.0, 100000.0, 19, 10.0, 0.3, 0.281, 2.0, 3) [0.1881683567338196 0.0022585234531284416 0.0031859838067278467] 3 3724.199681997299s
2022-04-10 22:06:48.457686 (1.0, 100000.0, 15, 10.0, 0.3, 0.281, 2.0, 3) [0.22703843730023185 0.003982969256971477 0.0044717415332650905] 3 1310.0320138931274s
2022-04-10 22:14:54.339833 (1.0, 100000.0, 17, 10.0, 0.3, 0.281, 2.0, 3) [0.20819037139266247 0.00629595075790473 0.003436323708958242] 3 2213.560618877411s
2022-04-10 22:27:51.901212 (1.0, 100000.0, 15, 10.0, 0.3, 0.285, 2.0, 3) [0.2251492840566932 0.004068165961347881 0.00474977266253762] 3 1259.7539920806885s
2022-04-10 22:30:04.988667 (1.0, 100000.0, 16, 10.0, 0.3, 0.281, 2.0, 3) [0.2232108206096205 0.004918910755809107 0.0032301882842629276] 3 1780.6508810520172s
2022-04-10 22:48:26.687453 (1.0, 100000.0, 15, 10.0, 0.3, 0.285, 2.0, 3) [0.2275252338283915 0.0034107740405290798 0.004426750134494519] 3 1234.784027338028s
2022-04-10 22:50:06.330668 (1.0, 100000.0, 18, 10.0, 0.3, 0.281, 2.0, 3) [0.20104538747000325 0.0035849667462236837 0.0029258439490074646] 3 3221.325021982193s
2022-04-10 22:51:48.891287 (1.0, 100000.0, 17, 10.0, 0.3, 0.281, 2.0, 3) [0.20947314847518472 0.004682922597448699 0.0032842064706527395] 3 2214.549129486084s
2022-04-10 22:59:11.906393 (1.0, 100000.0, 16, 10.0, 0.3, 0.285, 2.0, 3) [0.2176088983253935 0.0035320402828685365 0.0038595711497864077] 3 1743.6966581344604s
2022-04-10 23:08:56.850077 (1.0, 100000.0, 15, 10.0, 0.3, 0.285, 2.0, 3) [0.22538855500954225 0.005149823712635787 0.004710322341190715] 3 1230.1603972911835s
2022-04-10 23:09:08.521925 (1.0, 100000.0, 19, 10.0, 0.3, 0.281, 2.0, 3) [0.1856386125198771 0.0048939299017553605 0.0035149115326801417] 3 3965.438946247101s
2022-04-10 23:27:15.398694 (1.0, 100000.0, 17, 10.0, 0.3, 0.285, 2.0, 3) [0.20402167614441805 0.003681103104360354 0.003961696315511455] 3 2123.176674604416s
2022-04-10 23:29:09.882319 (1.0, 100000.0, 16, 10.0, 0.3, 0.285, 2.0, 3) [0.21219592018832928 0.006029001030555556 0.00458431377301122] 3 1797.9739882946014s
2022-04-10 23:31:59.234001 (1.0, 100000.0, 15, 10.0, 0.3, 0.292, 2.0, 3) [0.21607952101810493 0.004464296742959075 0.006228194761514938] 3 1379.1283950805664s
2022-04-10 23:44:12.030007 (1.0, 100000.0, 18, 10.0, 0.3, 0.281, 2.0, 3) [0.19685839799804492 0.0026671394917567016 0.003397945820452872] 3 3245.6971521377563s
2022-04-10 23:54:18.507114 (1.0, 100000.0, 15, 10.0, 0.3, 0.292, 2.0, 3) [0.21412059642836262 0.004023325258449562 0.006611202308494025] 3 1339.2713372707367s
2022-04-10 23:58:56.988366 (1.0, 100000.0, 16, 10.0, 0.3, 0.285, 2.0, 3) [0.21544277944532533 0.005977897860607317 0.004123947800969918] 3 1787.1037411689758s
2022-04-11 00:02:43.658372 (1.0, 100000.0, 17, 10.0, 0.3, 0.285, 2.0, 3) [0.20128601662078213 0.005436705233911874 0.004326436557458037] 3 2128.2577171325684s
2022-04-11 00:14:42.263629 (1.0, 100000.0, 19, 10.0, 0.3, 0.281, 2.0, 3) [0.19390668930150068 0.00380244294241504 0.0025741178288744785] 3 3933.7391555309296s
2022-04-11 00:20:24.952779 (1.0, 100000.0, 15, 10.0, 0.3, 0.292, 2.0, 3) [0.21617079117842947 0.00421824635573781 0.006216575661784661] 3 1566.4434728622437s
2022-04-11 07:21:54.113998 (1.0, 100000.0, 16, 10.0, 0.3, 0.292, 2.0, 3) [0.20420545657802272 0.0034947885337072377 0.0059212353325446224] 3 26573.274446487427s
2022-04-11 07:24:21.990992 (1.0, 100000.0, 19, 10.0, 0.3, 0.285, 2.0, 3) [0.18236439266233073 0.0028290943811259423 0.00397092293469648] 3 25776.246520519257s
2022-04-11 07:31:27.254855 (1.0, 100000.0, 15, 10.0, 0.3, 0.297, 2.0, 3) [0.2107299203374597 0.004093485000009818 0.007323598371864685] 3 25859.004179239273s
2022-04-11 07:51:44.443628 (1.0, 100000.0, 16, 10.0, 0.3, 0.292, 2.0, 3) [0.2047724378997386 0.0032172385553934954 0.005802880676662311] 3 1790.3273935317993s
2022-04-11 07:53:32.385544 (1.0, 100000.0, 15, 10.0, 0.3, 0.297, 2.0, 3) [0.20953734772148 0.0025730634098342074 0.007588975217257942] 3 1325.128428220749s
2022-04-11 07:56:34.366284 (1.0, 100000.0, 18, 10.0, 0.3, 0.285, 2.0, 3) [0.19108865750374313 0.004670200158073589 0.004190174002047449] 3 29539.12820482254s
2022-04-11 07:56:50.863716 (1.0, 100000.0, 17, 10.0, 0.3, 0.285, 2.0, 3) [0.20504493516849615 0.0058104903857053 0.0038171118064004033] 3 28447.20314693451s
2022-04-11 08:15:37.051055 (1.0, 100000.0, 15, 10.0, 0.3, 0.297, 2.0, 3) [0.21081563392748306 0.004714933688847197 0.007302288072174818] 3 1324.663060426712s
2022-04-11 08:21:34.200007 (1.0, 100000.0, 16, 10.0, 0.3, 0.292, 2.0, 3) [0.2082298635229138 0.004117576937880592 0.005219259093830598] 3 1789.754017829895s
2022-04-11 08:32:34.383667 (1.0, 100000.0, 17, 10.0, 0.3, 0.292, 2.0, 3) [0.19571046895075805 0.004671337004393375 0.005244955808770615] 3 2140.119673728943s
2022-04-11 08:33:06.418341 (1.0, 100000.0, 19, 10.0, 0.3, 0.285, 2.0, 3) [0.1814771444818991 0.002405302876920295 0.00410225759457088] 3 4124.425142526627s
2022-04-11 08:37:27.432693 (1.0, 100000.0, 15, 10.0, 0.3, 0.299, 2.0, 3) [0.20661223199709575 0.0036544133726665456 0.008274950312149218] 3 1306.9264068603516s
2022-04-11 08:50:41.275553 (1.0, 100000.0, 18, 10.0, 0.3, 0.285, 2.0, 3) [0.19190071016386404 0.005565959605045101 0.004068694514182424] 3 3246.906912088394s
2022-04-11 08:51:56.047383 (1.0, 100000.0, 16, 10.0, 0.3, 0.297, 2.0, 3) [0.19856034055094965 0.0028170769376662766 0.00706989897347075] 3 1818.657657623291s
2022-04-11 08:58:24.313556 (1.0, 100000.0, 15, 10.0, 0.3, 0.299, 2.0, 3) [0.20547372539968656 0.005079900159814498 0.008557528420738137] 3 1256.878514289856s
2022-04-11 09:06:41.333248 (1.0, 100000.0, 17, 10.0, 0.3, 0.292, 2.0, 3) [0.19408068367091874 0.0037446089736392287 0.005540545000488939] 3 2046.9469211101532s
2022-04-11 09:19:20.136157 (1.0, 100000.0, 15, 10.0, 0.3, 0.299, 2.0, 3) [0.2078862589605325 0.0019803845614421054 0.007994268011078455] 3 1255.8200979232788s
2022-04-11 09:21:16.925748 (1.0, 100000.0, 16, 10.0, 0.3, 0.297, 2.0, 3) [0.19548311024016984 0.003524499884748767 0.007790142201126005] 3 1760.8760850429535s
2022-04-11 09:39:49.749419 (1.0, 100000.0, 19, 10.0, 0.3, 0.285, 2.0, 3) [0.18248394705029986 0.0035883218557235244 0.003960453521192474] 3 4003.328665971756s
2022-04-11 09:40:31.876233 (1.0, 100000.0, 15, 10.0, 0.3, 0.302, 2.0, 3) [0.2055292720012217 0.004123004462289342 0.008567518766406134] 3 1267.9829666614532s
2022-04-11 09:40:49.555862 (1.0, 100000.0, 17, 10.0, 0.3, 0.292, 2.0, 3) [0.19066666941126936 0.003267711066583279 0.00622961272860105] 3 2048.2200615406036s
2022-04-11 09:44:20.804152 (1.0, 100000.0, 18, 10.0, 0.3, 0.285, 2.0, 3) [0.1898300533602339 0.003097227886437485 0.004373265020061965] 3 3219.5259351730347s
2022-04-11 09:50:39.496080 (1.0, 100000.0, 16, 10.0, 0.3, 0.297, 2.0, 3) [0.19610848676706863 0.0025838097602427354 0.00766150631544447] 3 1762.5681068897247s
2022-04-11 10:01:39.375320 (1.0, 100000.0, 15, 10.0, 0.3, 0.302, 2.0, 3) [0.20432059127339838 0.003939088225994288 0.008882906390085613] 3 1267.4969115257263s
2022-04-11 10:21:39.974062 (1.0, 100000.0, 16, 10.0, 0.3, 0.299, 2.0, 3) [0.1899616572544954 0.0030824854005577756 0.009312527460551423] 3 1856.727637052536s
2022-04-11 10:22:47.096313 (1.0, 100000.0, 15, 10.0, 0.3, 0.302, 2.0, 3) [0.2069463321839433 0.004457813626526717 0.008202691448167584] 3 1267.718637228012s
2022-04-11 10:39:55.415835 (1.0, 100000.0, 17, 10.0, 0.3, 0.297, 2.0, 3) [0.18793279608487365 0.003952157418224921 0.006839209594301218] 3 3542.7631719112396s
2022-04-11 10:44:31.054874 (1.0, 100000.0, 15, 10.0, 0.3, 0.305, 2.0, 3) [0.19832921513704155 0.006354974103643893 0.010595037775618507] 3 1300.2471177577972s
2022-04-11 10:45:02.095426 (1.0, 100000.0, 18, 10.0, 0.3, 0.292, 2.0, 3) [0.18129604796674026 0.0025644085884330126 0.005950742988575161] 3 3637.6001307964325s
2022-04-11 10:52:12.041036 (1.0, 100000.0, 16, 10.0, 0.3, 0.299, 2.0, 3) [0.19630366640644467 0.005311685201603427 0.0076076225791850095] 3 1832.0649816989899s
2022-04-11 10:52:40.506497 (1.0, 100000.0, 19, 10.0, 0.3, 0.292, 2.0, 3) [0.17402772234887343 0.004093568559220267 0.005454193118587291] 3 4366.947888851166s
2022-04-11 11:05:28.650200 (1.0, 100000.0, 15, 10.0, 0.3, 0.305, 2.0, 3) [0.20128224200306344 0.0067091202944833585 0.009723852471601012] 3 1257.593181848526s
2022-04-11 11:22:40.321728 (1.0, 100000.0, 16, 10.0, 0.3, 0.299, 2.0, 3) [0.1930737925277694 0.0038628433314436624 0.008435882640558286] 3 1828.2783861160278s
2022-04-11 11:25:46.355593 (1.0, 100000.0, 17, 10.0, 0.3, 0.297, 2.0, 3) [0.18701698436219794 0.004686251679286549 0.007026809371528121] 3 2750.9373593330383s
2022-04-11 11:26:50.436344 (1.0, 100000.0, 15, 10.0, 0.3, 0.305, 2.0, 3) [0.19591655743786104 0.004438122015976283 0.01142068792875193] 3 1281.7839155197144s
2022-04-11 11:33:38.222170 (1.0, 100000.0, 18, 10.0, 0.3, 0.292, 2.0, 3) [0.18099620327458152 0.003819089114969542 0.0060046607935414645] 3 2916.124499797821s
2022-04-11 11:48:30.131527 (1.0, 100000.0, 15, 10.0, 0.3, 0.307, 2.0, 3) [0.19652660581892267 0.005602601650122935 0.011220404054222569] 3 1293.5306005477905s
2022-04-11 11:51:31.829850 (1.0, 100000.0, 16, 10.0, 0.3, 0.302, 2.0, 3) [0.18659796068388507 0.002620051862904078 0.010337631390745733] 3 1718.4090089797974s
2022-04-11 11:53:06.079203 (1.0, 100000.0, 19, 10.0, 0.3, 0.292, 2.0, 3) [0.17612930565597298 0.003238080227181308 0.00504595325648751] 3 3625.5702250003815s
2022-04-11 12:10:43.320146 (1.0, 100000.0, 15, 10.0, 0.3, 0.307, 2.0, 3) [0.19889801697089396 0.005285206734781344 0.010444193884526595] 3 1333.186214208603s
2022-04-11 12:11:41.765792 (1.0, 100000.0, 17, 10.0, 0.3, 0.297, 2.0, 3) [0.18381890946406865 0.0050792382360550425 0.00782644096897891] 3 2755.407711982727s
2022-04-11 12:19:42.027357 (1.0, 100000.0, 16, 10.0, 0.3, 0.302, 2.0, 3) [0.18682435639944447 0.002686572239053517 0.01028337974960273] 3 1690.1953196525574s
2022-04-11 12:22:20.764759 (1.0, 100000.0, 18, 10.0, 0.3, 0.292, 2.0, 3) [0.18139919007509014 0.0057190840633394475 0.005932008773216819] 3 2922.5401844978333s
2022-04-11 12:32:36.947058 (1.0, 100000.0, 15, 10.0, 0.3, 0.307, 2.0, 3) [0.19876934807834923 0.0034518278537213048 0.010482519662729643] 3 1313.6241328716278s
2022-04-11 12:47:52.255056 (1.0, 100000.0, 16, 10.0, 0.3, 0.302, 2.0, 3) [0.18855119197096232 0.005169481930525964 0.009750538007560962] 3 1690.225431919098s
2022-04-11 12:48:16.249723 (1.0, 100000.0, 17, 10.0, 0.3, 0.299, 2.0, 3) [0.18456268925014632 0.004181565833096158 0.00767491626544088] 3 2190.8927352428436s
2022-04-11 12:54:10.504545 (1.0, 100000.0, 15, 10.0, 0.3, 0.312, 2.0, 3) [0.1910515300044992 0.004522234339224166 0.013174791591816159] 3 1290.2283198833466s
2022-04-11 12:54:20.141500 (1.0, 100000.0, 19, 10.0, 0.3, 0.292, 2.0, 3) [0.17248670483826684 0.0032733593786270845 0.005776508354865324] 3 3674.0599007606506s
2022-04-11 13:10:30.007407 (1.0, 100000.0, 18, 10.0, 0.3, 0.297, 2.0, 3) [0.17370527627746046 0.0044779648678906735 0.007801096182178469] 3 2885.9468421936035s
2022-04-11 13:15:21.934193 (1.0, 100000.0, 15, 10.0, 0.3, 0.312, 2.0, 3) [0.1871928085870653 0.0036081356266401093 0.014771712301779916] 3 1271.4275488853455s
2022-04-11 13:16:16.841591 (1.0, 100000.0, 16, 10.0, 0.3, 0.305, 2.0, 3) [0.18327531512181353 0.0035038423663209164 0.01152395850623731] 3 1700.8778207302094s
2022-04-11 13:24:32.355180 (1.0, 100000.0, 17, 10.0, 0.3, 0.299, 2.0, 3) [0.1878970691783838 0.006163823652571557 0.006836209484190761] 3 2176.103134870529s
2022-04-11 13:36:34.106500 (1.0, 100000.0, 15, 10.0, 0.3, 0.312, 2.0, 3) [0.1889372831124251 0.005371846634878252 0.014006147673843037] 3 1272.1694540977478s
2022-04-11 13:44:54.301073 (1.0, 100000.0, 16, 10.0, 0.3, 0.305, 2.0, 3) [0.1887287593524545 0.005554028658119868 0.00968693715115646] 3 1717.457437992096s
2022-04-11 13:57:59.525943 (1.0, 100000.0, 15, 10.0, 0.3, 0.319, 2.0, 3) [0.17635757232007218 0.0033488423932176237 0.02037098870448232] 3 1281.7085762023926s
2022-04-11 13:58:24.619999 (1.0, 100000.0, 18, 10.0, 0.3, 0.297, 2.0, 3) [0.17741703914506712 0.006866300374699875 0.006852215769605431] 3 2874.6105060577393s
2022-04-11 14:00:35.894184 (1.0, 100000.0, 17, 10.0, 0.3, 0.299, 2.0, 3) [0.18368378927693851 0.0031402573523505056 0.007879623951075653] 3 2163.5366399288177s
2022-04-11 14:07:54.177644 (1.0, 100000.0, 19, 10.0, 0.3, 0.297, 2.0, 3) [0.16534495152282716 0.002974358880112249 0.007569884956549202] 3 4410.591749429703s
2022-04-11 14:13:31.265701 (1.0, 100000.0, 16, 10.0, 0.3, 0.305, 2.0, 3) [0.18295238480452763 0.005625219798345092 0.011616141715980001] 3 1716.9622750282288s
2022-04-11 14:18:56.110378 (1.0, 100000.0, 15, 10.0, 0.3, 0.319, 2.0, 3) [0.1821203458855589 0.003619526623220883 0.017180618231169] 3 1256.5824446678162s
2022-04-11 14:37:46.780514 (1.0, 100000.0, 17, 10.0, 0.3, 0.302, 2.0, 3) [0.17707274475111576 0.0034377536603044986 0.00986097990217201] 3 2227.7291736602783s
2022-04-11 14:39:52.398618 (1.0, 100000.0, 15, 10.0, 0.3, 0.319, 2.0, 3) [0.18256434612737657 0.003301767055311787 0.017001930500706246] 3 1256.2856204509735s
2022-04-11 14:42:07.861945 (1.0, 100000.0, 16, 10.0, 0.3, 0.307, 2.0, 3) [0.18445341436535803 0.0024258057705324014 0.011113413426667789] 3 1712.532002210617s
2022-04-11 14:46:22.216854 (1.0, 100000.0, 18, 10.0, 0.3, 0.297, 2.0, 3) [0.17561463205741074 0.004131844619149425 0.007291174647816088] 3 2877.5944459438324s
2022-04-11 15:01:27.470230 (1.0, 100000.0, 15, 10.0, 0.3, 0.322, 2.0, 3) [0.17313646099281574 0.006669393638617856 0.022400178321121116] 3 1290.3421428203583s
2022-04-11 15:14:20.762768 (1.0, 100000.0, 17, 10.0, 0.3, 0.302, 2.0, 3) [0.1806447654252443 0.004687278867808909 0.008740310115898728] 3 2193.9801411628723s
2022-04-11 15:18:18.894986 (1.0, 100000.0, 16, 10.0, 0.3, 0.307, 2.0, 3) [0.18569636356774905 0.0044707501371351885 0.010678232341493841] 3 2171.0309779644012s
2022-04-11 15:19:36.771880 (1.0, 100000.0, 19, 10.0, 0.3, 0.297, 2.0, 3) [0.16369420350780775 0.002167289270820988 0.008067081316129118] 3 4302.592110157013s
2022-04-11 15:22:28.834383 (1.0, 100000.0, 15, 10.0, 0.3, 0.322, 2.0, 3) [0.17725274853379538 0.0033515720094452472 0.019889858157426547] 3 1261.361879825592s
2022-04-11 15:38:19.273021 (1.0, 100000.0, 18, 10.0, 0.3, 0.299, 2.0, 3) [0.17302975283193103 0.00478163999526785 0.007994920856101782] 3 3111.7531685829163s
2022-04-11 15:43:23.214334 (1.0, 100000.0, 15, 10.0, 0.3, 0.322, 2.0, 3) [0.17616664370666418 0.004547392212495096 0.02052809705879542] 3 1254.3776743412018s
2022-04-11 15:50:26.521257 (1.0, 100000.0, 17, 10.0, 0.3, 0.302, 2.0, 3) [0.17754180557535437 0.0035058717827099145 0.009712304321446595] 3 2165.756060361862s
2022-04-11 15:58:00.475951 (1.0, 100000.0, 16, 10.0, 0.3, 0.307, 2.0, 3) [0.18266468815464942 0.003174113496321893 0.011734615603888212] 3 2381.5787432193756s
2022-04-11 16:27:30.856655 (1.0, 100000.0, 18, 10.0, 0.3, 0.299, 2.0, 3) [0.17327618803497816 0.0039959265304323885 0.007941976805314622] 3 2951.579483985901s
2022-04-11 16:27:48.765665 (1.0, 100000.0, 17, 10.0, 0.3, 0.305, 2.0, 3) [0.1755701383845933 0.00419271281133973 0.010388449478343642] 3 2238.7984025478363s
2022-04-11 16:32:22.870156 (1.0, 100000.0, 19, 10.0, 0.3, 0.297, 2.0, 3) [0.16560146040801807 0.005721349665636758 0.007502997923414053] 3 4366.09584236145s
2022-04-11 16:55:57.493387 (1.0, 100000.0, 16, 10.0, 0.3, 0.312, 2.0, 3) [0.17639706568476554 0.004412172367249349 0.01437628263236058] 3 3473.29088306427s
2022-04-11 17:05:16.088382 (1.0, 100000.0, 17, 10.0, 0.3, 0.305, 2.0, 3) [0.17334336363340425 0.0039220091263889815 0.011201177151312526] 3 2247.3206362724304s
2022-04-11 17:16:30.605632 (1.0, 100000.0, 18, 10.0, 0.3, 0.299, 2.0, 3) [0.17141717963110104 0.004888595079770738 0.008484576273386378] 3 2939.7458357810974s
2022-04-11 17:34:42.081547 (1.0, 100000.0, 16, 10.0, 0.3, 0.312, 2.0, 3) [0.1786916180225326 0.004049957936459806 0.013327343903643171] 3 2324.5857887268066s
2022-04-11 17:37:12.170116 (1.0, 100000.0, 19, 10.0, 0.3, 0.299, 2.0, 3) [0.16312915396825123 0.003678172278782337 0.008239976781215576] 3 3885.733840942383s
2022-04-11 17:42:56.238423 (1.0, 100000.0, 17, 10.0, 0.3, 0.305, 2.0, 3) [0.17526594269815862 0.002378849720622653 0.01048780806783775] 3 2260.1469316482544s
2022-04-11 18:11:10.976453 (1.0, 100000.0, 18, 10.0, 0.3, 0.302, 2.0, 3) [0.1700946877982442 0.003944885534123465 0.008901970352326488] 3 3276.79847741127s
2022-04-11 18:18:44.551787 (1.0, 100000.0, 17, 10.0, 0.3, 0.307, 2.0, 3) [0.1741920619918078 0.003687027074426867 0.010903994302690229] 3 2144.949625492096s
2022-04-11 18:19:36.344935 (1.0, 100000.0, 16, 10.0, 0.3, 0.312, 2.0, 3) [0.1782711554459444 0.0034707868173749455 0.013525461084953245] 3 2694.260127544403s
2022-04-11 18:41:50.923634 (1.0, 100000.0, 19, 10.0, 0.3, 0.299, 2.0, 3) [0.16161452992826794 0.003167795807872692 0.00873300119872956] 3 3878.751311779022s
2022-04-11 18:51:00.502652 (1.0, 100000.0, 16, 10.0, 0.3, 0.319, 2.0, 3) [0.16950202811070184 0.004979581637787749 0.01789016948909218] 3 1880.2899479866028s
2022-04-11 18:55:43.919139 (1.0, 100000.0, 17, 10.0, 0.3, 0.307, 2.0, 3) [0.17351094201392764 0.0038220853546628284 0.011130528361546788] 3 2219.3648614883423s
2022-04-11 19:04:21.124757 (1.0, 100000.0, 18, 10.0, 0.3, 0.302, 2.0, 3) [0.17189280614639293 0.004083563814414857 0.008365880673378795] 3 3190.1460716724396s
2022-04-11 19:22:35.908265 (1.0, 100000.0, 16, 10.0, 0.3, 0.319, 2.0, 3) [0.17113490813577728 0.0029188533047375645 0.01706471641046743] 3 1895.4032838344574s
2022-04-11 19:32:43.640624 (1.0, 100000.0, 17, 10.0, 0.3, 0.307, 2.0, 3) [0.17417460868965295 0.005457151475110486 0.010879038717923705] 3 2219.71910071373s
2022-04-11 19:47:19.391492 (1.0, 100000.0, 19, 10.0, 0.3, 0.299, 2.0, 3) [0.159570287052402 0.004322205952172929 0.00940774772097704] 3 3928.4636194705963s
2022-04-11 19:52:14.941852 (1.0, 100000.0, 16, 10.0, 0.3, 0.319, 2.0, 3) [0.1712646108201616 0.004270125394586765 0.0169357359977533] 3 1779.0313091278076s
2022-04-11 19:56:49.271776 (1.0, 100000.0, 18, 10.0, 0.3, 0.302, 2.0, 3) [0.17193434099143526 0.002926869181624336 0.008339015375142377] 3 3148.144590616226s
2022-04-11 20:08:18.495635 (1.0, 100000.0, 17, 10.0, 0.3, 0.312, 2.0, 3) [0.16286801384518468 0.00226784807543819 0.01596939637174219] 3 2130.6627230644226s
2022-04-11 20:24:58.289504 (1.0, 100000.0, 16, 10.0, 0.3, 0.322, 2.0, 3) [0.16085059665914808 0.004272350464888115 0.023477086256061014] 3 1960.0375049114227s
2022-04-11 20:43:26.163382 (1.0, 100000.0, 17, 10.0, 0.3, 0.312, 2.0, 3) [0.16541057256724362 0.004504014832356354 0.014688652851025304] 3 2107.664921760559s
2022-04-11 20:44:36.645700 (1.0, 100000.0, 18, 10.0, 0.3, 0.305, 2.0, 3) [0.16398715942419703 0.004001777737534827 0.011098955325955466] 3 2863.887239933014s
2022-04-11 20:50:38.357709 (1.0, 100000.0, 19, 10.0, 0.3, 0.302, 2.0, 3) [0.16235586883377065 0.004845026286157777 0.008524022261924145] 3 3795.47798871994s
2022-04-11 20:57:25.818015 (1.0, 100000.0, 16, 10.0, 0.3, 0.322, 2.0, 3) [0.1678366439581844 0.004724595753002107 0.01886803070760858] 3 1947.5261809825897s
2022-04-11 21:18:33.194951 (1.0, 100000.0, 17, 10.0, 0.3, 0.312, 2.0, 3) [0.16490463606782085 0.0030546929099214038 0.01488136495798153] 3 2107.0290451049805s
2022-04-11 21:29:52.410526 (1.0, 100000.0, 16, 10.0, 0.3, 0.322, 2.0, 3) [0.16543248428219876 0.004443552440561397 0.020376152340069405] 3 1946.590159893036s
2022-04-11 21:32:02.664303 (1.0, 100000.0, 18, 10.0, 0.3, 0.305, 2.0, 3) [0.16405651045499353 0.0020238778003608435 0.011045020623949171] 3 2846.016499042511s
2022-04-11 21:55:33.417846 (1.0, 100000.0, 19, 10.0, 0.3, 0.302, 2.0, 3) [0.16283722421486266 0.004684254875017381 0.008361945572399878] 3 3895.0580213069916s
2022-04-11 22:03:57.519811 (1.0, 100000.0, 17, 10.0, 0.3, 0.319, 2.0, 3) [0.1562770341849627 0.0047415168810307756 0.019915346538736545] 3 2720.849930524826s
2022-04-11 22:19:47.521422 (1.0, 100000.0, 18, 10.0, 0.3, 0.305, 2.0, 3) [0.1643154486512411 0.0033997598805500908 0.010929755271540548] 3 2864.854428052902s
2022-04-11 22:49:05.157641 (1.0, 100000.0, 17, 10.0, 0.3, 0.319, 2.0, 3) [0.1590733699085927 0.0025308034051762613 0.018185308454513972] 3 2707.635547876358s
2022-04-11 22:59:16.536670 (1.0, 100000.0, 19, 10.0, 0.3, 0.302, 2.0, 3) [0.15961902022431998 0.0036801029009129824 0.009393719968661939] 3 3823.1156656742096s
2022-04-11 23:04:43.368806 (1.0, 100000.0, 18, 10.0, 0.3, 0.307, 2.0, 3) [0.16023204109515962 0.0032038450975807983 0.01264691385114391] 3 2692.3719964027405s
2022-04-11 23:34:15.268266 (1.0, 100000.0, 17, 10.0, 0.3, 0.319, 2.0, 3) [0.1592361971708767 0.005790193053031 0.018144006265159714] 3 2710.1081776618958s
2022-04-11 23:49:59.670316 (1.0, 100000.0, 18, 10.0, 0.3, 0.307, 2.0, 3) [0.1621129560449116 0.002735219599074871 0.011846421230602722] 3 2716.299225330353s
2022-04-12 00:08:32.138704 (1.0, 100000.0, 19, 10.0, 0.3, 0.302, 2.0, 3) [0.16261636116946548 0.0051394859156960425 0.008430646318184458] 3 371248.9337899685s
2022-04-12 00:10:24.977175 (1.0, 100000.0, 19, 10.0, 0.3, 0.305, 2.0, 3) [0.15526332780346133 0.0033017403905001154 0.011099030379626378] 3 4264.841997385025s
2022-04-12 00:11:47.128326 (1.0, 100000.0, 17, 10.0, 0.3, 0.322, 2.0, 3) [0.15491850311749403 0.002746879749544915 0.020909949922823395] 3 2248.397277355194s
2022-04-12 00:25:49.118674 (1.0, 100000.0, 18, 10.0, 0.3, 0.302, 2.0, 3) [0.16834163575949312 0.005293959216996914 0.009450072289278253] 3 394246.71755194664s
2022-04-12 00:35:32.365845 (1.0, 100000.0, 18, 10.0, 0.3, 0.307, 2.0, 3) [0.1629451450853066 0.004326077766527571 0.011514343897616346] 3 2732.692841053009s
2022-04-12 00:51:49.314440 (1.0, 100000.0, 19, 10.0, 0.3, 0.302, 2.0, 3) [0.15858334114273487 0.00386972829339863 0.009782865110480848] 3 2597.1729822158813s
2022-04-12 00:52:23.532384 (1.0, 100000.0, 17, 10.0, 0.3, 0.322, 2.0, 3) [0.1594433074640023 0.004195161335573003 0.018011374250789483] 3 2436.4015793800354s
2022-04-12 00:57:52.273409 (1.0, 100000.0, 18, 10.0, 0.3, 0.305, 2.0, 3) [0.16721404703188117 0.002818445634472998 0.00988210856464386] 3 1919.7129409313202s
2022-04-12 01:15:34.622140 (1.0, 100000.0, 19, 10.0, 0.3, 0.305, 2.0, 3) [0.1560520681129338 0.0055101606574753815 0.010784915442676322] 3 3909.642882347107s
2022-04-12 01:29:22.472469 (1.0, 100000.0, 17, 10.0, 0.3, 0.322, 2.0, 3) [0.1522312474709898 0.002978356359248242 0.022841069189365727] 3 2218.937672138214s
2022-04-12 01:34:24.534115 (1.0, 100000.0, 18, 10.0, 0.3, 0.305, 2.0, 3) [0.16470603683805207 0.0038508334384840066 0.010794385844224236] 3 2192.2584216594696s
2022-04-12 01:37:07.227463 (1.0, 100000.0, 19, 10.0, 0.3, 0.305, 2.0, 3) [0.15685065498370473 0.003905495583168942 0.010457698581500967] 3 2714.2935144901276s
2022-04-12 01:41:43.169386 (1.0, 100000.0, 18, 10.0, 0.3, 0.312, 2.0, 3) [0.15526516027339915 0.002516981897217197 0.015176854812212742] 3 3967.3721532821655s
2022-04-12 02:10:56.588269 (1.0, 100000.0, 18, 10.0, 0.3, 0.305, 2.0, 3) [0.1614808248059242 0.004016783667826666 0.012078178567143178] 3 2192.051462173462s
2022-04-12 02:20:19.136389 (1.0, 100000.0, 19, 10.0, 0.3, 0.305, 2.0, 3) [0.15547495238789075 0.0028963685133416416 0.011003332070891303] 3 3884.51052236557s
2022-04-12 02:22:54.820381 (1.0, 100000.0, 19, 10.0, 0.3, 0.305, 2.0, 3) [0.1537611277440096 0.003744732048409623 0.011728034597405778] 3 2747.590666294098s
2022-04-12 02:45:19.602722 (1.0, 100000.0, 18, 10.0, 0.3, 0.307, 2.0, 3) [0.15689884789855332 0.002948039475446945 0.014253053028517797] 3 2058.94504570961s
2022-04-12 02:56:17.611372 (1.0, 100000.0, 18, 10.0, 0.3, 0.312, 2.0, 3) [0.15976732869258495 0.004576605052319914 0.01295508040608919] 3 4474.439650058746s
2022-04-12 03:08:46.162083 (1.0, 100000.0, 19, 10.0, 0.3, 0.305, 2.0, 3) [0.15452466954514807 0.002111766579392889 0.011428766990102061] 3 2751.33899974823s
2022-04-12 03:17:43.237980 (1.0, 100000.0, 18, 10.0, 0.3, 0.307, 2.0, 3) [0.16084781931784853 0.003679612805449176 0.01241100648927417] 3 1943.6329691410065s
2022-04-12 03:28:05.367176 (1.0, 100000.0, 19, 10.0, 0.3, 0.307, 2.0, 3) [0.15208256558718466 0.004103224536435018 0.012521139351614448] 3 4061.8186163902283s
2022-04-12 03:50:01.138505 (1.0, 100000.0, 18, 10.0, 0.3, 0.307, 2.0, 3) [0.16179614806248468 0.004978546219553062 0.011983792601674889] 3 1937.897742986679s
2022-04-12 03:50:11.370802 (1.0, 100000.0, 18, 10.0, 0.3, 0.312, 2.0, 3) [0.15678475082120671 0.002601802284789703 0.014322481172270217] 3 3233.7537252902985s
2022-04-12 03:54:24.094776 (1.0, 100000.0, 19, 10.0, 0.3, 0.307, 2.0, 3) [0.1577539629367196 0.0032644294138162084 0.010147092758999561] 3 2734.5722398757935s
2022-04-12 04:26:58.472656 (1.0, 100000.0, 18, 10.0, 0.3, 0.312, 2.0, 3) [0.15833559350742812 0.004023606712707409 0.013577367035342177] 3 2213.8673634529114s
2022-04-12 04:33:40.097420 (1.0, 100000.0, 19, 10.0, 0.3, 0.307, 2.0, 3) [0.15276896288398503 0.0033682226996481403 0.0121876446993839] 3 3934.7279422283173s
2022-04-12 04:40:13.463466 (1.0, 100000.0, 19, 10.0, 0.3, 0.307, 2.0, 3) [0.15501600262473966 0.00397476459990272 0.0112497803407689] 3 2749.3663041591644s
2022-04-12 05:00:04.617371 (1.0, 100000.0, 18, 10.0, 0.3, 0.312, 2.0, 3) [0.1573645539155469 0.004871546506269213 0.01404703735177764] 3 1986.1423630714417s
2022-04-12 05:25:59.945659 (1.0, 100000.0, 19, 10.0, 0.3, 0.307, 2.0, 3) [0.15238012664477255 0.005036587670538375 0.01237810056502235] 3 2746.479368686676s
2022-04-12 05:33:12.021948 (1.0, 100000.0, 18, 10.0, 0.3, 0.312, 2.0, 3) [0.15705928650691245 0.005827988797619208 0.014227270863808202] 3 1987.400757074356s
2022-04-12 05:40:39.007662 (1.0, 100000.0, 19, 10.0, 0.3, 0.307, 2.0, 3) [0.15206513260748028 0.0026894995176731822 0.012525784229245562] 3 4018.907744884491s
2022-04-12 06:04:00.433933 (1.0, 100000.0, 18, 10.0, 0.3, 0.319, 2.0, 3) [0.14583356743305748 0.0028188601731144285 0.021217700350976317] 3 1845.5444223880768s
2022-04-12 06:11:43.082625 (1.0, 100000.0, 19, 10.0, 0.3, 0.312, 2.0, 3) [0.1447828740678302 0.0027671649963169156 0.016512042797378744] 3 2740.0103948116302s
2022-04-12 06:34:35.337741 (1.0, 100000.0, 18, 10.0, 0.3, 0.319, 2.0, 3) [0.14615167086016995 0.004657448281956795 0.02094070433762312] 3 1834.9012823104858s
2022-04-12 06:44:38.329937 (1.0, 100000.0, 19, 10.0, 0.3, 0.312, 2.0, 3) [0.14366059758303637 0.004173343787457281 0.01718870657691496] 3 3834.3194427490234s
2022-04-12 06:57:08.344180 (1.0, 100000.0, 19, 10.0, 0.3, 0.312, 2.0, 3) [0.14553705070571274 0.00644174826058172 0.016110776548966595] 3 2725.2590188980103s
2022-04-12 07:05:09.667023 (1.0, 100000.0, 18, 10.0, 0.3, 0.319, 2.0, 3) [0.14965338403535097 0.002730617098457965 0.018516211083884328] 3 1834.326310634613s
2022-04-12 07:26:59.832982 (1.0, 100000.0, 18, 10.0, 0.3, 0.319, 2.0, 3) [0.15002212983065538 0.0021238978173198455 0.01826931382067569] 3 13004.884786128998s
2022-04-12 07:39:32.876070 (1.0, 100000.0, 18, 10.0, 0.3, 0.322, 2.0, 3) [0.14525507943390212 0.003850240381395462 0.02167736254326458] 3 2060.013201713562s
2022-04-12 07:42:08.568001 (1.0, 100000.0, 19, 10.0, 0.3, 0.312, 2.0, 3) [0.14391827461454815 0.003941060877715913 0.017055793038124094] 3 2700.221188545227s
2022-04-12 07:48:50.947838 (1.0, 100000.0, 19, 10.0, 0.3, 0.312, 2.0, 3) [0.14710250363331975 0.0048507876038396186 0.015119683244125286] 3 3852.615409374237s
2022-04-12 08:15:36.596528 (1.0, 100000.0, 18, 10.0, 0.3, 0.322, 2.0, 3) [0.144032241533675 0.0028884188990225233 0.02263579760739516] 3 2163.718141078949s
2022-04-12 08:29:38.415172 (1.0, 100000.0, 19, 10.0, 0.3, 0.319, 2.0, 3) [0.13923194405490585 0.0033865302931960516 0.02039880154392992] 3 2846.620944261551s
2022-04-12 08:51:41.845099 (1.0, 100000.0, 18, 10.0, 0.3, 0.322, 2.0, 3) [0.1437262214609891 0.0031162895734741757 0.02285872141873074] 3 2165.2442162036896s
2022-04-12 08:53:03.943653 (1.0, 100000.0, 19, 10.0, 0.3, 0.312, 2.0, 3) [0.1478469864199687 0.0031123368777066372 0.014675873160068484] 3 3852.9934215545654s
2022-04-12 09:15:57.968022 (1.0, 100000.0, 19, 10.0, 0.3, 0.319, 2.0, 3) [0.1397869307445567 0.003437504702140842 0.019973099747801728] 3 2779.550717115402s
2022-04-12 09:57:07.082870 (1.0, 100000.0, 19, 10.0, 0.3, 0.319, 2.0, 3) [0.13924446573349195 0.0031205234679943647 0.02035037547305826] 3 3839.8755774497986s
2022-04-12 10:01:29.696936 (1.0, 100000.0, 19, 10.0, 0.3, 0.319, 2.0, 3) [0.13798339282472089 0.00479120680808052 0.021354521309318558] 3 2731.726134777069s
2022-04-12 10:13:33.120896 (1.0, 100000.0, 17, 10.0, 0.3, 0.281, 2.0, 3) [0.21014818451021738 0.005780608440333771 0.003207998442925445] 3 2249.5327701568604s
2022-04-12 10:27:19.071814 (1.0, 100000.0, 18, 10.0, 0.3, 0.319, 2.0, 3) [0.15208461199713616 0.005016511755963761 0.017048261145378683] 3 10819.236548185349s
2022-04-12 10:29:13.603460 (1.0, 100000.0, 18, 10.0, 0.3, 0.281, 2.0, 3) [0.19627765447692522 0.0029118485326037813 0.003471815276198012] 3 3190.0163033008575s
2022-04-12 10:45:28.664473 (1.0, 100000.0, 19, 10.0, 0.3, 0.322, 2.0, 3) [0.13658080932578195 0.003929763388478662 0.022503824522796038] 3 2635.8181025981903s
2022-04-12 10:50:15.489302 (1.0, 100000.0, 19, 10.0, 0.3, 0.281, 2.0, 3) [0.18945097020471627 0.005055182423784667 0.003038925260815698] 3 4451.900535106659s
2022-04-12 10:50:15.938861 (1.0, 100000.0, 17, 10.0, 0.3, 0.281, 2.0, 3) [0.21072937082344664 0.00392304518424092 0.0031510841601623645] 3 2202.815516471863s
2022-04-12 11:00:35.811293 (1.0, 100000.0, 19, 10.0, 0.3, 0.319, 2.0, 3) [0.13867838166901256 0.0035183750449162858 0.020774885825316516] 3 3808.725478887558s
2022-04-12 11:21:23.861406 (1.0, 100000.0, 18, 10.0, 0.3, 0.281, 2.0, 3) [0.19566225749883095 0.004787387210976357 0.0035432608321122583] 3 3130.2558891773224s
2022-04-12 11:24:32.423177 (1.0, 100000.0, 18, 10.0, 0.3, 0.319, 2.0, 3) [0.1442127716150638 0.003982815104129013 0.022465473815012252] 3 3433.348636865616s
2022-04-12 11:27:09.971434 (1.0, 100000.0, 17, 10.0, 0.3, 0.281, 2.0, 3) [0.21046811018934783 0.0032155686590026656 0.0031723538197552647] 3 2214.030383348465s
2022-04-12 11:29:13.321902 (1.0, 100000.0, 19, 10.0, 0.3, 0.322, 2.0, 3) [0.13463896471075112 0.0037389004902673184 0.024176607034916323] 3 2624.6548290252686s
2022-04-12 11:55:49.588912 (1.0, 100000.0, 19, 10.0, 0.3, 0.281, 2.0, 3) [0.1897695359970367 0.004080105712620473 0.002996564933135995] 3 3934.0975370407104s
2022-04-12 12:03:06.162307 (1.0, 100000.0, 17, 10.0, 0.3, 0.285, 2.0, 3) [0.20371503954357847 0.00365130373490455 0.003987077987372312] 3 2153.08367395401s
2022-04-12 12:04:40.747372 (1.0, 100000.0, 19, 10.0, 0.3, 0.319, 2.0, 3) [0.13613816464753528 0.007119199045783103 0.022879324723922245] 3 3844.9334914684296s
2022-04-12 12:12:56.738479 (1.0, 100000.0, 19, 10.0, 0.3, 0.322, 2.0, 3) [0.13429193836810283 0.0032379053692590002 0.024517108880902215] 3 2623.4138312339783s
2022-04-12 12:13:42.097454 (1.0, 100000.0, 18, 10.0, 0.3, 0.281, 2.0, 3) [0.20115824165876756 0.003539967254440887 0.0029156011347530385] 3 3138.2336292266846s
2022-04-12 12:32:30.513474 (1.0, 100000.0, 18, 10.0, 0.3, 0.322, 2.0, 3) [0.1434036068769824 0.0025756204222418338 0.023169334162736716] 3 4074.7163515090942s
2022-04-12 12:37:54.812351 (1.0, 100000.0, 17, 10.0, 0.3, 0.285, 2.0, 3) [0.20604429245260952 0.006957156043152525 0.0036959575450714803] 3 2088.6478340625763s
2022-04-12 12:59:08.792474 (1.0, 100000.0, 18, 10.0, 0.3, 0.285, 2.0, 3) [0.1927801445709429 0.0047611027923000525 0.003941013926172039] 3 2723.6485295295715s
2022-04-12 13:00:04.723900 (1.0, 100000.0, 19, 10.0, 0.3, 0.281, 2.0, 3) [0.18938861422024328 0.003208197217668767 0.0030478583200789547] 3 3855.1327137947083s
2022-04-12 13:07:52.641628 (1.0, 100000.0, 15, 10.0, 0.3, 0.281, 2.0, 3) [0.2333963286837687 0.003444063647943408 0.0037082655366226566] 3 12709.049104213715s
2022-04-12 13:12:44.359912 (1.0, 100000.0, 17, 10.0, 0.3, 0.285, 2.0, 3) [0.19939171185825563 0.0047835862539022415 0.004612715616387274] 3 2089.5453536510468s
2022-04-12 13:13:44.618871 (1.0, 100000.0, 19, 10.0, 0.3, 0.322, 2.0, 3) [0.1361183058959292 0.0048602647367486 0.02293198877664387] 3 4140.647742033005s
2022-04-12 13:23:58.903247 (1.0, 100000.0, 18, 10.0, 0.3, 0.322, 2.0, 3) [0.1462295436764432 0.004220983359120513 0.02096568118820617] 3 3088.3872163295746s
2022-04-12 13:44:55.029438 (1.0, 100000.0, 18, 10.0, 0.3, 0.285, 2.0, 3) [0.19057061783550916 0.005937329311708179 0.004258677776766172] 3 2746.2347321510315s
2022-04-12 13:48:41.516550 (1.0, 100000.0, 17, 10.0, 0.3, 0.292, 2.0, 3) [0.1927592747115117 0.0038049364702000994 0.0057961514344794535] 3 2154.100804567337s
2022-04-12 14:04:10.553560 (1.0, 100000.0, 19, 10.0, 0.3, 0.285, 2.0, 3) [0.18498685378113167 0.004456871904970748 0.003612913151265607] 3 3842.4326508045197s
2022-04-12 14:17:03.397739 (1.0, 100000.0, 18, 10.0, 0.3, 0.322, 2.0, 3) [0.14135303896307733 0.005091459312957696 0.02485940297528752] 3 3184.491960287094s
2022-04-12 14:23:39.360398 (1.0, 100000.0, 17, 10.0, 0.3, 0.292, 2.0, 3) [0.193725241097567 0.005202385677013871 0.005634117529525381] 3 2097.8418147563934s
2022-04-12 14:24:24.121252 (1.0, 100000.0, 19, 10.0, 0.3, 0.322, 2.0, 3) [0.13414144596733213 0.003343712225712949 0.024623213969748863] 3 4239.50012922287s
2022-04-12 14:30:57.817388 (1.0, 100000.0, 18, 10.0, 0.3, 0.285, 2.0, 3) [0.19279308871084178 0.003350568140647474 0.00393657527138727] 3 2762.785889863968s
2022-04-12 14:58:53.601977 (1.0, 100000.0, 17, 10.0, 0.3, 0.292, 2.0, 3) [0.19317028770804104 0.003850083332034475 0.005711902300949256] 3 2114.2392213344574s
2022-04-12 15:05:15.897540 (1.0, 100000.0, 15, 10.0, 0.3, 0.281, 2.0, 3) [0.22907065024258572 0.006861319622780307 0.00421253371781981] 3 7043.2535943984985s
2022-04-12 15:05:41.699017 (1.0, 100000.0, 19, 10.0, 0.3, 0.285, 2.0, 3) [0.1789415964537722 0.00521017967625386 0.004517205549249764] 3 3691.143520593643s
2022-04-12 15:22:39.183163 (1.0, 100000.0, 18, 10.0, 0.3, 0.292, 2.0, 3) [0.1808706274829393 0.004514990379076118 0.006041746780507522] 3 3098.3792123794556s
2022-04-12 15:36:59.117245 (1.0, 100000.0, 19, 10.0, 0.3, 0.322, 2.0, 3) [0.13186227103871162 0.004016287920813416 0.026834339649180826] 3 4354.993552684784s
2022-04-12 15:44:55.434251 (1.0, 100000.0, 17, 10.0, 0.3, 0.297, 2.0, 3) [0.18578848309758159 0.0042333852145903525 0.007344717945420785] 3 2758.4181413650513s
2022-04-12 16:03:42.288428 (1.0, 100000.0, 15, 10.0, 0.3, 0.281, 2.0, 3) [0.23218234712929225 0.004070623220004573 0.0038507656829012468] 3 3506.388228416443s
2022-04-12 16:07:22.204568 (1.0, 100000.0, 18, 10.0, 0.3, 0.292, 2.0, 3) [0.18151422057363892 0.0022621573281137804 0.005903698125671309] 3 2683.0193078517914s
2022-04-12 16:09:26.579995 (1.0, 100000.0, 19, 10.0, 0.3, 0.285, 2.0, 3) [0.18689473259353248 0.0071026008056628235 0.003355938285228431] 3 3824.878505706787s
2022-04-12 16:30:37.820254 (1.0, 100000.0, 17, 10.0, 0.3, 0.297, 2.0, 3) [0.18868244126884315 0.006160323953201432 0.006668317700542945] 3 2742.384067296982s
2022-04-12 16:52:12.953949 (1.0, 100000.0, 18, 10.0, 0.3, 0.292, 2.0, 3) [0.18088275586924987 0.0033534359317054763 0.006033919922553048] 3 2690.747113466263s
2022-04-12 16:53:10.812557 (1.0, 100000.0, 15, 10.0, 0.3, 0.285, 2.0, 3) [0.23096636249006489 0.003005338366813019 0.004004059787909818] 3 2965.4456708431244s
2022-04-12 17:16:23.323169 (1.0, 100000.0, 17, 10.0, 0.3, 0.297, 2.0, 3) [0.1885224914207146 0.003644078314413553 0.0067041468918409754] 3 2745.5005700588226s
2022-04-12 17:21:25.024749 (1.0, 100000.0, 19, 10.0, 0.3, 0.292, 2.0, 3) [0.17440518722619258 0.004517657794121482 0.005378772746131464] 3 4315.0458426475525s
2022-04-12 17:41:21.775251 (1.0, 100000.0, 18, 10.0, 0.3, 0.297, 2.0, 3) [0.17708010672767638 0.00383404963236933 0.00692891571137139] 3 2944.46014380455s
2022-04-12 17:53:32.617191 (1.0, 100000.0, 17, 10.0, 0.3, 0.299, 2.0, 3) [0.18418788316155757 0.0036580216178395534 0.007744246247948785] 3 2225.570099592209s
2022-04-12 18:25:38.131616 (1.0, 100000.0, 16, 10.0, 0.3, 0.281, 2.0, 3) [0.21582596641630017 0.004254231227395547 0.004080117187367146] 3 31774.380046367645s
2022-04-12 18:29:38.443014 (1.0, 100000.0, 18, 10.0, 0.3, 0.297, 2.0, 3) [0.17159112850248812 0.004734681945763406 0.00841133400469456] 3 2896.6657207012177s
2022-04-12 18:31:53.983715 (1.0, 100000.0, 17, 10.0, 0.3, 0.299, 2.0, 3) [0.18185686757921232 0.00444506979757621 0.008388182262735314] 3 2301.364567041397s
2022-04-12 18:32:20.501473 (1.0, 100000.0, 19, 10.0, 0.3, 0.292, 2.0, 3) [0.17054890541355913 0.003970118241808655 0.006218929749791602] 3 4255.4746260643005s
2022-04-12 19:10:18.018914 (1.0, 100000.0, 17, 10.0, 0.3, 0.299, 2.0, 3) [0.18301705520092929 0.005660531841672378 0.008058487216522301] 3 2304.0328710079193s
2022-04-12 19:17:58.408532 (1.0, 100000.0, 18, 10.0, 0.3, 0.297, 2.0, 3) [0.1764509093913873 0.003793173508044134 0.007067449875580918] 3 2899.9632346630096s
2022-04-12 19:19:38.326513 (1.0, 100000.0, 15, 10.0, 0.3, 0.285, 2.0, 3) [0.22725050003175307 0.003709282202363185 0.004455460855893877] 3 8787.511069059372s
2022-04-12 19:36:45.924486 (1.0, 100000.0, 19, 10.0, 0.3, 0.292, 2.0, 3) [0.1730893001637931 0.004504764180671138 0.00564092318003569] 3 3865.417694568634s
2022-04-12 19:46:51.299122 (1.0, 100000.0, 17, 10.0, 0.3, 0.302, 2.0, 3) [0.18231166028730264 0.00392008941312395 0.008282413288212767] 3 2188.68572974205s
2022-04-12 20:06:21.069557 (1.0, 100000.0, 18, 10.0, 0.3, 0.299, 2.0, 3) [0.1718770462708511 0.004472808955157573 0.00834376135565466] 3 2899.181754589081s
2022-04-12 20:22:54.001891 (1.0, 100000.0, 17, 10.0, 0.3, 0.302, 2.0, 3) [0.17932419653635992 0.0035291626963112346 0.009133888059131493] 3 2162.7004487514496s
2022-04-12 20:45:06.800306 (1.0, 100000.0, 19, 10.0, 0.3, 0.297, 2.0, 3) [0.16908388079683176 0.0038643270594917135 0.006575327904711373] 3 4094.801590204239s
2022-04-12 20:55:09.112887 (1.0, 100000.0, 18, 10.0, 0.3, 0.299, 2.0, 3) [0.1758529334187444 0.0035734503271825373 0.007233712376220253] 3 2928.0410652160645s
2022-04-12 20:58:59.470460 (1.0, 100000.0, 17, 10.0, 0.3, 0.302, 2.0, 3) [0.17952365374210577 0.0034754741676665205 0.009080686636389883] 3 2165.4662806987762s
2022-04-12 21:34:13.662604 (1.0, 100000.0, 17, 10.0, 0.3, 0.305, 2.0, 3) [0.17532836171244567 0.0039155269589987865 0.010449246733169373] 3 2110.677864074707s
2022-04-12 21:44:03.338124 (1.0, 100000.0, 18, 10.0, 0.3, 0.299, 2.0, 3) [0.17256832246169063 0.0032118410166788666 0.008132400493635316] 3 2934.222972869873s
2022-04-12 21:56:40.788639 (1.0, 100000.0, 19, 10.0, 0.3, 0.297, 2.0, 3) [0.16946702923029205 0.0049971310067020306 0.00649352726831746] 3 4293.983058691025s
2022-04-12 22:07:54.625366 (1.0, 100000.0, 17, 10.0, 0.3, 0.305, 2.0, 3) [0.17306855442609823 0.0020393131909377388 0.011307445124549422] 3 2020.960725069046s
2022-04-12 22:33:50.088847 (1.0, 100000.0, 18, 10.0, 0.3, 0.302, 2.0, 3) [0.1665795631634995 0.003633750079192159 0.010081175371002876] 3 2983.373301267624s
2022-04-12 22:41:37.720765 (1.0, 100000.0, 17, 10.0, 0.3, 0.305, 2.0, 3) [0.17126002319776631 0.002470811621828473 0.011983673552572056] 3 2023.0933368206024s
2022-04-12 22:48:26.447110 (1.0, 100000.0, 15, 10.0, 0.3, 0.285, 2.0, 3) [0.22857232759916027 0.004101294800035795 0.004288800244470627] 3 12528.11469578743s
2022-04-12 23:00:11.439705 (1.0, 100000.0, 19, 10.0, 0.3, 0.297, 2.0, 3) [0.16728654667901496 0.007918604402147662 0.007048011503663477] 3 3810.646784067154s
2022-04-12 23:08:21.913571 (1.0, 100000.0, 16, 10.0, 0.3, 0.281, 2.0, 3) [0.21634666629363983 0.004592973910833115 0.00400483352204254] 3 16963.77959537506s
2022-04-12 23:22:32.409429 (1.0, 100000.0, 18, 10.0, 0.3, 0.302, 2.0, 3) [0.16642015449212416 0.002276065429314209 0.0101506563058701] 3 2922.3185710906982s
2022-04-12 23:24:28.362508 (1.0, 100000.0, 17, 10.0, 0.3, 0.307, 2.0, 3) [0.17395689995966274 0.004371657623748396 0.010998542664426743] 3 2567.227674484253s
2022-04-12 23:52:37.248636 (1.0, 100000.0, 15, 10.0, 0.3, 0.292, 2.0, 3) [0.21213951382469518 0.004842727336458141 0.006999038645049534] 3 3846.50053691864s
2022-04-13 00:03:20.924808 (1.0, 100000.0, 17, 10.0, 0.3, 0.307, 2.0, 3) [0.17108734739780213 0.00578440860181672 0.012097718561427873] 3 2332.5602145195007s
2022-04-13 00:11:00.281484 (1.0, 100000.0, 18, 10.0, 0.3, 0.302, 2.0, 3) [0.16845615231143993 0.00425333097849974 0.009409011527423895] 3 2907.869720220566s
2022-04-13 00:11:48.177085 (1.0, 100000.0, 19, 10.0, 0.3, 0.299, 2.0, 3) [0.16351851745956084 0.0038656852539121333 0.0081195047918913] 3 4293.198008775711s
2022-04-13 00:24:49.584896 (1.0, 100000.0, 15, 10.0, 0.3, 0.292, 2.0, 3) [0.21682789327047175 0.00388208152410403 0.006095873781224712] 3 1932.3340101242065s
2022-04-13 00:42:33.648352 (1.0, 100000.0, 17, 10.0, 0.3, 0.307, 2.0, 3) [0.16736070942037853 0.004415204230054595 0.013699996855425183] 3 2352.7213695049286s
2022-04-13 01:03:08.072042 (1.0, 100000.0, 18, 10.0, 0.3, 0.305, 2.0, 3) [0.16684026319439596 0.005301862003781076 0.01000493834330046] 3 3124.2071805000305s
2022-04-13 01:20:22.599822 (1.0, 100000.0, 17, 10.0, 0.3, 0.312, 2.0, 3) [0.1673621694350826 0.0041135501795579585 0.013701899395273847] 3 2265.377326965332s
2022-04-13 01:25:32.955541 (1.0, 100000.0, 19, 10.0, 0.3, 0.299, 2.0, 3) [0.16181388488566315 0.004854764706376531 0.008655539565003133] 3 4424.776354074478s
2022-04-13 01:30:14.343763 (1.0, 100000.0, 15, 10.0, 0.3, 0.292, 2.0, 3) [0.21693034324922236 0.005884408992024543 0.006081045762652301] 3 3924.756253004074s
2022-04-13 01:55:42.128911 (1.0, 100000.0, 18, 10.0, 0.3, 0.305, 2.0, 3) [0.1665835900864889 0.0029629641192539685 0.010089303247880578] 3 3154.0544736385345s
2022-04-13 02:00:16.076976 (1.0, 100000.0, 17, 10.0, 0.3, 0.312, 2.0, 3) [0.16050736595562534 0.005517584428260843 0.017232988345082276] 3 2393.475086927414s
2022-04-13 02:37:25.889098 (1.0, 100000.0, 19, 10.0, 0.3, 0.299, 2.0, 3) [0.16288434633214685 0.00391503147950862 0.008325148842813584] 3 4312.931107282639s
2022-04-13 02:40:09.958437 (1.0, 100000.0, 17, 10.0, 0.3, 0.312, 2.0, 3) [0.1651511632276513 0.0024826910674121115 0.014781074191688831] 3 2393.8791089057922s
2022-04-13 02:48:15.738803 (1.0, 100000.0, 18, 10.0, 0.3, 0.305, 2.0, 3) [0.1658658411442865 0.0038271655204781744 0.010362614546487414] 3 3153.6076443195343s
2022-04-13 02:51:12.774945 (1.0, 100000.0, 15, 10.0, 0.3, 0.297, 2.0, 3) [0.21425619811185023 0.006156013503485521 0.00660067285897728] 3 4854.647125244141s
2022-04-13 03:16:54.783010 (1.0, 100000.0, 17, 10.0, 0.3, 0.319, 2.0, 3) [0.15553009768288747 0.005064129624550353 0.020412662989103957] 3 2201.2511324882507s
2022-04-13 03:18:09.307937 (1.0, 100000.0, 15, 10.0, 0.3, 0.297, 2.0, 3) [0.20522655524471778 0.005412706897328372 0.008609193981806568] 3 1616.5309565067291s
2022-04-13 03:37:00.026749 (1.0, 100000.0, 18, 10.0, 0.3, 0.307, 2.0, 3) [0.1626443942912773 0.004056662294913582 0.0116145830941426] 3 2921.074326992035s
2022-04-13 03:48:12.430537 (1.0, 100000.0, 19, 10.0, 0.3, 0.302, 2.0, 3) [0.15699311334937546 0.0041651975565754114 0.01038560133369669] 3 4243.274347066879s
2022-04-13 03:53:21.860339 (1.0, 100000.0, 17, 10.0, 0.3, 0.319, 2.0, 3) [0.15662354914981305 0.003497254338138359 0.01969526688692636] 3 2187.0751943588257s
2022-04-13 03:56:08.862709 (1.0, 100000.0, 15, 10.0, 0.3, 0.297, 2.0, 3) [0.20892330356207353 0.003971794211461958 0.007723774473771158] 3 2279.5523262023926s
2022-04-13 04:21:36.881424 (1.0, 100000.0, 18, 10.0, 0.3, 0.307, 2.0, 3) [0.16212623996940323 0.003908508991264308 0.011834365720954915] 3 2676.852766752243s
2022-04-13 04:29:40.616540 (1.0, 100000.0, 17, 10.0, 0.3, 0.319, 2.0, 3) [0.15443899786156445 0.003448193476542865 0.021201275461836373] 3 2178.7538797855377s
2022-04-13 04:31:09.483804 (1.0, 100000.0, 15, 10.0, 0.3, 0.299, 2.0, 3) [0.20833929720300748 0.003241424241747847 0.007871411464889044] 3 2096.6444866657257s
2022-04-13 04:58:15.938318 (1.0, 100000.0, 19, 10.0, 0.3, 0.302, 2.0, 3) [0.1554747587401322 0.0031575770326590234 0.010992581667098062] 3 4203.505619287491s
2022-04-13 05:05:39.237700 (1.0, 100000.0, 17, 10.0, 0.3, 0.322, 2.0, 3) [0.1528015228530101 0.0036548660177800904 0.02241261494441405] 3 2155.2737951278687s
2022-04-13 05:06:14.202992 (1.0, 100000.0, 18, 10.0, 0.3, 0.307, 2.0, 3) [0.15939048529856675 0.0028991453938321415 0.013033781731841214] 3 2677.3191483020782s
2022-04-13 05:06:35.539726 (1.0, 100000.0, 15, 10.0, 0.3, 0.299, 2.0, 3) [0.20455003350323006 0.004819961697909467 0.008791486907194472] 3 2126.0534813404083s
2022-04-13 05:40:44.312290 (1.0, 100000.0, 17, 10.0, 0.3, 0.322, 2.0, 3) [0.15371566015742408 0.00302148683405725 0.021762105962926114] 3 2105.072514295578s
2022-04-13 05:57:09.867974 (1.0, 100000.0, 18, 10.0, 0.3, 0.312, 2.0, 3) [0.15960499226688465 0.003377720967227134 0.012981339402835898] 3 3052.033210039139s
2022-04-13 06:01:03.282420 (1.0, 100000.0, 16, 10.0, 0.3, 0.281, 2.0, 3) [0.22639046038005772 0.0060661858318695255 0.002919010964584941] 3 24761.366146564484s
2022-04-13 06:06:06.490275 (1.0, 100000.0, 19, 10.0, 0.3, 0.302, 2.0, 3) [0.1600479865182953 0.003871336514173348 0.00926509201693722] 3 4070.5495698451996s
2022-04-13 06:15:50.969446 (1.0, 100000.0, 17, 10.0, 0.3, 0.322, 2.0, 3) [0.15478517398250466 0.003969663076560862 0.020979981799962907] 3 2106.654849290848s
2022-04-13 07:16:18.051817 (1.0, 100000.0, 19, 10.0, 0.3, 0.305, 2.0, 3) [0.15437496481754434 0.002381744504171809 0.011488832951287702] 3 4207.989465475082s
2022-04-13 08:17:46.880678 (1.0, 100000.0, 19, 10.0, 0.3, 0.305, 2.0, 3) [0.15567879682223906 0.0025219696656111467 0.01093397276717141] 3 3688.825921058655s
2022-04-13 08:33:22.149458 (1.0, 100000.0, 18, 10.0, 0.3, 0.312, 2.0, 3) [0.15624943817080644 0.004335706467231969 0.014602525646575888] 3 9372.279204130173s
2022-04-13 09:18:50.275003 (1.0, 100000.0, 19, 10.0, 0.3, 0.305, 2.0, 3) [0.15597750983734593 0.0023818668221499586 0.010810349452125499] 3 3663.3886301517487s
2022-04-13 11:21:57.179466 (1.0, 100000.0, 18, 10.0, 0.3, 0.312, 2.0, 3) [0.15789638339520748 0.004057253475455867 0.013782420699187885] 3 10115.027600765228s
2022-04-13 12:34:05.310010 (1.0, 100000.0, 19, 10.0, 0.3, 0.307, 2.0, 3) [0.15325728329518734 0.002902551693455455 0.011992480454972606] 3 11711.280288219452s
2022-04-13 13:31:42.036463 (1.0, 100000.0, 18, 10.0, 0.3, 0.319, 2.0, 3) [0.14380546374415376 0.005016035270931687 0.022764822621316207] 3 7781.172747373581s
2022-04-13 14:31:19.903614 (1.0, 100000.0, 18, 10.0, 0.3, 0.319, 2.0, 3) [0.15024589217341178 0.0056342519805934 0.01818271526785598] 3 3577.861610889435s
2022-04-13 15:31:32.730532 (1.0, 100000.0, 18, 10.0, 0.3, 0.319, 2.0, 3) [0.14569350532533482 0.00389745472734876 0.02128547956953618] 3 3612.8219389915466s
2022-04-13 15:38:28.991925 (1.0, 100000.0, 19, 10.0, 0.3, 0.307, 2.0, 3) [0.1510450233912517 0.0023675813306115816 0.013024214534824443] 3 11063.679735660553s
2022-04-13 16:26:32.009827 (1.0, 100000.0, 18, 10.0, 0.3, 0.322, 2.0, 3) [0.1436205035533164 0.003228884343691348 0.02295569979399753] 3 3295.1915752887726s
2022-04-13 17:40:11.638320 (1.0, 100000.0, 18, 10.0, 0.3, 0.322, 2.0, 3) [0.14339702053919487 0.003158095294083596 0.0231597278840535] 3 4419.626402616501s
2022-04-13 18:39:50.166753 (1.0, 100000.0, 19, 10.0, 0.3, 0.307, 2.0, 3) [0.15186494087387842 0.0021336533483266415 0.012624950070208465] 3 10881.172435760498s
2022-04-13 19:06:29.209159 (1.0, 100000.0, 18, 10.0, 0.3, 0.322, 2.0, 3) [0.14480598521213847 0.004085189095502374 0.02207083562899042] 3 5177.5684604644775s
2022-04-14 00:01:37.997758 (1.0, 100000.0, 19, 10.0, 0.3, 0.312, 2.0, 3) [0.14581356100737386 0.0028441990958334466 0.01586087476050297] 3 19304.32146835327s
2022-04-14 00:11:40.696864 (1.0, 100000.0, 15, 10.0, 0.3, 0.299, 2.0, 3) [0.20471068793876213 0.004624032209708408 0.008741369820660462] 3 68705.15416026115s
2022-04-14 01:00:39.123241 (1.0, 100000.0, 15, 10.0, 0.3, 0.302, 2.0, 3) [0.20043937226075875 0.0036149099033588846 0.009947487566433806] 3 2934.6890699863434s
2022-04-14 01:54:50.428414 (1.0, 100000.0, 15, 10.0, 0.3, 0.302, 2.0, 3) [0.2024412805367027 0.003754437381566789 0.009385900729458057] 3 3251.3032398223877s
2022-04-14 02:43:08.884257 (1.0, 100000.0, 15, 10.0, 0.3, 0.302, 2.0, 3) [0.20204373961562852 0.0030330933228826986 0.009489387777845788] 3 2898.4533698558807s
2022-04-14 03:54:34.691471 (1.0, 100000.0, 19, 10.0, 0.3, 0.312, 2.0, 3) [0.15012779495589648 0.00443315012240191 0.013503347809290637] 3 13976.691430330276s
2022-04-14 06:31:07.595614 (1.0, 100000.0, 19, 10.0, 0.3, 0.312, 2.0, 3) [0.1480212258411566 0.005714464684152941 0.014619320682041043] 3 9392.901572942734s
2022-04-14 09:21:37.844192 (1.0, 100000.0, 19, 10.0, 0.3, 0.319, 2.0, 3) [0.13808203257069637 0.0022792362466439115 0.021264390722063528] 3 10225.596210479736s
2022-04-14 13:53:21.491031 (1.0, 100000.0, 19, 10.0, 0.3, 0.319, 2.0, 3) [0.13814310664794355 0.0030114818431666653 0.021189456995794102] 3 16303.644520044327s
2022-04-14 15:26:30.635041 (1.0, 100000.0, 19, 10.0, 0.3, 0.319, 2.0, 3) [0.13846623221144183 0.0025175418141540028 0.02095100506480681] 3 5589.14044380188s
2022-04-14 16:46:55.909232 (1.0, 100000.0, 19, 10.0, 0.3, 0.322, 2.0, 3) [0.13525435636866454 0.0025610164371799604 0.023673219001700885] 3 4820.280772924423s
2022-04-14 17:50:49.995502 (1.0, 100000.0, 19, 10.0, 0.3, 0.322, 2.0, 3) [0.13758183444543573 0.0031972193126391358 0.021692115400210318] 3 3834.0842905044556s
2022-04-14 18:54:59.073004 (1.0, 100000.0, 19, 10.0, 0.3, 0.322, 2.0, 3) [0.1368526125083107 0.0033036469639233456 0.022270206543499135] 3 3849.0751614570618s
2022-04-14 20:45:27.662021 (1.0, 100000.0, 15, 10.0, 0.3, 0.305, 2.0, 3) [0.20004690652730875 0.004572223278111534 0.01006534679276177] 3 64934.74495053291s
