2021-07-07 20:18:28.005854 (1.0, 600000.0, 6, 16.0, 0.3, 0.77, 2.0, 3) [0.429499540492673 0.0022541110391928153 0.024143454250999567] 1
2021-07-07 20:20:31.756633 (1.0, 600000.0, 6, 16.0, 0.3, 0.72, 2.0, 3) [0.47031752364585555 0.0024935678968721941 0.014782860583878153] 1
2021-07-07 20:20:58.741950 (1.0, 600000.0, 6, 16.0, 0.3, 0.88, 2.0, 3) [0.36446361917476605 0.0020412469758241732 0.052865425752343653] 1
2021-07-07 20:21:04.383469 (1.0, 600000.0, 6, 16.0, 0.3, 0.89, 2.0, 3) [0.36035934454625407 0.0017944722379272936 0.055635400142338663] 1
2021-07-07 20:21:09.560062 (1.0, 600000.0, 6, 16.0, 0.3, 0.82, 2.0, 3) [0.3983313184151143 0.0025312264667553871 0.035167737523435938] 1
2021-07-07 20:21:37.275077 (1.0, 600000.0, 6, 16.0, 0.3, 0.8, 2.0, 3) [0.4088478121176983 0.0025761215429033336 0.030949016846931871] 1
2021-07-07 20:57:36.917179 (1.0, 600000.0, 6, 16.0, 0.3, 0.78, 2.0, 3) [0.4247158686122014 0.0029433185731497992 0.025612593884211245] 1
2021-07-07 20:57:43.906189 (1.0, 600000.0, 6, 16.0, 0.3, 0.84, 2.0, 3) [0.38710150039132774 0.0018756972137523762 0.040286807960621604] 1
2021-07-07 20:58:06.106936 (1.0, 600000.0, 6, 16.0, 0.3, 0.7, 2.0, 3) [0.48656397050880235 0.0035400937474862641 0.012165937515860578] 1
2021-07-07 20:58:09.386834 (1.0, 600000.0, 6, 16.0, 0.3, 0.85, 2.0, 3) [0.3837255006999141 0.0025120223399319238 0.042061098825272071] 1
2021-07-07 20:58:10.497238 (1.0, 600000.0, 6, 16.0, 0.3, 0.81, 2.0, 3) [0.4039892379517577 0.0022061372976981213 0.032830512126501482] 1
2021-07-07 20:58:12.559280 (1.0, 600000.0, 6, 16.0, 0.3, 0.83, 2.0, 3) [0.39365293167862075 0.0033405346425376316 0.037254534301274719] 1
2021-07-07 20:58:15.677616 (1.0, 600000.0, 6, 16.0, 0.3, 0.71, 2.0, 3) [0.4788240977540987 0.0047342386358257436 0.013355036359041958] 1
2021-07-07 20:58:32.767932 (1.0, 600000.0, 6, 16.0, 0.3, 0.86, 2.0, 3) [0.37742333410803147 0.0037892276258360176 0.045415749222422468] 1
2021-07-08 00:06:32.299099 (1.0, 600000.0, 6, 16.0, 0.3, 0.73, 2.0, 3) [0.46080771281221283 0.0025710064219584459 0.016573912836712001] 1
2021-07-08 00:07:13.869110 (1.0, 600000.0, 6, 16.0, 0.3, 0.79, 2.0, 3) [0.4187095638030641 0.0021476807744847158 0.027517789590007308] 1
2021-07-08 00:07:35.033110 (1.0, 600000.0, 6, 16.0, 0.3, 0.75, 2.0, 3) [0.4474117644659113 0.0026949278410089497 0.019488173901933754] 1
2021-07-08 00:08:31.765149 (1.0, 600000.0, 6, 16.0, 0.3, 0.74, 2.0, 3) [0.45361944184047087 0.0022598610338976904 0.018086675895100594] 1
2021-07-08 00:08:54.883017 (1.0, 600000.0, 6, 16.0, 0.3, 0.9, 2.0, 3) [0.357222231576516 0.0022878278747605245 0.057858566028636517] 1
2021-07-08 00:09:02.415379 (1.0, 600000.0, 6, 16.0, 0.3, 0.76, 2.0, 3) [0.440093775121349 0.0024671494085513122 0.021303191679214854] 1
2021-07-08 00:09:03.069604 (1.0, 600000.0, 6, 16.0, 0.3, 0.87, 2.0, 3) [0.37039481614606956 0.0028680445870142937 0.049225521736429502] 1
2021-07-08 00:48:38.486615 (1.0, 600000.0, 7, 16.0, 0.3, 0.72, 2.0, 3) [0.41144513187740644 0.0014654264261803633 0.013098931884900834] 1
2021-07-08 00:48:54.836584 (1.0, 600000.0, 7, 16.0, 0.3, 0.7, 2.0, 3) [0.42765090082247864 0.0033341147605909782 0.01044747321555837] 1
2021-07-08 00:49:13.374126 (1.0, 600000.0, 7, 16.0, 0.3, 0.74, 2.0, 3) [0.39406431501279704 0.0016904195753952036 0.016718842866251717] 1
2021-07-08 00:49:19.758385 (1.0, 600000.0, 7, 16.0, 0.3, 0.76, 2.0, 3) [0.3813087910306574 0.0025828640972228719 0.020011118511541783] 1
2021-07-08 00:49:24.980584 (1.0, 600000.0, 7, 16.0, 0.3, 0.83, 2.0, 3) [0.33869234958301997 0.0020751930962631111 0.03642386997677019] 1
2021-07-08 00:49:28.792744 (1.0, 600000.0, 7, 16.0, 0.3, 0.85, 2.0, 3) [0.32646067826345726 0.0024447622186625998 0.043168297559750018] 1
2021-07-08 00:49:29.426645 (1.0, 600000.0, 7, 16.0, 0.3, 0.87, 2.0, 3) [0.3150377993838847 0.0026694050882992157 0.050582046578072991] 1
2021-07-08 00:49:41.769183 (1.0, 600000.0, 7, 16.0, 0.3, 0.82, 2.0, 3) [0.3426461805478601 0.0021038074638221158 0.034381995252819791] 1
2021-07-08 00:49:43.417507 (1.0, 600000.0, 7, 16.0, 0.3, 0.78, 2.0, 3) [0.3652955412850025 0.0038894231832654275 0.025006292880794416] 1
2021-07-08 00:49:54.719939 (1.0, 600000.0, 7, 16.0, 0.3, 0.88, 2.0, 3) [0.3111255270793755 0.0017542381432808156 0.05360183001662757] 1
2021-07-08 01:04:37.884520 (1.0, 600000.0, 8, 16.0, 0.3, 0.84, 2.0, 3) [0.2897709342539281 0.0020519835999686224 0.040305778887811207] 1
2021-07-08 01:04:46.022425 (1.0, 600000.0, 8, 16.0, 0.3, 0.76, 2.0, 3) [0.3357348726879685 0.0021575895132437441 0.019252380593755874] 1
2021-07-08 01:04:49.668718 (1.0, 600000.0, 8, 16.0, 0.3, 0.7, 2.0, 3) [0.37889408809452124 0.0016285736825017111 0.0096437651523129646] 1
2021-07-08 01:04:54.527411 (1.0, 600000.0, 8, 16.0, 0.3, 0.75, 2.0, 3) [0.34350025613898155 0.002694680544287946 0.017027966088306777] 1
2021-07-08 01:05:03.651329 (1.0, 600000.0, 8, 16.0, 0.3, 0.86, 2.0, 3) [0.280113575466977 0.0033220459549516486 0.04705523360440194] 1
2021-07-08 01:05:05.166360 (1.0, 600000.0, 8, 16.0, 0.3, 0.72, 2.0, 3) [0.36345525921348903 0.0021428459771615951 0.012354669981385409] 1
2021-07-08 01:05:06.769452 (1.0, 600000.0, 8, 16.0, 0.3, 0.88, 2.0, 3) [0.2705063069484589 0.0021201577192298754 0.05476222119568095] 1
2021-07-08 01:05:07.125571 (1.0, 600000.0, 8, 16.0, 0.3, 0.79, 2.0, 3) [0.3155013554997679 0.0028153434248558182 0.026640036704466376] 1
2021-07-08 01:05:19.933578 (1.0, 600000.0, 8, 16.0, 0.3, 0.81, 2.0, 3) [0.3029036822018488 0.0018298942893171842 0.032581324599560382] 1
2021-07-08 03:55:18.320818 (1.0, 600000.0, 8, 16.0, 0.3, 0.87, 2.0, 3) [0.27423387644752023 0.0014921870794171468 0.051589769905380105] 1
2021-07-08 03:55:37.637697 (1.0, 600000.0, 8, 16.0, 0.3, 0.71, 2.0, 3) [0.3735849996682599 0.0033554615976304782 0.010515847832000033] 1
2021-07-08 03:56:02.444872 (1.0, 600000.0, 8, 16.0, 0.3, 0.9, 2.0, 3) [0.2627964598327662 0.0014786273509169829 0.062149346535588831] 1
2021-07-08 03:56:27.832676 (1.0, 600000.0, 8, 16.0, 0.3, 0.74, 2.0, 3) [0.3479076354590244 0.0017038446887832391 0.015844433661781093] 1
2021-07-08 06:53:28.484239 (1.0, 600000.0, 9, 16.0, 0.3, 0.78, 2.0, 3) [0.2870089824089642 0.0035869440440561306 0.023582225847752065] 1
2021-07-08 07:40:01.511017 (1.0, 600000.0, 8, 16.0, 0.3, 0.82, 2.0, 3) [0.3018747804361184 0.0027647983028699936 0.033223538227186017] 1
2021-07-08 07:40:30.287401 (1.0, 600000.0, 8, 16.0, 0.3, 0.83, 2.0, 3) [0.2937822876435975 0.0017924301330785458 0.037699904427786625] 1
2021-07-08 07:40:34.911021 (1.0, 600000.0, 8, 16.0, 0.3, 0.77, 2.0, 3) [0.3282365295110133 0.001791251090572222 0.021730958565000871] 1
2021-07-08 07:40:56.927533 (1.0, 600000.0, 8, 16.0, 0.3, 0.78, 2.0, 3) [0.32281766493508757 0.0025076695148007425 0.023684048088317585] 1
2021-07-08 07:41:25.829659 (1.0, 600000.0, 8, 16.0, 0.3, 0.8, 2.0, 3) [0.31270566365031494 0.0032994076481012062 0.02790506862884801] 1
2021-07-08 07:41:48.228710 (1.0, 600000.0, 8, 16.0, 0.3, 0.73, 2.0, 3) [0.3540418343557674 0.002899134862434957 0.014352276982943918] 1
2021-07-08 07:41:54.260817 (1.0, 600000.0, 8, 16.0, 0.3, 0.85, 2.0, 3) [0.28065216765423145 0.0021356056952411356 0.046430304370908775] 1
2021-07-08 07:41:58.735050 (1.0, 600000.0, 8, 16.0, 0.3, 0.89, 2.0, 3) [0.2674422788538717 0.0015830977395024442 0.057660541471854274] 1
2021-07-08 08:01:26.142105 (1.0, 600000.0, 9, 16.0, 0.3, 0.7, 2.0, 3) [0.3420608002108882 0.0026521317085056164 0.0087546626256060321] 1
2021-07-08 08:01:46.664630 (1.0, 600000.0, 9, 16.0, 0.3, 0.81, 2.0, 3) [0.2693643287125766 0.0017615646626543049 0.032380154844278794] 1
2021-07-08 08:04:20.166533 (1.0, 600000.0, 9, 16.0, 0.3, 0.77, 2.0, 3) [0.2936977403997328 0.0021463917209847316 0.020932490877440368] 1
2021-07-08 08:04:28.918533 (1.0, 600000.0, 9, 16.0, 0.3, 0.86, 2.0, 3) [0.24570375971935926 0.001335088250939052 0.049656968343861206] 1
2021-07-08 08:14:24.185644 (1.0, 600000.0, 9, 16.0, 0.3, 0.73, 2.0, 3) [0.3209443520921573 0.0028701131007495147 0.012811587875747035] 1
2021-07-08 08:15:02.070237 (1.0, 600000.0, 9, 16.0, 0.3, 0.82, 2.0, 3) [0.2648065320153238 0.0014252543550841226 0.035198313774035254] 1
2021-07-08 08:15:17.030557 (1.0, 600000.0, 9, 16.0, 0.3, 0.87, 2.0, 3) [0.24238892953992391 0.002931176235950067 0.052792803269628492] 1
2021-07-08 08:15:35.815181 (1.0, 600000.0, 9, 16.0, 0.3, 0.9, 2.0, 3) [0.23103764094430299 0.0021354830618762642 0.064779745497044253] 1
2021-07-08 08:18:50.291569 (1.0, 600000.0, 9, 16.0, 0.3, 0.74, 2.0, 3) [0.3147445777564296 0.0019166411271388838 0.014335306091716037] 1
2021-07-08 08:19:02.225344 (1.0, 600000.0, 9, 16.0, 0.3, 0.89, 2.0, 3) [0.233702603340346 0.0020363816317245905 0.061571156622173072] 1
2021-07-08 08:19:03.276521 (1.0, 600000.0, 9, 16.0, 0.3, 0.88, 2.0, 3) [0.23795736194990574 0.0027216565739554576 0.057027916122339851] 1
2021-07-08 08:19:04.525694 (1.0, 600000.0, 9, 16.0, 0.3, 0.75, 2.0, 3) [0.3068563818554929 0.0029002599230840646 0.016525566748845793] 1
2021-07-08 08:26:35.368197 (1.0, 600000.0, 9, 16.0, 0.3, 0.72, 2.0, 3) [0.3298521309464229 0.0018957609933798717 0.010917573029790023] 1
2021-07-08 08:26:49.608939 (1.0, 600000.0, 9, 16.0, 0.3, 0.84, 2.0, 3) [0.2541488975141182 0.0013423525444119686 0.042626276766731058] 1
2021-07-08 08:28:47.906211 (1.0, 600000.0, 9, 16.0, 0.3, 0.8, 2.0, 3) [0.2766790150660662 0.0017507290092212001 0.028445632303670712] 1
2021-07-08 08:28:51.580879 (1.0, 600000.0, 9, 16.0, 0.3, 0.71, 2.0, 3) [0.3335185399895764 0.0044958534338169973 0.010201111025430906] 1
2021-07-08 08:48:04.555201 (1.0, 600000.0, 9, 16.0, 0.3, 0.83, 2.0, 3) [0.2578368018570294 0.0018337117469958771 0.039829560029558828] 1
2021-07-08 08:48:25.165911 (1.0, 600000.0, 9, 16.0, 0.3, 0.79, 2.0, 3) [0.28075485144802076 0.0024321126933114674 0.02639329458378465] 1
2021-07-08 09:07:00.423522 (1.0, 600000.0, 9, 16.0, 0.3, 0.76, 2.0, 3) [0.29745989256218514 0.0023827305070267509 0.019515974491801071] 1
2021-07-08 09:07:58.511337 (1.0, 600000.0, 9, 16.0, 0.3, 0.85, 2.0, 3) [0.24931710483762218 0.0016400159699689926 0.046400275147502522] 1
2021-07-08 09:13:27.763475 (1.0, 600000.0, 10, 16.0, 0.3, 0.73, 2.0, 3) [0.28909051757806936 0.0024241453156499046 0.012697721964493831] 1
2021-07-08 09:14:22.734075 (1.0, 600000.0, 10, 16.0, 0.3, 0.72, 2.0, 3) [0.29910876402344555 0.0020066056662073908 0.010409471927915585] 1
2021-07-08 09:14:31.061728 (1.0, 600000.0, 10, 16.0, 0.3, 0.75, 2.0, 3) [0.27779990965387813 0.0022645374902628096 0.015934972178200904] 1
2021-07-08 10:44:23.453625 (1.0, 600000.0, 10, 16.0, 0.3, 0.86, 2.0, 3) [0.2177244454798166 0.001957484045031742 0.05279885301239369] 1
2021-07-08 10:44:46.645192 (1.0, 600000.0, 10, 16.0, 0.3, 0.9, 2.0, 3) [0.20510927890975467 0.0010162368955279279 0.068279033188670818] 1
2021-07-08 10:46:47.368323 (1.0, 600000.0, 10, 16.0, 0.3, 0.74, 2.0, 3) [0.28300052074568666 0.0018176386622397731 0.014368567548724849] 1
2021-07-08 10:47:09.176434 (1.0, 600000.0, 10, 16.0, 0.3, 0.85, 2.0, 3) [0.22089280759798208 0.0027661737402452009 0.049526211212063687] 1
2021-07-08 10:48:42.113636 (1.0, 600000.0, 10, 16.0, 0.3, 0.88, 2.0, 3) [0.2107398101599604 0.0018603725619120175 0.060847863417256051] 1
2021-07-08 10:49:01.834441 (1.0, 600000.0, 10, 16.0, 0.3, 0.77, 2.0, 3) [0.2653071281719679 0.0023336861213862879 0.02049584266830537] 1
2021-07-08 10:50:49.066159 (1.0, 600000.0, 10, 16.0, 0.3, 0.79, 2.0, 3) [0.25408121754898016 0.0025440195466231996 0.025632376939115995] 1
2021-07-08 10:51:17.594648 (1.0, 600000.0, 10, 16.0, 0.3, 0.84, 2.0, 3) [0.22856330550644352 0.0015979567266328255 0.042668036149582832] 1
2021-07-08 10:51:30.456082 (1.0, 600000.0, 10, 16.0, 0.3, 0.89, 2.0, 3) [0.20679313907633326 0.0023911282119283028 0.065810092856597835] 1
2021-07-08 10:51:48.444574 (1.0, 600000.0, 10, 16.0, 0.3, 0.8, 2.0, 3) [0.24795864579883262 0.0030849355764113713 0.028986787763568663] 1
2021-07-08 10:52:14.638018 (1.0, 600000.0, 10, 16.0, 0.3, 0.78, 2.0, 3) [0.25907200623304805 0.0013981428202740668 0.023191883728973309] 1
2021-07-08 10:52:25.385596 (1.0, 600000.0, 10, 16.0, 0.3, 0.87, 2.0, 3) [0.21513372662770677 0.0014300985587586855 0.0557428333546513] 1
2021-07-08 10:52:34.931088 (1.0, 600000.0, 10, 16.0, 0.3, 0.7, 2.0, 3) [0.3130379500124812 0.0019512486683470722 0.0078687119285761522] 1
2021-07-08 10:52:36.222227 (1.0, 600000.0, 10, 16.0, 0.3, 0.81, 2.0, 3) [0.24251421123933245 0.0022996942324879986 0.032237727268035483] 1
2021-07-08 11:12:19.925341 (1.0, 600000.0, 11, 16.0, 0.3, 0.81, 2.0, 3) [0.21795913041971265 0.0020919957353500167 0.033987831693180065] 1
2021-07-08 11:12:23.996455 (1.0, 600000.0, 11, 16.0, 0.3, 0.86, 2.0, 3) [0.1959837377518291 0.0012920609795249837 0.054953312671822928] 1
2021-07-08 11:12:26.848411 (1.0, 600000.0, 11, 16.0, 0.3, 0.88, 2.0, 3) [0.18964566437008043 0.002126741735737416 0.06324411463576482] 1
2021-07-08 11:12:29.602889 (1.0, 600000.0, 11, 16.0, 0.3, 0.71, 2.0, 3) [0.28084361408784697 0.0039452237064144966 0.0085385728940838256] 1
2021-07-08 11:12:50.328068 (1.0, 600000.0, 11, 16.0, 0.3, 0.77, 2.0, 3) [0.23910859424430259 0.0024647806606178523 0.021328057873031259] 1
2021-07-08 11:12:52.552919 (1.0, 600000.0, 11, 16.0, 0.3, 0.8, 2.0, 3) [0.22529563828750498 0.0023335043981401338 0.028975749447983895] 1
2021-07-08 11:12:57.775776 (1.0, 600000.0, 11, 16.0, 0.3, 0.82, 2.0, 3) [0.2118361507797573 0.0015791207031321446 0.038765440197986868] 1
2021-07-08 11:13:07.505225 (1.0, 600000.0, 7, 16.0, 0.3, 0.79, 2.0, 3) [0.3602602084631002 0.0017452100388746091 0.026833804987033655] 1
2021-07-08 11:13:17.040063 (1.0, 600000.0, 11, 16.0, 0.3, 0.7, 2.0, 3) [0.28691040380923005 0.0020142840620718068 0.0074609585809641667] 1
2021-07-08 11:13:30.756089 (1.0, 600000.0, 11, 16.0, 0.3, 0.74, 2.0, 3) [0.2609417711365381 0.001338784899023491 0.013232096284778066] 1
2021-07-08 11:13:42.331332 (1.0, 600000.0, 11, 16.0, 0.3, 0.83, 2.0, 3) [0.21016352887357043 0.0012959130686205874 0.040355590682333166] 1
2021-07-08 11:15:17.521667 (1.0, 600000.0, 7, 16.0, 0.3, 0.86, 2.0, 3) [0.3202764255726854 0.0028448882656868318 0.047083820699892497] 1
2021-07-08 11:17:43.946382 (1.0, 600000.0, 7, 16.0, 0.3, 0.77, 2.0, 3) [0.3743449908784101 0.0013378469091109111 0.02206642835056128] 1
2021-07-08 11:20:06.153306 (1.0, 600000.0, 7, 16.0, 0.3, 0.73, 2.0, 3) [0.40577422637337246 0.0034627318791608155 0.014217003311844851] 1
2021-07-08 11:22:40.059313 (1.0, 600000.0, 7, 16.0, 0.3, 0.84, 2.0, 3) [0.3316845839253714 0.0021519596132621751 0.040171470199736201] 1
2021-07-08 11:22:44.880382 (1.0, 600000.0, 7, 16.0, 0.3, 0.8, 2.0, 3) [0.35359401621129904 0.0025030333840646603 0.029497203235262118] 1
2021-07-08 11:23:23.667808 (1.0, 600000.0, 7, 16.0, 0.3, 0.89, 2.0, 3) [0.3066275820349316 0.0012836159346268576 0.057093450591132779] 1
2021-07-08 11:25:00.949899 (1.0, 600000.0, 7, 16.0, 0.3, 0.75, 2.0, 3) [0.38850325760984017 0.0030673007730150849 0.018073179821886352] 1
2021-07-08 11:25:13.352730 (1.0, 600000.0, 7, 16.0, 0.3, 0.71, 2.0, 3) [0.41791943959848615 0.0021305897798788607 0.011969389359887768] 1
2021-07-08 11:25:51.417368 (1.0, 600000.0, 7, 16.0, 0.3, 0.81, 2.0, 3) [0.346439167497204 0.002311808389724208 0.032568483677571779] 1
2021-07-08 11:27:13.823844 (1.0, 600000.0, 7, 16.0, 0.3, 0.9, 2.0, 3) [0.30254142264619166 0.0014555237452236088 0.060488815297210362] 1
2021-07-08 14:01:33.374449 (1.0, 600000.0, 10, 16.0, 0.3, 0.76, 2.0, 3) [0.2698628208232902 0.0021825746380368339 0.01867598508397245] 1
2021-07-08 14:02:12.285832 (1.0, 600000.0, 10, 16.0, 0.3, 0.83, 2.0, 3) [0.23189782389851532 0.0031397112488281494 0.039876976856871901] 1
2021-07-08 14:03:55.105128 (1.0, 600000.0, 10, 16.0, 0.3, 0.82, 2.0, 3) [0.23780788904509484 0.0022451608590426234 0.035503065218292482] 1
2021-07-08 14:04:28.265422 (1.0, 600000.0, 10, 16.0, 0.3, 0.71, 2.0, 3) [0.3050046762538816 0.0023634558659970995 0.0092416504243293483] 1
2021-07-08 14:19:45.500010 (1.0, 600000.0, 12, 16.0, 0.3, 0.73, 2.0, 3) [0.2448149433102879 0.0035977911670397131 0.011522894481354917] 1
2021-07-08 14:20:55.180049 (1.0, 600000.0, 12, 16.0, 0.3, 0.79, 2.0, 3) [0.20934366983891373 0.0020717675394781869 0.026994669861314997] 1
2021-07-08 17:05:01.644792 (1.0, 600000.0, 12, 16.0, 0.3, 0.72, 2.0, 3) [0.25047297440335153 0.0012882959613092406 0.01004704283189394] 1
2021-07-08 17:06:23.614968 (1.0, 600000.0, 12, 16.0, 0.3, 0.89, 2.0, 3) [0.1684468106636821 0.0013388696664254132 0.071791846424556702] 1
2021-07-08 17:07:05.374603 (1.0, 600000.0, 12, 16.0, 0.3, 0.82, 2.0, 3) [0.19426063426604398 0.0020760623490598566 0.038682701610152539] 1
2021-07-08 17:08:13.443978 (1.0, 600000.0, 12, 16.0, 0.3, 0.83, 2.0, 3) [0.18950626308197593 0.0025645464191174582 0.043310455031799373] 1
2021-07-08 17:10:39.028300 (1.0, 600000.0, 12, 16.0, 0.3, 0.9, 2.0, 3) [0.16424135029403078 0.0013714241308508009 0.079139887913781182] 1
2021-07-08 17:11:05.774599 (1.0, 600000.0, 12, 16.0, 0.3, 0.78, 2.0, 3) [0.21497130922928892 0.0024284627286018309 0.023572309164830673] 1
2021-07-08 17:13:24.502367 (1.0, 600000.0, 12, 16.0, 0.3, 0.85, 2.0, 3) [0.18196407519105443 0.0031640532145174147 0.051986151745380585] 1
2021-07-08 17:19:48.379248 (1.0, 600000.0, 12, 16.0, 0.3, 0.75, 2.0, 3) [0.23073649744050315 0.0037437503112265559 0.016145383539566592] 1
2021-07-08 17:20:25.981981 (1.0, 600000.0, 12, 16.0, 0.3, 0.8, 2.0, 3) [0.20230046933839613 0.002321734988563006 0.031874116243327463] 1
2021-07-08 17:23:56.932295 (1.0, 600000.0, 12, 16.0, 0.3, 0.86, 2.0, 3) [0.17763586674055915 0.0020444586552881478 0.05753308909465317] 1
2021-07-08 17:27:10.352830 (1.0, 600000.0, 12, 16.0, 0.3, 0.81, 2.0, 3) [0.19863071205306526 0.0018978477279601234 0.034809759763892251] 1
2021-07-08 17:27:48.241294 (1.0, 600000.0, 12, 16.0, 0.3, 0.84, 2.0, 3) [0.18539671820340772 0.0024586424637673436 0.047798622902769483] 1
2021-07-08 17:38:40.094275 (1.0, 600000.0, 12, 16.0, 0.3, 0.88, 2.0, 3) [0.17119242716619865 0.0012340482384251951 0.067178709853533178] 1
2021-07-08 17:38:47.663190 (1.0, 600000.0, 12, 16.0, 0.3, 0.76, 2.0, 3) [0.2248297517529627 0.0021075933245641738 0.018602622787295617] 1
2021-07-08 17:40:17.439474 (1.0, 600000.0, 12, 16.0, 0.3, 0.7, 2.0, 3) [0.26787428934026947 0.0016137101842297736 0.0066413695717719348] 1
2021-07-08 17:40:45.604169 (1.0, 600000.0, 12, 16.0, 0.3, 0.77, 2.0, 3) [0.21903274536592798 0.0018113342361001409 0.02139022324221021] 1
2021-07-08 17:49:10.284907 (1.0, 600000.0, 13, 16.0, 0.3, 0.78, 2.0, 3) [0.1960291305426273 0.0016276085419802187 0.025038656982725258] 1
2021-07-08 20:35:35.129562 (1.0, 600000.0, 12, 16.0, 0.3, 0.71, 2.0, 3) [0.2595706828875411 0.0014909406862981948 0.0080947111493751278] 1
2021-07-08 20:51:49.315154 (1.0, 600000.0, 12, 16.0, 0.3, 0.87, 2.0, 3) [0.17350021074515545 0.0016584706181629386 0.063376418456638939] 1
2021-07-08 20:53:53.900109 (1.0, 600000.0, 12, 16.0, 0.3, 0.74, 2.0, 3) [0.23847838714913513 0.0015942793021297918 0.01342746730933987] 1
2021-07-08 21:38:08.469721 (1.0, 600000.0, 13, 16.0, 0.3, 0.79, 2.0, 3) [0.19352720596371206 0.0022618488854695739 0.02674862558612635] 1
2021-07-08 21:38:21.486387 (1.0, 600000.0, 13, 16.0, 0.3, 0.9, 2.0, 3) [0.14933178927346072 0.0020276388229209627 0.083659769358214772] 1
2021-07-08 22:06:06.685997 (1.0, 600000.0, 14, 16.0, 0.3, 0.78, 2.0, 3) [0.18194009373983527 0.0015730434630997368 0.025068713832171352] 1
2021-07-08 22:15:24.598647 (1.0, 600000.0, 13, 16.0, 0.3, 0.83, 2.0, 3) [0.1734553591176291 0.0021487185036773515 0.044870308433643341] 1
2021-07-08 22:16:06.734385 (1.0, 600000.0, 13, 16.0, 0.3, 0.86, 2.0, 3) [0.16220628343820068 0.0015407166990575834 0.06006939603734987] 1
2021-07-08 22:17:08.798073 (1.0, 600000.0, 13, 16.0, 0.3, 0.71, 2.0, 3) [0.24130201802098833 0.0024874246575222613 0.0077330512129093745] 1
2021-07-08 22:17:58.977429 (1.0, 600000.0, 13, 16.0, 0.3, 0.73, 2.0, 3) [0.22774164240904873 0.0021714189769526087 0.01100870122117629] 1
2021-07-08 22:18:20.079970 (1.0, 600000.0, 13, 16.0, 0.3, 0.88, 2.0, 3) [0.15387681849520526 0.0023980720559764615 0.07437058504512406] 1
2021-07-08 22:19:07.544100 (1.0, 600000.0, 13, 16.0, 0.3, 0.81, 2.0, 3) [0.1829357184471516 0.0014937942484111752 0.035200838358207309] 1
2021-07-08 22:22:22.921606 (1.0, 600000.0, 13, 16.0, 0.3, 0.72, 2.0, 3) [0.2351403144666935 0.0017687674811140046 0.0090789166437586031] 1
2021-07-08 22:22:36.354589 (1.0, 600000.0, 13, 16.0, 0.3, 0.7, 2.0, 3) [0.24913006805128765 0.0015222620448643422 0.0063094292972063646] 1
2021-07-08 22:22:41.092426 (1.0, 600000.0, 13, 16.0, 0.3, 0.76, 2.0, 3) [0.2081836801746946 0.00331765987464971 0.018287452111439721] 1
2021-07-08 22:23:09.102399 (1.0, 600000.0, 13, 16.0, 0.3, 0.74, 2.0, 3) [0.2208099693594834 0.0021533876652474362 0.013169831019197281] 1
2021-07-08 22:23:33.527903 (1.0, 600000.0, 13, 16.0, 0.3, 0.75, 2.0, 3) [0.21548971073299533 0.001594319101172936 0.015128692738051149] 1
2021-07-08 22:24:05.805229 (1.0, 600000.0, 13, 16.0, 0.3, 0.82, 2.0, 3) [0.17642037882486916 0.0022016746385453124 0.041549742792669188] 1
2021-07-08 22:24:48.745075 (1.0, 600000.0, 13, 16.0, 0.3, 0.87, 2.0, 3) [0.1589343471227961 0.0016388711416992757 0.065545090829446345] 1
2021-07-08 22:24:49.557320 (1.0, 600000.0, 13, 16.0, 0.3, 0.8, 2.0, 3) [0.18646051654047088 0.0022879983834601337 0.032080465832991539] 1
2021-07-08 22:25:43.818930 (1.0, 600000.0, 13, 16.0, 0.3, 0.89, 2.0, 3) [0.1537645526844152 0.0021838705389757699 0.07489646565560272] 1
2021-07-08 22:26:14.712864 (1.0, 600000.0, 13, 16.0, 0.3, 0.85, 2.0, 3) [0.16514513712716838 0.0023225372934918419 0.055641994863815158] 1
2021-07-08 22:30:03.111488 (1.0, 600000.0, 13, 16.0, 0.3, 0.77, 2.0, 3) [0.20312610822538932 0.0017579942269469345 0.020836756661568024] 1
2021-07-08 22:30:29.615289 (1.0, 600000.0, 13, 16.0, 0.3, 0.84, 2.0, 3) [0.16896434259935647 0.0014928451272493027 0.05039810918540466] 1
2021-07-09 03:17:44.453059 (1.0, 600000.0, 15, 16.0, 0.3, 0.86, 2.0, 3) [0.1360311817297452 0.0016402765742299717 0.068412534077638171] 1
2021-07-09 03:17:44.904614 (1.0, 600000.0, 15, 16.0, 0.3, 0.8, 2.0, 3) [0.16026772046754392 0.0014983470232532551 0.033288316799363671] 1
2021-07-09 03:19:47.979386 (1.0, 600000.0, 15, 16.0, 0.3, 0.7, 2.0, 3) [0.2197601654345865 0.0017584900446984129 0.0056087458513502404] 1
2021-07-09 03:34:53.797350 (1.0, 600000.0, 14, 16.0, 0.3, 0.73, 2.0, 3) [0.21199002292519267 0.0012106221101468963 0.010825793563058404] 1
2021-07-09 03:35:11.144968 (1.0, 600000.0, 14, 16.0, 0.3, 0.88, 2.0, 3) [0.1417334425146407 0.0014065662781770612 0.076575642096493937] 1
2021-07-09 03:47:25.804308 (1.0, 600000.0, 14, 16.0, 0.3, 0.87, 2.0, 3) [0.1463016583295682 0.0014132888311572699 0.067785731719160691] 1
2021-07-09 03:48:07.553125 (1.0, 600000.0, 14, 16.0, 0.3, 0.83, 2.0, 3) [0.15729560664082462 0.0014244641577973196 0.049663000261736312] 1
2021-07-09 03:53:47.266582 (1.0, 600000.0, 14, 16.0, 0.3, 0.74, 2.0, 3) [0.20522115365093807 0.0019066866580122065 0.013077227120961189] 1
2021-07-09 03:54:07.100633 (1.0, 600000.0, 14, 16.0, 0.3, 0.72, 2.0, 3) [0.2196997125516233 0.0015580778532509603 0.0087306585111805602] 1
2021-07-09 03:54:28.146832 (1.0, 600000.0, 14, 16.0, 0.3, 0.81, 2.0, 3) [0.16941904569930763 0.001724848248104163 0.035596816462715904] 1
2021-07-09 03:54:46.080578 (1.0, 600000.0, 14, 16.0, 0.3, 0.86, 2.0, 3) [0.1463288178485316 0.0015801120281639359 0.067238770629563571] 1
2021-07-09 03:55:27.561582 (1.0, 600000.0, 14, 16.0, 0.3, 0.76, 2.0, 3) [0.19420817207931831 0.0026576781175292174 0.017811409231833573] 1
2021-07-09 03:56:59.409510 (1.0, 600000.0, 14, 16.0, 0.3, 0.82, 2.0, 3) [0.16261797136607717 0.0013465509284566269 0.042889884939505636] 1
2021-07-09 03:58:19.473875 (1.0, 600000.0, 14, 16.0, 0.3, 0.84, 2.0, 3) [0.1548147934412051 0.0011900814326679598 0.053281588945146667] 1
2021-07-09 03:58:56.978719 (1.0, 600000.0, 14, 16.0, 0.3, 0.89, 2.0, 3) [0.13956238920677358 0.0025009934814042285 0.081465785527545909] 1
2021-07-09 03:59:26.089882 (1.0, 600000.0, 14, 16.0, 0.3, 0.71, 2.0, 3) [0.2269185591439704 0.0021032730894138814 0.0071321454296430376] 1
2021-07-09 03:59:57.905510 (1.0, 600000.0, 14, 16.0, 0.3, 0.85, 2.0, 3) [0.15223570845752477 0.0021696499204711351 0.057278020318521444] 1
2021-07-09 04:04:04.835221 (1.0, 600000.0, 14, 16.0, 0.3, 0.75, 2.0, 3) [0.1989849455434296 0.0023776071008550499 0.015567242120241671] 1
2021-07-09 04:04:38.083494 (1.0, 600000.0, 14, 16.0, 0.3, 0.9, 2.0, 3) [0.1371505724791668 0.0012745607480081607 0.087219724230696474] 1
2021-07-09 04:10:04.676840 (1.0, 600000.0, 14, 16.0, 0.3, 0.7, 2.0, 3) [0.23467682565967474 0.002689304331182505 0.0057426991677136281] 1
2021-07-09 04:10:14.315658 (1.0, 600000.0, 14, 16.0, 0.3, 0.77, 2.0, 3) [0.18714362029952644 0.0027176123318994618 0.021659159175199994] 1
2021-07-09 04:10:47.576231 (1.0, 600000.0, 14, 16.0, 0.3, 0.79, 2.0, 3) [0.17604973864952383 0.0022057222446854857 0.029512550016056328] 1
2021-07-09 04:11:07.808118 (1.0, 600000.0, 14, 16.0, 0.3, 0.8, 2.0, 3) [0.17399833982632837 0.0028362423786504505 0.031297926311876972] 1
2021-07-09 06:51:01.906309 (1.0, 600000.0, 16, 16.0, 0.3, 0.88, 2.0, 3) [0.12201092546218098 0.0010150995569261191 0.081306177039826844] 1
2021-07-09 07:21:58.773550 (1.0, 600000.0, 16, 16.0, 0.3, 0.71, 2.0, 3) [0.19892450739889508 0.0025814256202302778 0.0070268841811782744] 1
2021-07-09 09:44:26.914997 (1.0, 600000.0, 15, 16.0, 0.3, 0.75, 2.0, 3) [0.18495214864185638 0.0024007584760323375 0.015903361350280382] 1
2021-07-09 09:45:17.654902 (1.0, 600000.0, 15, 16.0, 0.3, 0.87, 2.0, 3) [0.1345155089337683 0.0025147324387451995 0.071645539628759539] 1
2021-07-09 09:57:52.743001 (1.0, 600000.0, 15, 16.0, 0.3, 0.83, 2.0, 3) [0.14631208344322505 0.0017490468788221056 0.050314449831776652] 1
2021-07-09 09:58:00.291221 (1.0, 600000.0, 15, 16.0, 0.3, 0.79, 2.0, 3) [0.16407097881144478 0.0015399225202670048 0.029686085126622044] 1
2021-07-09 09:58:18.500236 (1.0, 600000.0, 15, 16.0, 0.3, 0.77, 2.0, 3) [0.17459482968579657 0.0014004916555915784 0.02169450090786789] 1
2021-07-09 09:58:38.884202 (1.0, 600000.0, 15, 16.0, 0.3, 0.88, 2.0, 3) [0.12907015235322938 0.0015344507084409508 0.083803110138839065] 1
2021-07-09 10:10:44.218736 (1.0, 600000.0, 15, 16.0, 0.3, 0.78, 2.0, 3) [0.16960395209048296 0.0024517906467108872 0.025173137978857618] 1
2021-07-09 10:11:43.677694 (1.0, 600000.0, 15, 16.0, 0.3, 0.85, 2.0, 3) [0.13874690119328298 0.0021819769699503891 0.062977356730010883] 1
2021-07-09 10:16:15.160819 (1.0, 600000.0, 15, 16.0, 0.3, 0.9, 2.0, 3) [0.12443049095363655 0.0023449247470703266 0.096349904252811411] 1
2021-07-09 10:16:38.356082 (1.0, 600000.0, 15, 16.0, 0.3, 0.76, 2.0, 3) [0.17934598805633306 0.0022093699350081513 0.018823690340161667] 1
2021-07-09 10:18:56.339421 (1.0, 600000.0, 15, 16.0, 0.3, 0.72, 2.0, 3) [0.20490035416045002 0.0023420407757735982 0.0087653837172523685] 1
2021-07-09 10:19:33.280777 (1.0, 600000.0, 15, 16.0, 0.3, 0.89, 2.0, 3) [0.12758641284990668 0.001536044771639443 0.087902608383795308] 1
2021-07-09 11:17:18.382225 (1.0, 600000.0, 11, 16.0, 0.3, 0.79, 2.0, 3) [0.22831900477164097 0.0027472190248373253 0.027058934815192174] 1
2021-07-09 11:21:35.097562 (1.0, 600000.0, 11, 16.0, 0.3, 0.87, 2.0, 3) [0.19400813252864263 0.0015180500651468831 0.05755913749512423] 1
2021-07-09 11:26:31.579243 (1.0, 600000.0, 11, 16.0, 0.3, 0.75, 2.0, 3) [0.2528619235191282 0.0017404390373335049 0.015794492352447488] 1
2021-07-09 11:30:11.930827 (1.0, 600000.0, 11, 16.0, 0.3, 0.76, 2.0, 3) [0.24688073959154969 0.0020208977550383407 0.018005468205537382] 1
2021-07-09 11:33:48.569851 (1.0, 600000.0, 11, 16.0, 0.3, 0.73, 2.0, 3) [0.2641116573871073 0.0013642465600128477 0.012312792305365815] 1
2021-07-09 11:33:54.944266 (1.0, 600000.0, 11, 16.0, 0.3, 0.84, 2.0, 3) [0.2043217913395113 0.001827503871907605 0.045793879056121589] 1
2021-07-09 11:36:38.975795 (1.0, 600000.0, 11, 16.0, 0.3, 0.9, 2.0, 3) [0.18382868239171052 0.0010344195598028588 0.071955011903980445] 1
2021-07-09 11:39:50.917810 (1.0, 600000.0, 11, 16.0, 0.3, 0.72, 2.0, 3) [0.2738866784458251 0.0023625721803498144 0.0099402448446943206] 1
2021-07-09 11:41:49.131907 (1.0, 600000.0, 11, 16.0, 0.3, 0.89, 2.0, 3) [0.18562487050443538 0.0020610849093219089 0.069045235232566241] 1
2021-07-09 11:42:28.562380 (1.0, 600000.0, 11, 16.0, 0.3, 0.85, 2.0, 3) [0.20141031692203024 0.002642743682362469 0.048888374212894638] 1
2021-07-09 11:42:30.746740 (1.0, 600000.0, 11, 16.0, 0.3, 0.78, 2.0, 3) [0.23565842564830472 0.0016987249433758355 0.02307684042168498] 1
2021-07-09 16:30:18.860428 (1.0, 600000.0, 16, 16.0, 0.3, 0.87, 2.0, 3) [0.12391113232999183 0.0012123156358961071 0.076566797427608191] 1
2021-07-09 16:30:40.125470 (1.0, 600000.0, 16, 16.0, 0.3, 0.74, 2.0, 3) [0.1801704296851057 0.0024094845636273223 0.012801847121947412] 1
2021-07-09 16:33:40.016449 (1.0, 600000.0, 15, 16.0, 0.3, 0.73, 2.0, 3) [0.19906159209805405 0.0021356836942214904 0.010437587517583415] 1
2021-07-09 16:34:59.116970 (1.0, 600000.0, 16, 16.0, 0.3, 0.78, 2.0, 3) [0.15807792131120194 0.0014863499420783445 0.025913665610552351] 1
2021-07-09 16:35:05.379359 (1.0, 600000.0, 16, 16.0, 0.3, 0.82, 2.0, 3) [0.13998435706349815 0.0020779311679601543 0.045998138541534797] 1
2021-07-09 16:35:52.704818 (1.0, 600000.0, 15, 16.0, 0.3, 0.82, 2.0, 3) [0.15117540553165107 0.0017240879971273072 0.043686028407264078] 1
2021-07-09 16:38:16.599267 (1.0, 600000.0, 15, 16.0, 0.3, 0.81, 2.0, 3) [0.15613717921582762 0.0019292908247570838 0.037652773579289214] 1
2021-07-09 16:40:21.601341 (1.0, 600000.0, 16, 16.0, 0.3, 0.8, 2.0, 3) [0.14742067239312798 0.0022813723337528108 0.036331037144695155] 1
2021-07-09 16:40:59.820204 (1.0, 600000.0, 16, 16.0, 0.3, 0.84, 2.0, 3) [0.13295978051117607 0.0014219763188984826 0.057514622207160283] 1
2021-07-09 16:41:12.960459 (1.0, 600000.0, 16, 16.0, 0.3, 0.86, 2.0, 3) [0.1254611590392142 0.0016022792074175793 0.072815646895320801] 1
2021-07-09 16:42:32.894638 (1.0, 600000.0, 16, 16.0, 0.3, 0.79, 2.0, 3) [0.1527230997280016 0.0013883591474383307 0.03074129963291259] 1
2021-07-09 16:42:48.533247 (1.0, 600000.0, 16, 16.0, 0.3, 0.89, 2.0, 3) [0.11820069963116436 0.0016909338144657853 0.09158839705047872] 1
2021-07-09 16:44:31.088150 (1.0, 600000.0, 16, 16.0, 0.3, 0.9, 2.0, 3) [0.11565560005974923 0.0013853372910484112 0.099177198036118033] 1
2021-07-09 16:45:30.473727 (1.0, 600000.0, 16, 16.0, 0.3, 0.83, 2.0, 3) [0.13557919935871407 0.0021670447859361503 0.05289803322642303] 1
2021-07-09 16:45:46.146086 (1.0, 600000.0, 16, 16.0, 0.3, 0.85, 2.0, 3) [0.1283267651760515 0.0013603987519362423 0.066407169060007668] 1
2021-07-09 16:46:09.758344 (1.0, 600000.0, 16, 16.0, 0.3, 0.77, 2.0, 3) [0.1636502996265083 0.0019699351269869213 0.021678106443967136] 1
2021-07-09 16:48:19.221368 (1.0, 600000.0, 16, 16.0, 0.3, 0.7, 2.0, 3) [0.20642969334718556 0.0020214562135318446 0.0055237116414014135] 1
2021-07-09 16:49:05.700448 (1.0, 600000.0, 16, 16.0, 0.3, 0.73, 2.0, 3) [0.1869743927313239 0.0025808786788111488 0.010309460208786283] 1
2021-07-09 16:52:34.467230 (1.0, 600000.0, 16, 16.0, 0.3, 0.75, 2.0, 3) [0.17376592300633711 0.0015071809606064504 0.01570265280452492] 1
2021-07-09 17:36:46.690503 (1.0, 600000.0, 15, 16.0, 0.3, 0.84, 2.0, 3) [0.14315977437327163 0.0018092614072392993 0.055325077485710965] 1
2021-07-09 17:37:35.665646 (1.0, 600000.0, 15, 16.0, 0.3, 0.71, 2.0, 3) [0.21202937578144207 0.0018909333905936531 0.0070756254552614556] 1
2021-07-09 17:42:22.750771 (1.0, 600000.0, 15, 16.0, 0.3, 0.74, 2.0, 3) [0.1923012122601272 0.0015554393404482723 0.012780423280330735] 1
2021-07-10 01:16:53.240653 (1.0, 600000.0, 16, 16.0, 0.3, 0.72, 2.0, 3) [0.19419863328778628 0.0017556764635778799 0.008180005097405376] 1
2021-07-10 01:22:30.766937 (1.0, 600000.0, 16, 16.0, 0.3, 0.76, 2.0, 3) [0.16890472054643127 0.0015046885291834138 0.018353377837664053] 1
2021-07-10 01:26:08.023368 (1.0, 600000.0, 16, 16.0, 0.3, 0.81, 2.0, 3) [0.14364357229762825 0.0015832453811498186 0.040931849799761597] 1
