2021-09-19 15:53:43.097527 (1.0, 500000.0, 6, 2.0, 0.3, 0.45, 6.0, 3) [2.0037387904235766 1.9288462115716904] 1
2021-09-19 15:54:01.466466 (1.0, 500000.0, 6, 2.0, 0.3, 0.6, 6.0, 3) [1.615406647234328 1.9230185467551639] 1
2021-09-19 16:03:54.102696 (1.0, 500000.0, 7, 2.0, 0.3, 0.65, 6.0, 3) [1.4805070051684321 1.9243614154233502] 1
2021-09-19 16:18:11.478205 (1.0, 500000.0, 6, 2.0, 0.3, 0.65, 6.0, 3) [1.4821751145681843 1.9173197073760122] 1
2021-09-19 16:18:21.870640 (1.0, 500000.0, 6, 2.0, 0.3, 0.75, 6.0, 3) [1.2014561379185624 1.9074845202569952] 1
2021-09-19 16:22:13.864102 (1.0, 500000.0, 8, 2.0, 0.3, 0.7, 6.0, 3) [1.3414019080582509 1.9248923240760161] 1
2021-09-19 16:22:23.201803 (1.0, 500000.0, 8, 2.0, 0.3, 0.55, 6.0, 3) [1.7411111935581802 1.9365916161013892] 1
2021-09-19 16:26:56.553507 (1.0, 500000.0, 8, 2.0, 0.3, 0.65, 6.0, 3) [1.4781800784157895 1.9262545911363618] 1
2021-09-19 16:43:28.577929 (1.0, 500000.0, 9, 2.0, 0.3, 0.45, 6.0, 3) [1.9974298776820796 1.9456240872021158] 1
2021-09-19 16:44:13.573746 (1.0, 500000.0, 9, 2.0, 0.3, 0.65, 6.0, 3) [1.4774936666310063 1.9317016911716289] 1
2021-09-19 16:45:02.833228 (1.0, 500000.0, 9, 2.0, 0.3, 0.6, 6.0, 3) [1.6100305924077338 1.9323517948076219] 1
2021-09-19 16:46:50.237877 (1.0, 500000.0, 6, 2.0, 0.3, 0.55, 6.0, 3) [1.7453667807041182 1.9283419460358424] 1
2021-09-19 16:48:49.844937 (1.0, 500000.0, 6, 2.0, 0.3, 0.5, 6.0, 3) [1.874425889193766 1.9279195814064347] 1
2021-09-19 16:49:06.117853 (1.0, 500000.0, 7, 2.0, 0.3, 0.45, 6.0, 3) [2.000956912391188 1.9380873736541775] 1
2021-09-19 16:49:06.397133 (1.0, 500000.0, 7, 2.0, 0.3, 0.55, 6.0, 3) [1.742914545716292 1.9311404043832112] 1
2021-09-19 16:49:17.863521 (1.0, 500000.0, 6, 2.0, 0.3, 0.7, 6.0, 3) [1.3452801660964169 1.9128364457481226] 1
2021-09-19 16:50:57.740251 (1.0, 500000.0, 7, 2.0, 0.3, 0.6, 6.0, 3) [1.6125517114070507 1.927442301278554] 1
2021-09-19 16:51:18.827187 (1.0, 500000.0, 7, 2.0, 0.3, 0.75, 6.0, 3) [1.199331493763765 1.9146034841757582] 1
2021-09-19 16:59:02.294393 (1.0, 500000.0, 7, 2.0, 0.3, 0.5, 6.0, 3) [1.8717729842752402 1.9353564949506388] 1
2021-09-19 16:59:22.036220 (1.0, 500000.0, 7, 2.0, 0.3, 0.7, 6.0, 3) [1.3429419470496071 1.9208904939434024] 1
2021-09-19 17:13:05.974179 (1.0, 500000.0, 10, 2.0, 0.3, 0.5, 6.0, 3) [1.8678801421507283 1.9455695021145036] 1
2021-09-19 17:13:09.391693 (1.0, 500000.0, 10, 2.0, 0.3, 0.45, 6.0, 3) [1.996335177489129 1.9491992849002004] 1
2021-09-19 17:57:12.200186 (1.0, 500000.0, 11, 2.0, 0.3, 0.5, 6.0, 3) [1.867222420365777 1.9470424030726672] 1
2021-09-19 17:57:17.137951 (1.0, 500000.0, 11, 2.0, 0.3, 0.55, 6.0, 3) [1.738454523849476 1.9450872526499798] 1
2021-09-19 17:58:29.914000 (1.0, 500000.0, 11, 2.0, 0.3, 0.45, 6.0, 3) [1.9956894332889579 1.9525052837313954] 1
2021-09-19 18:54:53.500749 (1.0, 500000.0, 12, 2.0, 0.3, 0.6, 6.0, 3) [1.608163463819016 1.9401309710326207] 1
2021-09-19 18:55:48.913017 (1.0, 500000.0, 12, 2.0, 0.3, 0.75, 6.0, 3) [1.1951492374423056 1.9263957934680473] 1
2021-09-19 18:59:00.317898 (1.0, 500000.0, 10, 2.0, 0.3, 0.7, 6.0, 3) [1.3396137310087175 1.9306917297101451] 1
2021-09-19 18:59:12.926953 (1.0, 500000.0, 10, 2.0, 0.3, 0.75, 6.0, 3) [1.1963694692817175 1.9270560782985355] 1
2021-09-19 19:12:07.147533 (1.0, 500000.0, 8, 2.0, 0.3, 0.45, 6.0, 3) [1.9984417110162607 1.9445559763636258] 1
2021-09-19 19:13:41.609755 (1.0, 500000.0, 8, 2.0, 0.3, 0.5, 6.0, 3) [1.8698627569142452 1.9415506848171493] 1
2021-09-19 19:13:45.862181 (1.0, 500000.0, 8, 2.0, 0.3, 0.75, 6.0, 3) [1.1981668471658473 1.9229281065951698] 1
2021-09-19 19:14:12.565953 (1.0, 500000.0, 8, 2.0, 0.3, 0.6, 6.0, 3) [1.610954798985443 1.9308430606019091] 1
2021-09-19 20:20:04.929002 (1.0, 500000.0, 13, 2.0, 0.3, 0.5, 6.0, 3) [1.8661040790584096 1.9514040083800106] 1
2021-09-19 20:24:02.652542 (1.0, 500000.0, 13, 2.0, 0.3, 0.55, 6.0, 3) [1.737565370169517 1.9478906831970999] 1
2021-09-19 20:25:11.483206 (1.0, 500000.0, 13, 2.0, 0.3, 0.7, 6.0, 3) [1.3384459388970955 1.9346022823737179] 1
2021-09-19 20:50:40.706893 (1.0, 500000.0, 10, 2.0, 0.3, 0.65, 6.0, 3) [1.4764648838649017 1.9360263566972669] 1
2021-09-19 20:50:43.607323 (1.0, 500000.0, 10, 2.0, 0.3, 0.6, 6.0, 3) [1.6091083815990825 1.9395390593525355] 1
2021-09-19 20:50:57.707339 (1.0, 500000.0, 10, 2.0, 0.3, 0.55, 6.0, 3) [1.7394531924531977 1.9446211876918935] 1
2021-09-19 21:10:01.107359 (1.0, 500000.0, 9, 2.0, 0.3, 0.75, 6.0, 3) [1.1969729534652747 1.9233555907611253] 1
2021-09-19 21:10:33.819540 (1.0, 500000.0, 9, 2.0, 0.3, 0.5, 6.0, 3) [1.8688172636946194 1.9447253323512474] 1
2021-09-19 21:11:02.612367 (1.0, 500000.0, 9, 2.0, 0.3, 0.55, 6.0, 3) [1.7399701938647023 1.9399901123213628] 1
2021-09-19 21:12:51.789217 (1.0, 500000.0, 9, 2.0, 0.3, 0.7, 6.0, 3) [1.3404319322684926 1.9271668918734903] 1
2021-09-19 21:55:52.491827 (1.0, 500000.0, 14, 2.0, 0.3, 0.65, 6.0, 3) [1.4748811004895388 1.9392563534748877] 1
2021-09-19 21:55:59.584217 (1.0, 500000.0, 14, 2.0, 0.3, 0.55, 6.0, 3) [1.7372144884089025 1.9480791566380324] 1
2021-09-19 21:57:01.182928 (1.0, 500000.0, 14, 2.0, 0.3, 0.75, 6.0, 3) [1.1946936546800633 1.9296097624982924] 1
2021-09-19 22:49:24.554524 (1.0, 500000.0, 12, 2.0, 0.3, 0.55, 6.0, 3) [1.7377781173797333 1.9446272141131073] 1
2021-09-19 22:50:07.677083 (1.0, 500000.0, 12, 2.0, 0.3, 0.7, 6.0, 3) [1.338627831730887 1.9328295685393495] 1
2021-09-20 02:21:06.598527 (1.0, 500000.0, 11, 2.0, 0.3, 0.6, 6.0, 3) [1.608628563961134 1.9427447522299879] 1
2021-09-20 02:22:11.557963 (1.0, 500000.0, 11, 2.0, 0.3, 0.7, 6.0, 3) [1.3390476218489793 1.9316259188553786] 1
2021-09-20 02:22:44.482081 (1.0, 500000.0, 11, 2.0, 0.3, 0.75, 6.0, 3) [1.1953998959542738 1.9247731278169515] 1
2021-09-20 02:23:02.705541 (1.0, 500000.0, 11, 2.0, 0.3, 0.65, 6.0, 3) [1.4758536146055452 1.9360772041359522] 1
2021-09-20 02:26:41.671979 (1.0, 500000.0, 12, 2.0, 0.3, 0.45, 6.0, 3) [1.995376123667727 1.955189045997892] 1
2021-09-20 02:28:31.237941 (1.0, 500000.0, 12, 2.0, 0.3, 0.5, 6.0, 3) [1.8666724645328356 1.9506429482338747] 1
2021-09-20 02:28:49.994320 (1.0, 500000.0, 12, 2.0, 0.3, 0.65, 6.0, 3) [1.4754074510538975 1.9353052307611947] 1
2021-09-20 11:56:47.558102 (1.0, 500000.0, 13, 2.0, 0.3, 0.6, 6.0, 3) [1.6073401005021393 1.9424904909907772] 1
2021-09-20 11:57:45.211131 (1.0, 500000.0, 13, 2.0, 0.3, 0.65, 6.0, 3) [1.4750610356884368 1.9393641864529407] 1
2021-09-20 11:57:49.069611 (1.0, 500000.0, 13, 2.0, 0.3, 0.75, 6.0, 3) [1.1948392672217627 1.9276651629519275] 1
2021-09-20 11:57:59.920885 (1.0, 500000.0, 13, 2.0, 0.3, 0.45, 6.0, 3) [1.9949199376479676 1.9564349847026377] 1