2021-09-16 15:40:35.766180 (1.0, 500000.0, 6, 2.0, 0.3, 0.23, 6.0, 3) [2.592240091746879 1.9502335709095753] 1
2021-09-16 15:40:41.882540 (1.0, 500000.0, 6, 2.0, 0.3, 0.35, 6.0, 3) [2.2647005125921664 1.9380702806621952] 1
2021-09-16 15:49:59.615200 (1.0, 500000.0, 7, 2.0, 0.3, 0.31, 6.0, 3) [2.368321558421951 1.9482837493563023] 1
2021-09-16 15:50:29.411961 (1.0, 500000.0, 7, 2.0, 0.3, 0.19, 6.0, 3) [2.7040138026840967 1.9593201854818754] 1
2021-09-16 16:05:51.208416 (1.0, 500000.0, 8, 2.0, 0.3, 0.23, 6.0, 3) [2.587473847354118 1.9593076809366379] 1
2021-09-16 16:26:40.373173 (1.0, 500000.0, 9, 2.0, 0.3, 0.19, 6.0, 3) [2.700375872213748 1.9664251833424395] 1
2021-09-16 16:27:26.404213 (1.0, 500000.0, 9, 2.0, 0.3, 0.23, 6.0, 3) [2.5862628158346617 1.9647236807245594] 1
2021-09-16 16:54:01.941518 (1.0, 500000.0, 10, 2.0, 0.3, 0.15, 6.0, 3) [2.8177947074892655 1.9736625944583186] 1
2021-09-16 16:55:00.823525 (1.0, 500000.0, 10, 2.0, 0.3, 0.23, 6.0, 3) [2.5848120311313525 1.9668330376912375] 1
2021-09-16 17:00:01.551238 (1.0, 500000.0, 6, 2.0, 0.3, 0.15, 6.0, 3) [2.824116819244811 1.9596786070332259] 1
2021-09-16 17:00:32.029420 (1.0, 500000.0, 6, 2.0, 0.3, 0.27, 6.0, 3) [2.481185018382396 1.9438846767667382] 1
2021-09-16 17:02:54.698130 (1.0, 500000.0, 6, 2.0, 0.3, 0.31, 6.0, 3) [2.3714871519850793 1.9413626231650933] 1
2021-09-16 17:02:55.316623 (1.0, 500000.0, 6, 2.0, 0.3, 0.19, 6.0, 3) [2.7066770049480997 1.9551409138815026] 1
2021-09-16 17:08:01.837100 (1.0, 500000.0, 8, 2.0, 0.3, 0.31, 6.0, 3) [2.366563853257207 1.9551739864829978] 1
2021-09-16 17:08:02.367990 (1.0, 500000.0, 8, 2.0, 0.3, 0.27, 6.0, 3) [2.4756178832947575 1.9555392656935409] 1
2021-09-16 17:41:20.210109 (1.0, 500000.0, 11, 2.0, 0.3, 0.15, 6.0, 3) [2.8169056969698443 1.9734939083629492] 1
2021-09-16 17:42:17.720197 (1.0, 500000.0, 11, 2.0, 0.3, 0.23, 6.0, 3) [2.5839604817105695 1.9698573996724564] 1
2021-09-16 17:52:12.083640 (1.0, 500000.0, 8, 2.0, 0.3, 0.19, 6.0, 3) [2.701641974801242 1.961322751963021] 1
2021-09-16 17:53:10.003371 (1.0, 500000.0, 8, 2.0, 0.3, 0.35, 6.0, 3) [2.259705191598927 1.9509904058903857] 1
2021-09-16 17:53:14.061583 (1.0, 500000.0, 8, 2.0, 0.3, 0.15, 6.0, 3) [2.819894026636593 1.9697323280069012] 1
2021-09-16 17:53:46.688939 (1.0, 500000.0, 7, 2.0, 0.3, 0.15, 6.0, 3) [2.8215895672630493 1.9627176311009749] 1
2021-09-16 17:55:01.928848 (1.0, 500000.0, 7, 2.0, 0.3, 0.27, 6.0, 3) [2.478040640683271 1.9474987457027506] 1
2021-09-16 18:00:25.063406 (1.0, 500000.0, 7, 2.0, 0.3, 0.35, 6.0, 3) [2.261699156964158 1.9417379462850373] 1
2021-09-16 18:01:22.946398 (1.0, 500000.0, 7, 2.0, 0.3, 0.23, 6.0, 3) [2.589446042474917 1.9557141704232246] 1
2021-09-16 18:42:02.166491 (1.0, 500000.0, 12, 2.0, 0.3, 0.19, 6.0, 3) [2.697710046181382 1.9721411171243224] 1
2021-09-16 18:43:47.653152 (1.0, 500000.0, 12, 2.0, 0.3, 0.35, 6.0, 3) [2.255753998616893 1.9612690626220699] 1
2021-09-16 20:11:55.131260 (1.0, 500000.0, 13, 2.0, 0.3, 0.23, 6.0, 3) [2.5826416200341735 1.9708228322890693] 1
2021-09-16 20:17:46.931001 (1.0, 500000.0, 13, 2.0, 0.3, 0.15, 6.0, 3) [2.81563972574757 1.9761408530208038] 1
2021-09-16 20:24:38.965801 (1.0, 500000.0, 9, 2.0, 0.3, 0.15, 6.0, 3) [2.8187123274395054 1.970270365900521] 1
2021-09-16 20:26:38.401173 (1.0, 500000.0, 9, 2.0, 0.3, 0.27, 6.0, 3) [2.47410335445533 1.9638262346893123] 1
2021-09-16 20:55:27.493293 (1.0, 500000.0, 9, 2.0, 0.3, 0.31, 6.0, 3) [2.3657145680551546 1.958190547317876] 1
2021-09-16 20:56:34.432197 (1.0, 500000.0, 9, 2.0, 0.3, 0.35, 6.0, 3) [2.2585247222482723 1.9554617001235497] 1
2021-09-16 21:49:16.187098 (1.0, 500000.0, 14, 2.0, 0.3, 0.23, 6.0, 3) [2.5820081996616766 1.9697090318522941] 1
2021-09-16 21:53:07.576117 (1.0, 500000.0, 14, 2.0, 0.3, 0.31, 6.0, 3) [2.361482391347415 1.9667290968195301] 1
2021-09-16 22:26:21.165662 (1.0, 500000.0, 10, 2.0, 0.3, 0.19, 6.0, 3) [2.6993741552076616 1.9713878149411563] 1
2021-09-16 22:27:07.199000 (1.0, 500000.0, 10, 2.0, 0.3, 0.35, 6.0, 3) [2.257188029531241 1.9563840179213177] 1
2021-09-16 22:27:49.829226 (1.0, 500000.0, 10, 2.0, 0.3, 0.31, 6.0, 3) [2.3640436270307137 1.963117424337637] 1
2021-09-16 22:29:07.781698 (1.0, 500000.0, 10, 2.0, 0.3, 0.27, 6.0, 3) [2.473312491927463 1.96144738398773] 1
2021-09-17 02:03:06.801025 (1.0, 500000.0, 11, 2.0, 0.3, 0.27, 6.0, 3) [2.4724322697472916 1.964528551760895] 1
2021-09-17 02:05:18.831866 (1.0, 500000.0, 11, 2.0, 0.3, 0.35, 6.0, 3) [2.2568193742293348 1.9585283240224833] 1
2021-09-17 02:05:44.596901 (1.0, 500000.0, 11, 2.0, 0.3, 0.31, 6.0, 3) [2.3632048465615445 1.9634510532724638] 1
2021-09-17 02:08:59.900354 (1.0, 500000.0, 11, 2.0, 0.3, 0.19, 6.0, 3) [2.698400755670135 1.9684181140224162] 1
2021-09-17 05:54:02.652630 (1.0, 500000.0, 12, 2.0, 0.3, 0.15, 6.0, 3) [2.8160480942044135 1.9768131674347298] 1
2021-09-17 05:54:36.740381 (1.0, 500000.0, 12, 2.0, 0.3, 0.27, 6.0, 3) [2.471661839848631 1.968302360134581] 1
2021-09-17 05:55:49.009077 (1.0, 500000.0, 12, 2.0, 0.3, 0.23, 6.0, 3) [2.583034294361392 1.9692897027732308] 1
2021-09-17 05:57:00.621085 (1.0, 500000.0, 12, 2.0, 0.3, 0.31, 6.0, 3) [2.362691944047694 1.962735880678895] 1
2021-09-17 11:50:06.168927 (1.0, 500000.0, 13, 2.0, 0.3, 0.19, 6.0, 3) [2.6970539684767827 1.9726056488237125] 1
2021-09-17 11:51:11.773636 (1.0, 500000.0, 13, 2.0, 0.3, 0.31, 6.0, 3) [2.361776037089246 1.9646361070633747] 1
2021-09-17 11:52:54.981971 (1.0, 500000.0, 13, 2.0, 0.3, 0.27, 6.0, 3) [2.4710264808945768 1.9697172293928047] 1
2021-09-17 11:53:16.637121 (1.0, 500000.0, 13, 2.0, 0.3, 0.35, 6.0, 3) [2.25535786210374 1.9626247611634808] 1
2021-09-17 18:16:31.906327 (1.0, 500000.0, 14, 2.0, 0.3, 0.27, 6.0, 3) [2.4706595450142737 1.9718590611434492] 1
2021-09-17 18:20:24.537923 (1.0, 500000.0, 14, 2.0, 0.3, 0.19, 6.0, 3) [2.6968953197902548 1.9742171431435094] 1
2021-09-17 18:21:27.085595 (1.0, 500000.0, 14, 2.0, 0.3, 0.35, 6.0, 3) [2.255071493711653 1.9654320256426379] 1
2021-09-17 18:22:14.968241 (1.0, 500000.0, 14, 2.0, 0.3, 0.15, 6.0, 3) [2.8151420103945215 1.9781524014104932] 1