2021-09-20 12:36:43.293197 (1.0, 500000.0, 6, 2.0, 0.3, 0.85, 6.0, 3) [0.878098199107636 1.8910952854977015] 1
2021-09-20 12:37:06.676709 (1.0, 500000.0, 6, 2.0, 0.3, 1.0, 6.0, 3) [0.020805868690251517 1.8912945225334856] 1
2021-09-20 12:46:58.502020 (1.0, 500000.0, 7, 2.0, 0.3, 1.0, 6.0, 3) [0.015048045803336777 1.8855376088303724] 1
2021-09-20 12:48:04.934110 (1.0, 500000.0, 7, 2.0, 0.3, 0.95, 6.0, 3) [0.40285950386356 1.8833042697861404] 1
2021-09-20 13:02:34.292967 (1.0, 500000.0, 8, 2.0, 0.3, 1.0, 6.0, 3) [0.011277809590794207 1.8833548168369285] 1
2021-09-20 13:02:56.896624 (1.0, 500000.0, 8, 2.0, 0.3, 0.95, 6.0, 3) [0.4010324435720301 1.8909461165206658] 1
2021-09-20 13:24:49.954381 (1.0, 500000.0, 9, 2.0, 0.3, 0.8, 6.0, 3) [1.04340289270347 1.9169243105346565] 1
2021-09-20 13:26:01.043386 (1.0, 500000.0, 9, 2.0, 0.3, 0.9, 6.0, 3) [0.6740523389455431 1.8992937986672267] 1
2021-09-20 14:02:06.087544 (1.0, 500000.0, 6, 2.0, 0.3, 0.75, 6.0, 3) [1.2009559873065279 1.9054788340799915] 1
2021-09-20 14:02:58.015911 (1.0, 500000.0, 6, 2.0, 0.3, 0.95, 6.0, 3) [0.4024274374719318 1.8893928685602714] 1
2021-09-20 14:03:42.435722 (1.0, 500000.0, 6, 2.0, 0.3, 0.9, 6.0, 3) [0.6786136745030968 1.8924895285286594] 1
2021-09-20 14:03:44.482052 (1.0, 500000.0, 6, 2.0, 0.3, 0.8, 6.0, 3) [1.0479453383092556 1.90028144699896] 1
2021-09-20 14:39:34.020345 (1.0, 500000.0, 11, 2.0, 0.3, 0.95, 6.0, 3) [0.39843774845870883 1.8972574600792746] 1
2021-09-20 15:12:11.760710 (1.0, 500000.0, 7, 2.0, 0.3, 0.75, 6.0, 3) [1.1994620315728364 1.9092987721800345] 1
2021-09-20 15:12:39.499128 (1.0, 500000.0, 7, 2.0, 0.3, 0.9, 6.0, 3) [0.6766599235690122 1.8939056706183557] 1
2021-09-20 15:14:16.668764 (1.0, 500000.0, 7, 2.0, 0.3, 0.85, 6.0, 3) [0.8764710123975328 1.9055920967369224] 1
2021-09-20 15:14:43.643087 (1.0, 500000.0, 7, 2.0, 0.3, 0.8, 6.0, 3) [1.0459465597515232 1.9091520698023439] 1
2021-09-20 15:36:24.842999 (1.0, 500000.0, 12, 2.0, 0.3, 0.8, 6.0, 3) [1.0414636778866193 1.9187779591120531] 1
2021-09-20 15:36:57.408190 (1.0, 500000.0, 10, 2.0, 0.3, 0.8, 6.0, 3) [1.0426984105703359 1.9231357409096692] 1
2021-09-20 15:37:39.074830 (1.0, 500000.0, 10, 2.0, 0.3, 0.85, 6.0, 3) [0.872829770501225 1.9148314756632105] 1
2021-09-20 15:40:16.364539 (1.0, 500000.0, 10, 2.0, 0.3, 0.95, 6.0, 3) [0.39933454007233044 1.8992799328893102] 1
2021-09-20 15:40:26.211237 (1.0, 500000.0, 10, 2.0, 0.3, 0.9, 6.0, 3) [0.6729979353175477 1.9027325106864359] 1
2021-09-20 15:40:27.726366 (1.0, 500000.0, 10, 2.0, 0.3, 0.75, 6.0, 3) [1.1961975472682436 1.9242534221907444] 1
2021-09-20 15:40:47.783623 (1.0, 500000.0, 10, 2.0, 0.3, 1.0, 6.0, 3) [0.00713437549250792 1.8857484547245498] 1
2021-09-20 15:49:30.328680 (1.0, 500000.0, 8, 2.0, 0.3, 0.75, 6.0, 3) [1.1983106032659896 1.9205037517742527] 1
2021-09-20 15:51:19.426598 (1.0, 500000.0, 8, 2.0, 0.3, 0.9, 6.0, 3) [0.6752606743759095 1.9028665870246704] 1
2021-09-20 15:51:54.036597 (1.0, 500000.0, 8, 2.0, 0.3, 0.85, 6.0, 3) [0.8745351309014068 1.9088038592447547] 1
2021-09-20 15:51:55.571602 (1.0, 500000.0, 8, 2.0, 0.3, 0.8, 6.0, 3) [1.0445359803109457 1.9150227650156064] 1
2021-09-20 17:01:48.349816 (1.0, 500000.0, 13, 2.0, 0.3, 0.75, 6.0, 3) [1.1948955461686175 1.93008268801246] 1
2021-09-20 17:06:52.552586 (1.0, 500000.0, 13, 2.0, 0.3, 0.9, 6.0, 3) [0.6715625439733628 1.9072185132464765] 1
2021-09-20 17:21:21.224423 (1.0, 500000.0, 11, 2.0, 0.3, 0.85, 6.0, 3) [0.8721580778840495 1.9146973205013069] 1
2021-09-20 17:21:21.957758 (1.0, 500000.0, 11, 2.0, 0.3, 1.0, 6.0, 3) [0.006084894832721226 1.9007699642020397] 1
2021-09-20 17:54:05.814628 (1.0, 500000.0, 9, 2.0, 0.3, 0.95, 6.0, 3) [0.40013970082316325 1.8982589486223149] 1
2021-09-20 17:58:35.466835 (1.0, 500000.0, 9, 2.0, 0.3, 0.85, 6.0, 3) [0.8734272849519482 1.911384020444004] 1
2021-09-20 17:59:33.401126 (1.0, 500000.0, 9, 2.0, 0.3, 1.0, 6.0, 3) [0.008717493648632852 1.8810121707425207] 1
2021-09-20 17:59:38.304866 (1.0, 500000.0, 9, 2.0, 0.3, 0.75, 6.0, 3) [1.1968400447375542 1.9221656096461996] 1
2021-09-20 18:38:27.600725 (1.0, 500000.0, 14, 2.0, 0.3, 0.9, 6.0, 3) [0.6708971684385001 1.9087940799324727] 1
2021-09-20 18:42:06.084342 (1.0, 500000.0, 14, 2.0, 0.3, 0.85, 6.0, 3) [0.8709760283479238 1.9178336703802585] 1
2021-09-20 19:19:39.135380 (1.0, 500000.0, 12, 2.0, 0.3, 0.75, 6.0, 3) [1.1954782907268084 1.9264802487768267] 1
2021-09-20 19:20:31.441901 (1.0, 500000.0, 12, 2.0, 0.3, 1.0, 6.0, 3) [0.005004642435132161 1.8988870948930796] 1
2021-09-20 20:15:36.164910 (1.0, 500000.0, 11, 2.0, 0.3, 0.9, 6.0, 3) [0.6724813899255533 1.9063253812521139] 1
2021-09-20 20:18:10.402553 (1.0, 500000.0, 11, 2.0, 0.3, 0.75, 6.0, 3) [1.1956951748072524 1.9268638578509596] 1
2021-09-20 20:18:13.518083 (1.0, 500000.0, 11, 2.0, 0.3, 0.8, 6.0, 3) [1.041975439137986 1.9201940995998354] 1
2021-09-20 23:16:38.654809 (1.0, 500000.0, 12, 2.0, 0.3, 0.85, 6.0, 3) [0.8718420815026949 1.9115684118643319] 1
2021-09-20 23:16:52.623458 (1.0, 500000.0, 12, 2.0, 0.3, 0.95, 6.0, 3) [0.39766225365026964 1.899433854195768] 1
2021-09-20 23:17:35.160553 (1.0, 500000.0, 12, 2.0, 0.3, 0.9, 6.0, 3) [0.671949686325432 1.9079087651798581] 1
2021-09-21 08:42:38.631555 (1.0, 500000.0, 13, 2.0, 0.3, 0.8, 6.0, 3) [1.041038833947797 1.919258028123711] 1
2021-09-21 08:43:13.807867 (1.0, 500000.0, 13, 2.0, 0.3, 0.85, 6.0, 3) [0.871007732634675 1.9145207138737486] 1
2021-09-21 08:44:22.361037 (1.0, 500000.0, 13, 2.0, 0.3, 1.0, 6.0, 3) [0.0044125633443441534 1.8836858604417539] 1
2021-09-21 08:46:40.613697 (1.0, 500000.0, 13, 2.0, 0.3, 0.95, 6.0, 3) [0.3968384297293498 1.8995216570841815] 1