2021-09-21 18:17:30.451429 (1.0, 500000.0, 6, 4.0, 0.3, 0.3, 2.0, 3) [0.06980179541155888 1.5740542174758172] 1
2021-09-21 18:18:11.311368 (1.0, 500000.0, 6, 4.0, 0.3, 0.6, 2.0, 3) [0.030659564420963757 1.4787614669895999] 1
2021-09-21 18:18:13.322266 (1.0, 500000.0, 6, 4.0, 0.3, 0.7, 2.0, 3) [0.02503795797919278 1.4494146417170788] 1
2021-09-21 18:18:22.586220 (1.0, 500000.0, 6, 4.0, 0.3, 1.0, 2.0, 3) [0.020879679708102283 1.3811217806130645] 1
2021-09-21 18:18:43.933501 (1.0, 500000.0, 6, 4.0, 0.3, 0.5, 2.0, 3) [0.040166873968820085 1.5076756950942807] 1
2021-09-21 18:27:37.108418 (1.0, 500000.0, 7, 4.0, 0.3, 0.3, 2.0, 3) [0.0506991721720826 1.5802434476265064] 1
2021-09-21 18:27:40.697522 (1.0, 500000.0, 7, 4.0, 0.3, 0.6, 2.0, 3) [0.022935032023998086 1.4818241958560074] 1
2021-09-21 18:27:43.110904 (1.0, 500000.0, 7, 4.0, 0.3, 0.4, 2.0, 3) [0.037556124668246114 1.5446937976397639] 1
2021-09-21 18:28:24.163488 (1.0, 500000.0, 7, 4.0, 0.3, 0.7, 2.0, 3) [0.017982903439373296 1.4581384009884832] 1
2021-09-21 18:41:18.433282 (1.0, 500000.0, 8, 4.0, 0.3, 0.0, 2.0, 3) [0.20228139871492043 1.7089137059388499] 1
2021-09-21 18:42:58.088787 (1.0, 500000.0, 8, 4.0, 0.3, 0.5, 2.0, 3) [0.022403244863516046 1.5179470024749222] 1
2021-09-21 18:43:27.862989 (1.0, 500000.0, 9, 4.0, 0.3, 0.1, 2.0, 3) [0.07652976240970165 1.6679016901644816] 1
2021-09-21 18:43:30.586257 (1.0, 500000.0, 8, 4.0, 0.3, 0.8, 2.0, 3) [0.010965760669372658 1.4354663494685356] 1
2021-09-21 18:44:05.246845 (1.0, 500000.0, 8, 4.0, 0.3, 0.6, 2.0, 3) [0.017855438653389476 1.4901663489048038] 1
2021-09-21 18:45:10.987824 (1.0, 500000.0, 9, 4.0, 0.3, 0.6, 2.0, 3) [0.013731939021858002 1.4927154084273224] 1
2021-09-21 18:45:45.841756 (1.0, 500000.0, 9, 4.0, 0.3, 0.7, 2.0, 3) [0.011061217817816483 1.4633355059928113] 1
2021-09-21 18:45:55.721061 (1.0, 500000.0, 9, 4.0, 0.3, 1.0, 2.0, 3) [0.009118838600975428 1.3946680055789293] 1
2021-09-21 19:02:35.111972 (1.0, 500000.0, 10, 4.0, 0.3, 0.2, 2.0, 3) [0.03545343242304797 1.6303262451530673] 1
2021-09-21 19:03:59.935968 (1.0, 500000.0, 10, 4.0, 0.3, 0.5, 2.0, 3) [0.014406063372774532 1.5241933286496092] 1
2021-09-21 19:04:12.130192 (1.0, 500000.0, 10, 4.0, 0.3, 0.6, 2.0, 3) [0.011984212254505933 1.4955456823571609] 1
2021-09-21 19:04:56.410443 (1.0, 500000.0, 10, 4.0, 0.3, 0.7, 2.0, 3) [0.0085976641954607 1.4659245463126265] 1
2021-09-21 19:05:13.295498 (1.0, 500000.0, 10, 4.0, 0.3, 1.0, 2.0, 3) [0.0072500682347575686 1.4006058854434285] 1
2021-09-21 19:24:10.045013 (1.0, 500000.0, 11, 4.0, 0.3, 0.2, 2.0, 3) [0.02894766148837153 1.6314778126485112] 1
2021-09-21 19:26:44.041213 (1.0, 500000.0, 11, 4.0, 0.3, 0.9, 2.0, 3) [0.004352267792537821 1.4208639588536138] 1
2021-09-21 19:27:05.175398 (1.0, 500000.0, 11, 4.0, 0.3, 0.6, 2.0, 3) [0.009250990726572143 1.4960247521451011] 1
2021-09-21 19:31:36.791500 (1.0, 500000.0, 11, 4.0, 0.3, 1.0, 2.0, 3) [0.006353331946799608 1.3978474002077779] 1
2021-09-21 19:40:11.837961 (1.0, 500000.0, 9, 4.0, 0.3, 0.3, 2.0, 3) [0.03066090011980162 1.5886975118551494] 1
2021-09-21 19:41:23.005285 (1.0, 500000.0, 9, 4.0, 0.3, 0.9, 2.0, 3) [0.006375659421067826 1.416328742252511] 1
2021-09-21 19:42:26.702748 (1.0, 500000.0, 8, 4.0, 0.3, 0.3, 2.0, 3) [0.038566738884109976 1.5853757751673536] 1
2021-09-21 19:42:47.862549 (1.0, 500000.0, 8, 4.0, 0.3, 0.9, 2.0, 3) [0.008348864202915585 1.4123524270740599] 1
2021-09-21 20:00:23.295851 (1.0, 500000.0, 7, 4.0, 0.3, 0.5, 2.0, 3) [0.028711342236266816 1.5124934711252154] 1
2021-09-21 20:00:36.642462 (1.0, 500000.0, 7, 4.0, 0.3, 0.0, 2.0, 3) [0.23698682659622566 1.7055481338391651] 1
2021-09-21 20:02:07.436521 (1.0, 500000.0, 7, 4.0, 0.3, 0.9, 2.0, 3) [0.011134575285376916 1.4093591242007035] 1
2021-09-21 20:09:24.471229 (1.0, 500000.0, 12, 4.0, 0.3, 0.1, 2.0, 3) [0.04259892248254537 1.6769763375488207] 1
2021-09-21 20:12:39.709025 (1.0, 500000.0, 12, 4.0, 0.3, 0.6, 2.0, 3) [0.007936063859678679 1.4974254972468093] 1
2021-09-21 20:13:38.389105 (1.0, 500000.0, 12, 4.0, 0.3, 0.4, 2.0, 3) [0.01287292720791173 1.5592985692843127] 1
2021-09-21 20:14:05.896958 (1.0, 500000.0, 12, 4.0, 0.3, 0.8, 2.0, 3) [0.004496995522261857 1.4445804261765036] 1
2021-09-21 20:34:00.711343 (1.0, 500000.0, 6, 4.0, 0.3, 0.0, 2.0, 3) [0.2794665983279054 1.6976582162830751] 1
2021-09-21 20:35:58.106595 (1.0, 500000.0, 6, 4.0, 0.3, 0.2, 2.0, 3) [0.10455319523288464 1.6101335973112567] 1
2021-09-21 20:37:16.970012 (1.0, 500000.0, 6, 4.0, 0.3, 0.1, 2.0, 3) [0.16333279606474663 1.6508157439653015] 1
2021-09-21 20:37:27.438444 (1.0, 500000.0, 6, 4.0, 0.3, 0.8, 2.0, 3) [0.01981728564955416 1.4239868634088924] 1
2021-09-21 20:37:27.590887 (1.0, 500000.0, 6, 4.0, 0.3, 0.4, 2.0, 3) [0.05161257506939515 1.5394742903402585] 1
2021-09-21 20:38:05.891887 (1.0, 500000.0, 6, 4.0, 0.3, 0.9, 2.0, 3) [0.01563698479393488 1.4033312416781873] 1
2021-09-21 20:43:51.729911 (1.0, 500000.0, 7, 4.0, 0.3, 0.2, 2.0, 3) [0.07661422467284994 1.6191576803028762] 1
2021-09-21 20:44:19.058202 (1.0, 500000.0, 7, 4.0, 0.3, 0.8, 2.0, 3) [0.01397572764709973 1.4330729064330268] 1
2021-09-21 20:47:03.577755 (1.0, 500000.0, 7, 4.0, 0.3, 0.1, 2.0, 3) [0.12496018913021771 1.6571362569049837] 1
2021-09-21 20:48:25.982823 (1.0, 500000.0, 7, 4.0, 0.3, 1.0, 2.0, 3) [0.014539126265346565 1.3903734354883373] 1
2021-09-21 20:53:05.224285 (1.0, 500000.0, 13, 4.0, 0.3, 0.0, 2.0, 3) [0.11431012419281734 1.7210902472349983] 1
2021-09-21 20:55:13.104099 (1.0, 500000.0, 13, 4.0, 0.3, 0.3, 2.0, 3) [0.014240923799406084 1.5969579141918759] 1
2021-09-21 21:11:31.176637 (1.0, 500000.0, 11, 4.0, 0.3, 0.0, 2.0, 3) [0.13996608184252432 1.7184107707116638] 1
2021-09-21 21:13:03.654979 (1.0, 500000.0, 11, 4.0, 0.3, 0.5, 2.0, 3) [0.011609706737578237 1.5252889853579592] 1
2021-09-21 21:58:26.383914 (1.0, 500000.0, 14, 4.0, 0.3, 0.5, 2.0, 3) [0.007584555317324916 1.5301076633190198] 1
2021-09-21 22:03:24.291831 (1.0, 500000.0, 14, 4.0, 0.3, 0.0, 2.0, 3) [0.10387644511176035 1.7221427623004095] 1
2021-09-21 22:05:59.286614 (1.0, 500000.0, 14, 4.0, 0.3, 0.1, 2.0, 3) [0.030655904620907354 1.6788187963667753] 1
2021-09-21 22:06:13.291552 (1.0, 500000.0, 14, 4.0, 0.3, 0.2, 2.0, 3) [0.01782824263441428 1.6357295777019043] 1
2021-09-21 22:07:15.545790 (1.0, 500000.0, 14, 4.0, 0.3, 0.4, 2.0, 3) [0.008907269000450716 1.5626997568938319] 1
2021-09-21 22:17:12.665872 (1.0, 500000.0, 8, 4.0, 0.3, 0.4, 2.0, 3) [0.029481659422152303 1.5521383208578243] 1
2021-09-21 22:20:14.617663 (1.0, 500000.0, 8, 4.0, 0.3, 0.1, 2.0, 3) [0.09614646680735142 1.6652600880170587] 1
2021-09-21 22:20:52.286200 (1.0, 500000.0, 8, 4.0, 0.3, 1.0, 2.0, 3) [0.011823419507561734 1.3918131125472173] 1
2021-09-21 22:20:52.939979 (1.0, 500000.0, 8, 4.0, 0.3, 0.2, 2.0, 3) [0.055323022579417756 1.6246333495855823] 1
2021-09-21 22:22:33.830398 (1.0, 500000.0, 8, 4.0, 0.3, 0.7, 2.0, 3) [0.013963311462368018 1.461800723063666] 1
2021-09-21 22:36:27.365896 (1.0, 500000.0, 9, 4.0, 0.3, 0.0, 2.0, 3) [0.1750746390041806 1.7131539770550295] 1
2021-09-21 22:39:52.423763 (1.0, 500000.0, 12, 4.0, 0.3, 0.3, 2.0, 3) [0.01650524110691223 1.5955247175221687] 1
2021-09-21 22:40:08.803331 (1.0, 500000.0, 12, 4.0, 0.3, 0.5, 2.0, 3) [0.009541693196627688 1.5264259646963971] 1
2021-09-21 22:45:18.923236 (1.0, 500000.0, 9, 4.0, 0.3, 0.8, 2.0, 3) [0.00880360953858948 1.4391848169427621] 1
2021-09-21 22:45:56.644514 (1.0, 500000.0, 9, 4.0, 0.3, 0.4, 2.0, 3) [0.022633237649905512 1.5536399554897449] 1
2021-09-21 22:46:02.739693 (1.0, 500000.0, 9, 4.0, 0.3, 0.2, 2.0, 3) [0.044178411778269255 1.6273694281819646] 1
2021-09-21 22:46:04.926293 (1.0, 500000.0, 9, 4.0, 0.3, 0.5, 2.0, 3) [0.018058466335723222 1.5236889973202261] 1
2021-09-22 00:23:18.301545 (1.0, 500000.0, 13, 4.0, 0.3, 0.1, 2.0, 3) [0.03533816336274378 1.6757245033140313] 1
2021-09-22 00:24:19.015306 (1.0, 500000.0, 13, 4.0, 0.3, 0.9, 2.0, 3) [0.0032380155663595473 1.4200767576544564] 1
2021-09-22 00:24:20.865344 (1.0, 500000.0, 13, 4.0, 0.3, 0.8, 2.0, 3) [0.0038214452283540953 1.4443493192507926] 1
2021-09-22 00:25:35.152795 (1.0, 500000.0, 13, 4.0, 0.3, 0.7, 2.0, 3) [0.005285976536148451 1.4703811053079208] 1
2021-09-22 00:26:30.431888 (1.0, 500000.0, 13, 4.0, 0.3, 1.0, 2.0, 3) [0.004599421397822456 1.4001590440962837] 1
2021-09-22 00:27:15.548305 (1.0, 500000.0, 13, 4.0, 0.3, 0.5, 2.0, 3) [0.00810094039305358 1.5283309775097405] 1
2021-09-22 00:48:11.729704 (1.0, 500000.0, 10, 4.0, 0.3, 0.0, 2.0, 3) [0.15591669631030225 1.7146014784967778] 1
2021-09-22 00:51:19.203633 (1.0, 500000.0, 10, 4.0, 0.3, 0.1, 2.0, 3) [0.061904085799291686 1.6703178153276983] 1
2021-09-22 00:54:46.976923 (1.0, 500000.0, 10, 4.0, 0.3, 0.3, 2.0, 3) [0.02457489992161071 1.5914547546394064] 1
2021-09-22 00:56:23.938311 (1.0, 500000.0, 10, 4.0, 0.3, 0.4, 2.0, 3) [0.018026858608709558 1.5563884098217637] 1
2021-09-22 00:57:08.345647 (1.0, 500000.0, 10, 4.0, 0.3, 0.8, 2.0, 3) [0.006987481745019997 1.4419470928045106] 1
2021-09-22 00:58:26.714648 (1.0, 500000.0, 10, 4.0, 0.3, 0.9, 2.0, 3) [0.005547921791276854 1.4188701642281558] 1
2021-09-22 02:48:05.548087 (1.0, 500000.0, 11, 4.0, 0.3, 0.1, 2.0, 3) [0.05031166629169752 1.6731800173340505] 1
2021-09-22 02:49:59.340774 (1.0, 500000.0, 11, 4.0, 0.3, 0.3, 2.0, 3) [0.019998290655480543 1.5948499899038855] 1
2021-09-22 02:51:40.373716 (1.0, 500000.0, 11, 4.0, 0.3, 0.4, 2.0, 3) [0.015345287572617267 1.5596209939718892] 1
2021-09-22 02:53:20.597948 (1.0, 500000.0, 11, 4.0, 0.3, 0.7, 2.0, 3) [0.007512697359341994 1.4680869259771383] 1
2021-09-22 02:53:43.907545 (1.0, 500000.0, 11, 4.0, 0.3, 0.8, 2.0, 3) [0.005539017447009128 1.4426037171646793] 1
2021-09-22 03:35:08.370222 (1.0, 500000.0, 13, 4.0, 0.3, 0.2, 2.0, 3) [0.021008047562387527 1.6351690416557585] 1
2021-09-22 03:38:00.403430 (1.0, 500000.0, 13, 4.0, 0.3, 0.4, 2.0, 3) [0.01087643663376976 1.562074827639236] 1
2021-09-22 03:39:11.337304 (1.0, 500000.0, 13, 4.0, 0.3, 0.6, 2.0, 3) [0.006746037994065211 1.4990187939827573] 1
2021-09-22 05:59:33.889409 (1.0, 500000.0, 12, 4.0, 0.3, 0.2, 2.0, 3) [0.02364641161998883 1.6342813741726456] 1
2021-09-22 06:08:48.780099 (1.0, 500000.0, 12, 4.0, 0.3, 1.0, 2.0, 3) [0.005273780316453497 1.4000938739665054] 1
2021-09-22 06:09:12.214399 (1.0, 500000.0, 12, 4.0, 0.3, 0.7, 2.0, 3) [0.006182558289707506 1.4700240044154897] 1
2021-09-22 06:11:47.446662 (1.0, 500000.0, 12, 4.0, 0.3, 0.0, 2.0, 3) [0.12632087167346362 1.7218544744225015] 1
2021-09-22 06:12:29.229668 (1.0, 500000.0, 12, 4.0, 0.3, 0.9, 2.0, 3) [0.003253441909266916 1.4212411533757956] 1