2022-03-07 11:10:29.065393 (1.0, 1000000.0, 8, 10.0, 0.3, 0.0, 2.0, 3) [1.0252128886529384 0.002537187406858842 3.1369167134494683e-07] 1 3306.593793153763s
2022-03-07 11:11:02.379357 (1.0, 1000000.0, 8, 10.0, 0.3, 0.9, 2.0, 3) [0.05536463698198666 0.0013543404364241658 1.3259339866246054] 1 3339.9109148979187s
2022-03-07 11:29:01.936879 (1.0, 1000000.0, 9, 10.0, 0.3, 0.5, 2.0, 3) [0.1358079643618141 0.0015239480185168302 0.31755220600050277] 1 4419.4269824028015s
2022-03-07 11:29:09.034484 (1.0, 1000000.0, 9, 10.0, 0.3, 0.1, 2.0, 3) [0.7260266567876519 0.002793717208631628 8.707744679718768e-06] 1 4426.530440568924s
2022-03-07 11:29:14.042437 (1.0, 1000000.0, 9, 10.0, 0.3, 0.8, 2.0, 3) [0.052034288959692955 0.0005257509264009754 1.2109657118834183] 1 4431.535858392715s
2022-03-07 11:29:27.245644 (1.0, 1000000.0, 9, 10.0, 0.3, 1.0, 2.0, 3) [0.05555243482826484 0.0003737541237500207 1.5799651358667166] 1 4444.7543976306915s
2022-03-07 11:29:52.545826 (1.0, 1000000.0, 9, 10.0, 0.3, 0.6, 2.0, 3) [0.09190053078656626 0.001273080156828066 0.6263690679943863] 1 4470.052755117416s
2022-03-07 11:40:54.406251 (1.0, 1000000.0, 10, 10.0, 0.3, 0.4, 2.0, 3) [0.1856756016298312 0.0012745512708917683 0.09704666850876331] 1 5131.903735160828s
2022-03-07 11:40:55.052464 (1.0, 1000000.0, 10, 10.0, 0.3, 0.6, 2.0, 3) [0.07508074482096759 0.0010801726735599824 0.7066915079140602] 1 5132.5517020225525s
2022-03-07 11:40:58.304309 (1.0, 1000000.0, 10, 10.0, 0.3, 0.9, 2.0, 3) [0.033918623817867526 0.0007965158580375023 1.6364473674765674] 1 5135.760798692703s
2022-03-07 11:41:12.061999 (1.0, 1000000.0, 10, 10.0, 0.3, 0.7, 2.0, 3) [0.053579410325423876 0.0011612057177513022 1.0299190651070071] 1 5149.556501626968s
2022-03-07 11:57:33.453034 (1.0, 1000000.0, 11, 10.0, 0.3, 0.7, 2.0, 3) [0.04329099926090803 0.0006963485438305024 1.1354594191378293] 1 6130.911296367645s
2022-03-07 11:58:09.830015 (1.0, 1000000.0, 11, 10.0, 0.3, 0.4, 2.0, 3) [0.1623976445945723 0.0016676988689310003 0.11082610746595505] 1 6167.307265758514s
2022-03-07 11:58:10.365221 (1.0, 1000000.0, 11, 10.0, 0.3, 0.0, 2.0, 3) [0.9417241764236988 0.0017533750605093809 4.1734687467153444e-09] 1 6167.866156339645s
2022-03-07 12:02:39.991973 (1.0, 1000000.0, 8, 10.0, 0.3, 0.2, 2.0, 3) [0.5447599539085031 0.001559547216031006 0.0006761385964178582] 1 6437.015899658203s
2022-03-07 12:02:41.453851 (1.0, 1000000.0, 8, 10.0, 0.3, 0.1, 2.0, 3) [0.7620629942297492 0.0025875375086752213 2.0937727605243223e-05] 1 6438.78227519989s
2022-03-07 12:02:44.770859 (1.0, 1000000.0, 8, 10.0, 0.3, 0.7, 2.0, 3) [0.08469205394374708 0.0007447176055973723 0.8153450547166691] 1 6441.988706827164s
2022-03-07 12:02:44.816528 (1.0, 1000000.0, 8, 10.0, 0.3, 0.5, 2.0, 3) [0.16595889708642772 0.0019102760548550177 0.2642082464992895] 1 6441.857234716415s
2022-03-07 12:02:44.874030 (1.0, 1000000.0, 8, 10.0, 0.3, 0.3, 2.0, 3) [0.37319624200523 0.001476194003110953 0.010494804771864853] 1 6442.41508436203s
2022-03-07 12:02:53.267401 (1.0, 1000000.0, 8, 10.0, 0.3, 0.6, 2.0, 3) [0.11529950637529797 0.0011211515786201877 0.5384952195552916] 1 6450.459925413132s
2022-03-07 12:18:03.555709 (1.0, 1000000.0, 12, 10.0, 0.3, 0.9, 2.0, 3) [0.02292630823304155 0.0005385299019921246 1.9369031026731045] 1 7361.022438049316s
2022-03-07 12:18:07.637114 (1.0, 1000000.0, 12, 10.0, 0.3, 0.3, 2.0, 3) [0.2544868688732951 0.0013583311908075717 0.00908404110698401] 1 7365.098512172699s
2022-03-07 12:18:21.174672 (1.0, 1000000.0, 12, 10.0, 0.3, 0.8, 2.0, 3) [0.02786358581108793 0.0004189118181930014 1.5914624671922506] 1 7378.624071598053s
2022-03-07 12:18:30.520300 (1.0, 1000000.0, 12, 10.0, 0.3, 0.0, 2.0, 3) [0.9260081478253274 0.0021304609121391422 9.266923523236846e-10] 1 7387.97761464119s
2022-03-07 12:18:43.744168 (1.0, 1000000.0, 12, 10.0, 0.3, 0.2, 2.0, 3) [0.42668866483097617 0.002167043096853661 0.00014602101912012863] 1 7401.215479850769s
2022-03-07 12:50:49.385583 (1.0, 1000000.0, 13, 10.0, 0.3, 0.8, 2.0, 3) [0.02387387870411701 0.0005741221943636973 1.7100953337735458] 1 9326.83711361885s
2022-03-07 12:50:51.089668 (1.0, 1000000.0, 13, 10.0, 0.3, 1.0, 2.0, 3) [0.029611993002405784 0.0004717460114521968 2.2235842634629286] 1 9328.582067728043s
2022-03-07 12:51:14.287421 (1.0, 1000000.0, 13, 10.0, 0.3, 0.0, 2.0, 3) [0.9104061198820587 0.0017701058687153834 2.179235607402582e-10] 1 9351.769167900085s
2022-03-07 12:51:27.710450 (1.0, 1000000.0, 13, 10.0, 0.3, 0.6, 2.0, 3) [0.04381780003268927 0.0007991650439158204 0.9444879166404438] 1 9365.199353456497s
2022-03-07 12:51:38.561453 (1.0, 1000000.0, 13, 10.0, 0.3, 0.3, 2.0, 3) [0.23674436824118478 0.0012023202525296196 0.0086593155874213] 1 9376.058989286423s
2022-03-07 12:59:24.636745 (1.0, 1000000.0, 8, 10.0, 0.3, 0.4, 2.0, 3) [0.24763947365244182 0.0009839726060447613 0.07662070280180637] 1 9841.89801621437s
2022-03-07 12:59:35.568960 (1.0, 1000000.0, 8, 10.0, 0.3, 1.0, 2.0, 3) [0.06817864326127802 0.0007275527437884037 1.419812008326414] 1 9852.789849996567s
2022-03-07 12:59:42.449134 (1.0, 1000000.0, 8, 10.0, 0.3, 0.8, 2.0, 3) [0.06515535210194176 0.0008298657708339843 1.084552667701206] 1 9859.807507514954s
2022-03-07 13:03:46.192401 (1.0, 1000000.0, 10, 10.0, 0.3, 1.0, 2.0, 3) [0.046641533279113655 0.0005121040119841002 1.7444336813185133] 1 10103.53060245514s
2022-03-07 13:03:59.764127 (1.0, 1000000.0, 10, 10.0, 0.3, 0.0, 2.0, 3) [0.9652880263264252 0.0019972745188215723 1.7174157253648088e-08] 1 10117.251210451126s
2022-03-07 13:09:20.171171 (1.0, 1000000.0, 14, 10.0, 0.3, 0.7, 2.0, 3) [0.025987540327352707 0.00067522841044271 1.4354655896924071] 1 10437.666783809662s
2022-03-07 13:10:05.845267 (1.0, 1000000.0, 14, 10.0, 0.3, 0.0, 2.0, 3) [0.8956743975303465 0.0014926521077595434 5.3293044527698215e-11] 1 10483.330412864685s
2022-03-07 13:10:19.149759 (1.0, 1000000.0, 14, 10.0, 0.3, 0.1, 2.0, 3) [0.6209238988343141 0.0013192891388838284 1.1557037830924825e-07] 1 10496.601959228516s
2022-03-07 13:28:56.634170 (1.0, 1000000.0, 14, 10.0, 0.3, 0.2, 2.0, 3) [0.3909424487552786 0.002034372885885256 7.194546005351432e-05] 1 11614.070081949234s
2022-03-07 13:29:05.400782 (1.0, 1000000.0, 14, 10.0, 0.3, 0.9, 2.0, 3) [0.017182237530930462 0.0007761299256742136 2.237156923584223] 1 11622.862555980682s
2022-03-07 13:50:01.289098 (1.0, 1000000.0, 11, 10.0, 0.3, 0.3, 2.0, 3) [0.2778401952481037 0.0013543136175277813 0.009058613918348144] 1 12878.559947490692s
2022-03-07 13:50:18.174648 (1.0, 1000000.0, 11, 10.0, 0.3, 0.6, 2.0, 3) [0.061313284988674124 0.000742614400651619 0.793445201794175] 1 12895.637773752213s
2022-03-07 13:55:29.612518 (1.0, 1000000.0, 11, 10.0, 0.3, 0.8, 2.0, 3) [0.03323727240871156 0.0007009816381559134 1.4665173184624098] 1 13206.902930259705s
2022-03-07 13:55:32.931553 (1.0, 1000000.0, 11, 10.0, 0.3, 0.9, 2.0, 3) [0.027891600834837677 0.000523512913887347 1.7854920524207023] 1 13210.338853359222s
2022-03-07 14:59:07.275794 (1.0, 1000000.0, 15, 10.0, 0.3, 0.9, 2.0, 3) [0.014052975974843705 0.00040138376410931884 2.3943931718441407] 1 17025.156734466553s
2022-03-07 14:59:30.443633 (1.0, 1000000.0, 15, 10.0, 0.3, 0.0, 2.0, 3) [0.8842304760640438 0.0013998148923643889 1.2517792143112262e-11] 1 17048.313450336456s
2022-03-07 14:59:34.239256 (1.0, 1000000.0, 15, 10.0, 0.3, 0.8, 2.0, 3) [0.017750658454505925 0.00040242348461661144 1.9625211081811855] 1 17052.093942642212s
2022-03-07 14:59:43.436425 (1.0, 1000000.0, 15, 10.0, 0.3, 0.7, 2.0, 3) [0.02344148916706653 0.0007384708865602434 1.5234525616518861] 1 17061.2940659523s
2022-03-07 14:59:45.130642 (1.0, 1000000.0, 15, 10.0, 0.3, 0.1, 2.0, 3) [0.6064009243102516 0.0014203024695474832 5.15565637339768e-08] 1 17062.828523635864s
2022-03-07 16:43:49.820482 (1.0, 1000000.0, 16, 10.0, 0.3, 0.5, 2.0, 3) [0.04562831610906794 0.0009729238854888284 0.7072837288935292] 1 23307.65691423416s
2022-03-07 16:44:16.856303 (1.0, 1000000.0, 10, 10.0, 0.3, 0.3, 2.0, 3) [0.30217916645056536 0.0016204022572132257 0.009717363295291543] 1 23333.734798192978s
2022-03-07 16:45:46.799404 (1.0, 1000000.0, 16, 10.0, 0.3, 0.0, 2.0, 3) [0.8735464776754888 0.0013855816862388503 3.00973210323766e-12] 1 23424.602772712708s
2022-03-07 16:46:57.255093 (1.0, 1000000.0, 10, 10.0, 0.3, 0.2, 2.0, 3) [0.4752753508247772 0.0021056787105857054 0.00030557404185017233] 1 23494.129712581635s
2022-03-07 16:47:53.768269 (1.0, 1000000.0, 10, 10.0, 0.3, 0.8, 2.0, 3) [0.04118963414631263 0.000759766163431764 1.3383834793148848] 1 23550.99477648735s
2022-03-07 16:47:55.866226 (1.0, 1000000.0, 16, 10.0, 0.3, 0.4, 2.0, 3) [0.09072478945533731 0.0009677461093952008 0.2059060363459364] 1 23553.696447610855s
2022-03-07 16:47:56.132428 (1.0, 1000000.0, 10, 10.0, 0.3, 0.1, 2.0, 3) [0.6967886845702671 0.0029996245121560595 3.6558447349934384e-06] 1 23553.26549077034s
2022-03-07 16:48:04.150444 (1.0, 1000000.0, 16, 10.0, 0.3, 0.1, 2.0, 3) [0.5959402871883809 0.001072515842219177 2.1448525243088384e-08] 1 23561.96738052368s
2022-03-07 16:48:48.539671 (1.0, 1000000.0, 10, 10.0, 0.3, 0.5, 2.0, 3) [0.11327806430168408 0.0013150541082597824 0.37045819398652124] 1 23606.00574040413s
