2022-03-03 17:41:09.312533 (1.0, 500000.0, 6, 10.0, 0.3, 0.284, 2.0, 3) [0.5089737237548874 0.0016986980246245843 0.009229933520452495] 1 975.6449782848358s
2022-03-03 17:41:10.207032 (1.0, 500000.0, 6, 10.0, 0.3, 0.311, 2.0, 3) [0.46682883358827515 0.002420385711848863 0.015277252701092727] 1 976.504949092865s
2022-03-03 17:41:10.584840 (1.0, 500000.0, 6, 10.0, 0.3, 0.331, 2.0, 3) [0.4370004818510137 0.002276693294993394 0.021790719312865345] 1 976.9184024333954s
2022-03-03 17:41:10.686521 (1.0, 500000.0, 6, 10.0, 0.3, 0.296, 2.0, 3) [0.49001610288887437 0.0035750441148140505 0.011572943380093232] 1 976.9769396781921s
2022-03-03 17:41:18.640901 (1.0, 500000.0, 6, 10.0, 0.3, 0.298, 2.0, 3) [0.4874703582965505 0.002246041745143807 0.0119376029516418] 1 984.8527364730835s
2022-03-03 17:41:43.809616 (1.0, 500000.0, 7, 10.0, 0.3, 0.331, 2.0, 3) [0.37461334562459314 0.0028701467845652995 0.021687156236351444] 1 1006.2841203212738s
2022-03-03 17:41:48.015812 (1.0, 500000.0, 7, 10.0, 0.3, 0.298, 2.0, 3) [0.4252990143848904 0.0022370267203171445 0.01071820722115167] 1 1010.3521752357483s
2022-03-03 17:41:50.136963 (1.0, 500000.0, 7, 10.0, 0.3, 0.301, 2.0, 3) [0.42238848017440883 0.0037004898621604138 0.011158929334599266] 1 1012.6210708618164s
2022-03-03 17:41:50.526222 (1.0, 500000.0, 7, 10.0, 0.3, 0.271, 2.0, 3) [0.46552969519982207 0.0033039724708588633 0.0061009170364338845] 1 1013.0059497356415s
2022-03-03 17:43:10.260685 (1.0, 500000.0, 7, 10.0, 0.3, 0.311, 2.0, 3) [0.40261972991352457 0.005984407619749294 0.014682981806517482] 1 1092.7487301826477s
2022-03-03 17:44:14.525419 (1.0, 500000.0, 8, 10.0, 0.3, 0.301, 2.0, 3) [0.3722815403765727 0.002869139886694714 0.010656480448975313] 1 1156.7491755485535s
2022-03-03 17:44:16.242605 (1.0, 500000.0, 8, 10.0, 0.3, 0.304, 2.0, 3) [0.36566077173384254 0.002504521303730431 0.011825209658651737] 1 1158.7357621192932s
2022-03-03 17:44:16.306103 (1.0, 500000.0, 8, 10.0, 0.3, 0.298, 2.0, 3) [0.3763529588457448 0.0026931641325909136 0.009984898116891374] 1 1158.5382375717163s
2022-03-03 17:44:16.677981 (1.0, 500000.0, 8, 10.0, 0.3, 0.331, 2.0, 3) [0.327562066139458 0.0026066630609866037 0.021703395865169024] 1 1159.0135514736176s
2022-03-03 17:44:25.050646 (1.0, 500000.0, 8, 10.0, 0.3, 0.271, 2.0, 3) [0.41756402315638486 0.002416006022037656 0.005166724779991785] 1 1167.5321731567383s
2022-03-03 17:47:28.591400 (1.0, 500000.0, 9, 10.0, 0.3, 0.311, 2.0, 3) [0.31815621317282666 0.002343726543081377 0.013359088590630312] 1 1351.047322511673s
2022-03-03 17:47:34.795395 (1.0, 500000.0, 9, 10.0, 0.3, 0.291, 2.0, 3) [0.3485156708698478 0.0021190050731533143 0.0077531110743617555] 1 1357.2902221679688s
2022-03-03 17:47:35.935491 (1.0, 500000.0, 9, 10.0, 0.3, 0.306, 2.0, 3) [0.3237447828001937 0.002033818045174733 0.0120771234283035] 1 1358.1618466377258s
2022-03-03 17:52:41.775887 (1.0, 500000.0, 10, 10.0, 0.3, 0.318, 2.0, 3) [0.27616412746173846 0.0027118045752626344 0.016302632161670536] 1 1664.2093517780304s
2022-03-03 17:52:51.234564 (1.0, 500000.0, 10, 10.0, 0.3, 0.306, 2.0, 3) [0.29362893612988833 0.003392751014395849 0.011528400082251665] 1 1673.591425895691s
2022-03-03 17:52:53.674158 (1.0, 500000.0, 10, 10.0, 0.3, 0.311, 2.0, 3) [0.28687063079549524 0.0027033582307034233 0.013195281733976973] 1 1676.0054845809937s
2022-03-03 18:00:22.151885 (1.0, 500000.0, 11, 10.0, 0.3, 0.291, 2.0, 3) [0.2903982619882507 0.0022087553003107157 0.0068829187329824595] 1 2124.644056558609s
2022-03-03 18:00:22.457728 (1.0, 500000.0, 11, 10.0, 0.3, 0.301, 2.0, 3) [0.2753816038126726 0.0014278296402505828 0.009553385427666577] 1 2124.802187681198s
2022-03-03 18:00:26.821459 (1.0, 500000.0, 11, 10.0, 0.3, 0.311, 2.0, 3) [0.26204949609790806 0.001620724716297977 0.012815971162685355] 1 2129.1820085048676s
2022-03-03 18:00:26.988589 (1.0, 500000.0, 11, 10.0, 0.3, 0.296, 2.0, 3) [0.28113897410843974 0.002442145830491576 0.00842249885860989] 1 2129.240219593048s
2022-03-03 18:00:35.530087 (1.0, 500000.0, 11, 10.0, 0.3, 0.318, 2.0, 3) [0.25199650497953463 0.0015076798432825513 0.015967957848348684] 1 2138.033171892166s
2022-03-03 18:09:02.969713 (1.0, 500000.0, 9, 10.0, 0.3, 0.284, 2.0, 3) [0.35841744863025177 0.0021929607521027857 0.0064841473331722025] 1 2644.698142528534s
2022-03-03 18:09:05.968195 (1.0, 500000.0, 9, 10.0, 0.3, 0.301, 2.0, 3) [0.3328886713487855 0.0023369316355303397 0.010246133936702772] 1 2647.8479347229004s
2022-03-03 18:10:32.846217 (1.0, 500000.0, 9, 10.0, 0.3, 0.318, 2.0, 3) [0.3100072060666977 0.004880972912122623 0.01547626319580926] 1 2735.135885477066s
2022-03-03 18:10:34.672359 (1.0, 500000.0, 9, 10.0, 0.3, 0.298, 2.0, 3) [0.3373275992391098 0.0020393724352687115 0.009463804153304873] 1 2736.7656688690186s
2022-03-03 18:13:49.538451 (1.0, 500000.0, 12, 10.0, 0.3, 0.291, 2.0, 3) [0.2676917323532648 0.0012925854759381903 0.006621788778056889] 1 2931.78076505661s
2022-03-03 18:13:49.955846 (1.0, 500000.0, 12, 10.0, 0.3, 0.306, 2.0, 3) [0.24535519678028397 0.002780236468637936 0.011300258250010785] 1 2932.428986787796s
2022-03-03 18:13:51.733203 (1.0, 500000.0, 12, 10.0, 0.3, 0.271, 2.0, 3) [0.29876544038228914 0.001960635023080237 0.0031454572405446176] 1 2933.9878962039948s
2022-03-03 18:13:54.407342 (1.0, 500000.0, 12, 10.0, 0.3, 0.284, 2.0, 3) [0.2788966532360316 0.0029750485372686732 0.005063385627377152] 1 2936.851152896881s
2022-03-03 18:14:43.908036 (1.0, 500000.0, 12, 10.0, 0.3, 0.311, 2.0, 3) [0.24026969171556575 0.00254032087018766 0.012778768960519356] 1 2986.3545904159546s
2022-03-03 18:19:11.115387 (1.0, 500000.0, 10, 10.0, 0.3, 0.304, 2.0, 3) [0.29853998918145047 0.002911807785082512 0.010454543938413684] 1 3253.1171827316284s
2022-03-03 18:19:14.707276 (1.0, 500000.0, 10, 10.0, 0.3, 0.271, 2.0, 3) [0.3494143703250148 0.0036929153343143914 0.0037869763227837824] 1 3257.114827632904s
2022-03-03 18:19:56.167823 (1.0, 500000.0, 10, 10.0, 0.3, 0.301, 2.0, 3) [0.30288300385830635 0.002234560668807717 0.009596526495924532] 1 3298.454134464264s
2022-03-03 18:19:58.634856 (1.0, 500000.0, 10, 10.0, 0.3, 0.298, 2.0, 3) [0.304566183565139 0.002204158661889602 0.009256778330500193] 1 3300.7567989826202s
2022-03-03 18:31:50.901138 (1.0, 500000.0, 13, 10.0, 0.3, 0.311, 2.0, 3) [0.2204497625441521 0.0024383326636711103 0.013200009302781387] 1 4013.32098531723s
2022-03-03 18:31:57.509930 (1.0, 500000.0, 13, 10.0, 0.3, 0.318, 2.0, 3) [0.2120770432371981 0.0021469425502830134 0.016399827490850054] 1 4019.983222961426s
2022-03-03 18:31:57.509664 (1.0, 500000.0, 13, 10.0, 0.3, 0.331, 2.0, 3) [0.19409970726572312 0.0020206483253116074 0.026076418726697567] 1 4019.938866376877s
2022-03-03 18:50:38.644496 (1.0, 500000.0, 9, 10.0, 0.3, 0.331, 2.0, 3) [0.29078910321601287 0.00326875960191038 0.02178042044915245] 1 5140.385029792786s
2022-03-03 18:51:27.412368 (1.0, 500000.0, 9, 10.0, 0.3, 0.271, 2.0, 3) [0.38070885437739077 0.0028381188594112025 0.004344481557121019] 1 5189.255459308624s
2022-03-03 18:51:35.798868 (1.0, 500000.0, 9, 10.0, 0.3, 0.304, 2.0, 3) [0.3287067138842312 0.00242676715697049 0.01105132037949999] 1 5198.1033618450165s
2022-03-03 18:51:45.760376 (1.0, 500000.0, 9, 10.0, 0.3, 0.296, 2.0, 3) [0.3399579325225804 0.0022718716138004505 0.009024552693296587] 1 5207.766189336777s
2022-03-03 18:52:54.362135 (1.0, 500000.0, 14, 10.0, 0.3, 0.271, 2.0, 3) [0.26427877938892813 0.0016552588793365566 0.0024959562018699523] 1 5276.481850147247s
2022-03-03 18:52:58.633334 (1.0, 500000.0, 14, 10.0, 0.3, 0.318, 2.0, 3) [0.19568700760785945 0.0021789835672238115 0.01694215348174452] 1 5280.770210027695s
2022-03-03 18:53:09.081945 (1.0, 500000.0, 14, 10.0, 0.3, 0.284, 2.0, 3) [0.2415100166720977 0.002399988100098808 0.004711146904961136] 1 5291.506947994232s
2022-03-03 18:55:33.729199 (1.0, 500000.0, 7, 10.0, 0.3, 0.291, 2.0, 3) [0.43566312217435255 0.0032647920755393455 0.009285402495826134] 1 5435.54926776886s
2022-03-03 18:55:35.822517 (1.0, 500000.0, 7, 10.0, 0.3, 0.318, 2.0, 3) [0.3956382239064239 0.002400449480273515 0.01619938530596029] 1 5436.84935593605s
2022-03-03 18:55:37.822800 (1.0, 500000.0, 7, 10.0, 0.3, 0.304, 2.0, 3) [0.41604501352318934 0.0034825359884043793 0.012200375514966715] 1 5439.343629837036s
2022-03-03 18:55:38.229612 (1.0, 500000.0, 7, 10.0, 0.3, 0.296, 2.0, 3) [0.4286372024373623 0.00227159806848725 0.010233666645592006] 1 5439.756633043289s
2022-03-03 18:55:41.539653 (1.0, 500000.0, 7, 10.0, 0.3, 0.306, 2.0, 3) [0.41387016306207647 0.0037773570216492014 0.012565093625796268] 1 5442.9953689575195s
2022-03-03 18:55:41.539653 (1.0, 500000.0, 7, 10.0, 0.3, 0.284, 2.0, 3) [0.44527509781198477 0.004649856138107192 0.008100096184083928] 1 5443.127083778381s
2022-03-03 19:06:14.054991 (1.0, 500000.0, 6, 10.0, 0.3, 0.271, 2.0, 3) [0.528647857003753 0.003149699252072994 0.007285888228870884] 1 6079.436577320099s
2022-03-03 19:06:28.404256 (1.0, 500000.0, 6, 10.0, 0.3, 0.318, 2.0, 3) [0.45668456929431683 0.0022475088455207117 0.01724121841994661] 1 6094.015407323837s
2022-03-03 19:06:49.421284 (1.0, 500000.0, 6, 10.0, 0.3, 0.304, 2.0, 3) [0.47762013371750606 0.0028649496306962685 0.013426863263304034] 1 6115.197693109512s
2022-03-03 19:06:50.679449 (1.0, 500000.0, 6, 10.0, 0.3, 0.291, 2.0, 3) [0.4983862366385489 0.005024461426467975 0.010472808960820668] 1 6116.333555936813s
2022-03-03 19:07:01.106057 (1.0, 500000.0, 6, 10.0, 0.3, 0.306, 2.0, 3) [0.4754340276961011 0.002655481343309198 0.013780635153406655] 1 6127.110992193222s
2022-03-03 19:07:08.488775 (1.0, 500000.0, 6, 10.0, 0.3, 0.301, 2.0, 3) [0.4824429886221855 0.00383117794076542 0.012666121007339184] 1 6134.6748921871185s
2022-03-03 19:08:36.576055 (1.0, 500000.0, 8, 10.0, 0.3, 0.296, 2.0, 3) [0.3780326558429413 0.002042736128410663 0.00972016535764502] 1 6217.23898768425s
2022-03-03 19:08:54.128532 (1.0, 500000.0, 8, 10.0, 0.3, 0.284, 2.0, 3) [0.39566135718507023 0.0020042828173442453 0.007333700914031041] 1 6235.366422176361s
2022-03-03 19:08:56.446035 (1.0, 500000.0, 8, 10.0, 0.3, 0.306, 2.0, 3) [0.36369564323301085 0.002454635749536624 0.01221306626088878] 1 6237.840679168701s
2022-03-03 19:08:57.369460 (1.0, 500000.0, 8, 10.0, 0.3, 0.291, 2.0, 3) [0.38696118654313255 0.003303091159007625 0.0084379392269449] 1 6238.704076051712s
2022-03-03 19:08:58.226016 (1.0, 500000.0, 8, 10.0, 0.3, 0.311, 2.0, 3) [0.35715900368457876 0.0031697074641706367 0.013563354220347192] 1 6240.2609276771545s
2022-03-03 19:09:51.170460 (1.0, 500000.0, 8, 10.0, 0.3, 0.318, 2.0, 3) [0.34652496351597367 0.0021378146003283014 0.016075008276704935] 1 6292.9066298007965s
2022-03-03 19:13:11.273817 (1.0, 500000.0, 10, 10.0, 0.3, 0.291, 2.0, 3) [0.3148078692240547 0.0018874939055968183 0.00754609681340698] 1 6493.37277173996s
2022-03-03 19:14:02.300866 (1.0, 500000.0, 10, 10.0, 0.3, 0.296, 2.0, 3) [0.309978624968081 0.001709873101529167 0.008329371227197393] 1 6544.019166707993s
2022-03-03 19:15:02.177124 (1.0, 500000.0, 10, 10.0, 0.3, 0.284, 2.0, 3) [0.32755053635164366 0.00237248366517552 0.005858603488336287] 1 6604.096041202545s
2022-03-03 19:15:26.925404 (1.0, 500000.0, 10, 10.0, 0.3, 0.331, 2.0, 3) [0.2617403674954058 0.0030580037055521767 0.021777985760686996] 1 6628.942538738251s
2022-03-03 20:06:42.619617 (1.0, 500000.0, 13, 10.0, 0.3, 0.296, 2.0, 3) [0.24328646321943626 0.002030152873792825 0.007308211451389744] 1 9704.848784446716s
2022-03-03 20:06:43.486334 (1.0, 500000.0, 13, 10.0, 0.3, 0.301, 2.0, 3) [0.23439620802382172 0.002561425052151935 0.009201390568453217] 1 9705.861666679382s
2022-03-03 20:08:09.159731 (1.0, 500000.0, 13, 10.0, 0.3, 0.298, 2.0, 3) [0.24111705302335196 0.0025952990900929614 0.007743138419862257] 1 9791.43654537201s
2022-03-03 20:08:15.750979 (1.0, 500000.0, 13, 10.0, 0.3, 0.271, 2.0, 3) [0.27955863852774404 0.0027143886523977325 0.0028487238044200246] 1 9798.078761577606s
2022-03-03 20:45:13.704531 (1.0, 500000.0, 14, 10.0, 0.3, 0.298, 2.0, 3) [0.22508811069835905 0.002141405556815701 0.007476983574024065] 1 12015.44698023796s
2022-03-03 20:45:15.597652 (1.0, 500000.0, 14, 10.0, 0.3, 0.331, 2.0, 3) [0.17874810793109183 0.0025271618187250834 0.027109660456292237] 1 12017.553932905197s
2022-03-03 20:51:16.886215 (1.0, 500000.0, 14, 10.0, 0.3, 0.301, 2.0, 3) [0.21837029099184765 0.0022009648061340117 0.009009443502818806] 1 12378.625577926636s
2022-03-03 20:51:21.160266 (1.0, 500000.0, 14, 10.0, 0.3, 0.311, 2.0, 3) [0.2040991549164851 0.0019152065441433459 0.013406432456822654] 1 12383.084042549133s
2022-03-03 21:42:48.768367 (1.0, 500000.0, 11, 10.0, 0.3, 0.271, 2.0, 3) [0.3219869678829553 0.0024876873075226034 0.003434916322458604] 1 15469.867599725723s
2022-03-03 21:44:12.386238 (1.0, 500000.0, 11, 10.0, 0.3, 0.306, 2.0, 3) [0.26972882812354687 0.0027998269233957995 0.01083467919439001] 1 15553.537137269974s
2022-03-03 21:47:21.624500 (1.0, 500000.0, 11, 10.0, 0.3, 0.304, 2.0, 3) [0.2739082759032303 0.0027488921114332938 0.009882750928662759] 1 15742.971409320831s
2022-03-03 21:50:53.761306 (1.0, 500000.0, 11, 10.0, 0.3, 0.284, 2.0, 3) [0.3004782969765178 0.0014447170320573406 0.005513478163328684] 1 15955.939000368118s
2022-03-03 21:52:30.927195 (1.0, 500000.0, 11, 10.0, 0.3, 0.331, 2.0, 3) [0.2366958662317893 0.002508969634779622 0.022311933865929764] 1 16052.396623373032s
2022-03-03 21:53:33.866500 (1.0, 500000.0, 11, 10.0, 0.3, 0.298, 2.0, 3) [0.28056924542743816 0.002187140466651037 0.00853641770942958] 1 16115.46555519104s
2022-03-03 22:24:13.790071 (1.0, 500000.0, 13, 10.0, 0.3, 0.304, 2.0, 3) [0.23115973953741437 0.0023723608890104902 0.010005351230079744] 1 17955.37394118309s
2022-03-03 22:26:43.333963 (1.0, 500000.0, 13, 10.0, 0.3, 0.306, 2.0, 3) [0.22944702736396222 0.001976043960763551 0.010470689259730178] 1 18105.53755903244s
2022-03-03 22:32:19.668449 (1.0, 500000.0, 13, 10.0, 0.3, 0.284, 2.0, 3) [0.2593607949622795 0.003169470041712907 0.004813162702198919] 1 18441.556109905243s
2022-03-03 22:34:19.375364 (1.0, 500000.0, 13, 10.0, 0.3, 0.291, 2.0, 3) [0.2509984250560081 0.0025053655933343984 0.005986440524661468] 1 18561.40566134453s
2022-03-03 22:57:32.847331 (1.0, 500000.0, 12, 10.0, 0.3, 0.296, 2.0, 3) [0.260048306355679 0.0020460668331747037 0.007949630626062128] 1 19953.962702274323s
2022-03-03 22:57:39.927720 (1.0, 500000.0, 12, 10.0, 0.3, 0.318, 2.0, 3) [0.23238590855881922 0.0024469414963907837 0.015438605398588432] 1 19961.20051264763s
2022-03-03 23:05:58.079083 (1.0, 500000.0, 12, 10.0, 0.3, 0.304, 2.0, 3) [0.2505784729039781 0.002901503064919782 0.009990403349283451] 1 20458.9748814106s
2022-03-03 23:08:29.742820 (1.0, 500000.0, 12, 10.0, 0.3, 0.331, 2.0, 3) [0.21481966347697623 0.0021985482202161433 0.02345556898558896] 1 20610.815618038177s
2022-03-03 23:12:16.204203 (1.0, 500000.0, 12, 10.0, 0.3, 0.298, 2.0, 3) [0.2563966471687732 0.0022026522277814 0.008677620062195766] 1 20838.445734739304s
2022-03-03 23:14:05.015175 (1.0, 500000.0, 12, 10.0, 0.3, 0.301, 2.0, 3) [0.2567366719575788 0.0031787979744333766 0.008633701098153935] 1 20946.49901151657s
2022-03-03 23:38:43.407423 (1.0, 500000.0, 14, 10.0, 0.3, 0.296, 2.0, 3) [0.22627693886314074 0.0016590816078990312 0.007223907144194219] 1 22425.062109947205s
2022-03-03 23:38:50.234768 (1.0, 500000.0, 14, 10.0, 0.3, 0.306, 2.0, 3) [0.209924099561849 0.0019906158850158855 0.011378987539037693] 1 22432.127945184708s
2022-03-03 23:39:24.347347 (1.0, 500000.0, 14, 10.0, 0.3, 0.291, 2.0, 3) [0.23288994979246283 0.0023932047955187506 0.006001665254075509] 1 22466.179379940033s
2022-03-03 23:39:30.280022 (1.0, 500000.0, 14, 10.0, 0.3, 0.304, 2.0, 3) [0.2153457379560615 0.002556001675834197 0.009807649313240643] 1 22472.180607557297s
2022-03-05 16:34:17.751385 (1.0, 500000.0, 15, 10.0, 0.3, 0.298, 2.0, 3) [0.20871527378515914 0.0016167178979231804 0.0077780628258415346] 1 11182.186665058136s
2022-03-05 16:34:25.478441 (1.0, 500000.0, 15, 10.0, 0.3, 0.271, 2.0, 3) [0.24805637381329376 0.0010182924570022627 0.0023871944115765853] 1 11189.8851583004s
2022-03-05 16:35:09.441040 (1.0, 500000.0, 15, 10.0, 0.3, 0.284, 2.0, 3) [0.2283310635802541 0.0023684230239952534 0.004315046855542182] 1 11233.807987451553s
2022-03-05 17:47:45.990460 (1.0, 500000.0, 16, 10.0, 0.3, 0.306, 2.0, 3) [0.18536517592707769 0.0016293732356099588 0.01079316928965377] 1 15590.358828306198s
2022-03-05 17:51:46.046326 (1.0, 500000.0, 16, 10.0, 0.3, 0.304, 2.0, 3) [0.18833683170094176 0.001513279663037049 0.009811462534417803] 1 15830.401822328568s
2022-03-05 17:53:06.486660 (1.0, 500000.0, 16, 10.0, 0.3, 0.284, 2.0, 3) [0.21561725137423507 0.001302759333388667 0.004102915568308304] 1 15910.79626917839s
2022-03-05 19:19:23.478502 (1.0, 500000.0, 17, 10.0, 0.3, 0.271, 2.0, 3) [0.22399355278244876 0.0024293181160664878 0.0020039363438509954] 1 21087.612045288086s
2022-03-05 20:26:51.452179 (1.0, 500000.0, 15, 10.0, 0.3, 0.296, 2.0, 3) [0.20945929177907593 0.0026916799890594405 0.007590440977269621] 1 25135.63536453247s
2022-03-05 20:26:59.680336 (1.0, 500000.0, 15, 10.0, 0.3, 0.318, 2.0, 3) [0.18055813334190654 0.0014352366317516344 0.018021456664854166] 1 25143.994123458862s
2022-03-05 20:29:30.432721 (1.0, 500000.0, 15, 10.0, 0.3, 0.331, 2.0, 3) [0.1648613948145535 0.0012461991512511244 0.028727081961861665] 1 25294.59534215927s
2022-03-05 20:30:21.695752 (1.0, 500000.0, 15, 10.0, 0.3, 0.301, 2.0, 3) [0.20508396104280147 0.0020404818875838877 0.008664728886820653] 1 25345.98042201996s
2022-03-05 21:31:55.378231 (1.0, 500000.0, 18, 10.0, 0.3, 0.301, 2.0, 3) [0.1694953653474094 0.002395393825925962 0.00907925388034216] 1 29039.470987796783s
2022-03-05 21:32:13.865981 (1.0, 500000.0, 18, 10.0, 0.3, 0.291, 2.0, 3) [0.18300168631968125 0.00399622579097804 0.005590095981941922] 1 29057.945112466812s
2022-03-05 21:33:25.360637 (1.0, 500000.0, 18, 10.0, 0.3, 0.331, 2.0, 3) [0.1345559612759155 0.0023709359219989635 0.0317670309547975] 1 29129.44117283821s
2022-03-05 21:34:11.593911 (1.0, 500000.0, 18, 10.0, 0.3, 0.311, 2.0, 3) [0.15727512087424156 0.0011247937539074632 0.014092558446651936] 1 29175.61881017685s
2022-03-05 21:36:17.276957 (1.0, 500000.0, 18, 10.0, 0.3, 0.296, 2.0, 3) [0.17527094889987674 0.0018183934594608476 0.007378938282858842] 1 29301.33508849144s
2022-03-05 22:56:08.946359 (1.0, 500000.0, 16, 10.0, 0.3, 0.331, 2.0, 3) [0.15419576437369845 0.002174112323756635 0.02906592633070893] 1 34093.064145326614s
2022-03-05 22:56:19.935924 (1.0, 500000.0, 16, 10.0, 0.3, 0.271, 2.0, 3) [0.23677453661190065 0.001481668057827845 0.0020880979532788375] 1 34104.258325099945s
2022-03-06 00:15:01.999458 (1.0, 500000.0, 19, 10.0, 0.3, 0.311, 2.0, 3) [0.14993647066519505 0.0016407516718381138 0.013607611830867394] 1 38770.51030921936s
2022-03-06 00:18:54.390671 (1.0, 500000.0, 19, 10.0, 0.3, 0.291, 2.0, 3) [0.17478288126777586 0.0021684494822628523 0.005298500128620209] 1 39002.953644275665s
2022-03-06 00:19:18.258672 (1.0, 500000.0, 19, 10.0, 0.3, 0.301, 2.0, 3) [0.16007482644189847 0.001975250633781937 0.009247907843118915] 1 39026.45197725296s
2022-03-06 00:20:46.636631 (1.0, 500000.0, 19, 10.0, 0.3, 0.296, 2.0, 3) [0.1673728347433777 0.0024228766916069545 0.007013719940292281] 1 39114.35280108452s
2022-03-06 00:21:11.728608 (1.0, 500000.0, 19, 10.0, 0.3, 0.284, 2.0, 3) [0.1845353439771094 0.0020501962626960166 0.0036586756893522256] 1 39139.604892253876s
2022-03-06 02:16:32.255849 (1.0, 500000.0, 17, 10.0, 0.3, 0.318, 2.0, 3) [0.1591139642419468 0.0021560545098093763 0.018108029222993212] 1 46116.1120967865s
2022-03-06 02:17:27.453276 (1.0, 500000.0, 17, 10.0, 0.3, 0.301, 2.0, 3) [0.17798712724874105 0.003558462203621855 0.009548659634512027] 1 46171.479110240936s
2022-03-06 02:18:04.934800 (1.0, 500000.0, 17, 10.0, 0.3, 0.311, 2.0, 3) [0.16830749149783863 0.0021434037888726663 0.013277868840337487] 1 46208.75442862511s
2022-03-06 02:18:08.849263 (1.0, 500000.0, 17, 10.0, 0.3, 0.331, 2.0, 3) [0.14283156387989068 0.0018913314095854166 0.03136857472093416] 1 46212.85400080681s
2022-03-06 02:21:13.103094 (1.0, 500000.0, 17, 10.0, 0.3, 0.291, 2.0, 3) [0.19280882399692165 0.0014464906924002284 0.00577808118180497] 1 46396.96300292015s
2022-03-06 02:21:33.172481 (1.0, 500000.0, 17, 10.0, 0.3, 0.304, 2.0, 3) [0.17501414654817668 0.0016900216823556098 0.010573858266057385] 1 46417.18786239624s
2022-03-06 02:27:01.401611 (1.0, 500000.0, 17, 10.0, 0.3, 0.284, 2.0, 3) [0.20392545209228957 0.0016686034899768634 0.003962836546120753] 1 46745.21686029434s
2022-03-06 02:28:32.766678 (1.0, 500000.0, 17, 10.0, 0.3, 0.296, 2.0, 3) [0.18760095941439173 0.0018928051660535834 0.006901377067681313] 1 46836.784118652344s
2022-03-06 02:30:09.382043 (1.0, 500000.0, 17, 10.0, 0.3, 0.298, 2.0, 3) [0.1848700974907215 0.002032457656945536 0.007570196562670564] 1 46933.22165060043s
2022-03-06 02:34:21.938737 (1.0, 500000.0, 17, 10.0, 0.3, 0.306, 2.0, 3) [0.17321419163916343 0.0014456888255299039 0.011241212152607368] 1 47185.90571784973s
2022-03-06 03:03:24.554624 (1.0, 500000.0, 15, 10.0, 0.3, 0.304, 2.0, 3) [0.2021612963736236 0.0013779169968816901 0.009464535638060746] 1 48928.434081077576s
2022-03-06 03:04:21.790852 (1.0, 500000.0, 15, 10.0, 0.3, 0.311, 2.0, 3) [0.1900616475205893 0.0014856293166462112 0.013567883373967471] 1 48985.85090637207s
2022-03-06 03:08:53.226326 (1.0, 500000.0, 15, 10.0, 0.3, 0.291, 2.0, 3) [0.2184447362360495 0.0017040314503754658 0.00580656491386016] 1 49257.36344766617s
2022-03-06 03:09:31.284979 (1.0, 500000.0, 15, 10.0, 0.3, 0.306, 2.0, 3) [0.19598672430530928 0.001795200006302941 0.011358031583557153] 1 49295.57534861565s
2022-03-06 03:36:33.726912 (1.0, 500000.0, 16, 10.0, 0.3, 0.296, 2.0, 3) [0.19761536918018457 0.0034140615682078583 0.007286160992091905] 1 50917.72034192085s
2022-03-06 03:36:58.631044 (1.0, 500000.0, 16, 10.0, 0.3, 0.301, 2.0, 3) [0.19306261250145926 0.0009723212720947739 0.008438742106368037] 1 50942.754375457764s
2022-03-06 03:38:44.075597 (1.0, 500000.0, 16, 10.0, 0.3, 0.298, 2.0, 3) [0.19454594771040232 0.002463439992999623 0.008040236254838332] 1 51048.16968226433s
2022-03-06 03:39:27.107523 (1.0, 500000.0, 16, 10.0, 0.3, 0.291, 2.0, 3) [0.20414976774138976 0.002103021549684688 0.005918195644230216] 1 51091.23658967018s
2022-03-06 03:41:14.677409 (1.0, 500000.0, 16, 10.0, 0.3, 0.311, 2.0, 3) [0.17800848274625428 0.0021059509685199857 0.01363369666218504] 1 51198.986094236374s
2022-03-06 03:43:17.151269 (1.0, 500000.0, 16, 10.0, 0.3, 0.318, 2.0, 3) [0.16755985057003636 0.002497364121670273 0.018988085190573857] 1 51321.44581770897s
2022-03-06 04:56:43.977829 (1.0, 500000.0, 20, 10.0, 0.3, 0.298, 2.0, 3) [0.1555545630621944 0.0019822445492685297 0.008045121164850854] 1 50741.517798662186s
2022-03-06 05:02:50.585361 (1.0, 500000.0, 20, 10.0, 0.3, 0.291, 2.0, 3) [0.16573949252901224 0.002383053480957484 0.005354952944505116] 1 51108.03634047508s
2022-03-06 05:03:22.666331 (1.0, 500000.0, 20, 10.0, 0.3, 0.318, 2.0, 3) [0.13065249487405828 0.001984529852802259 0.021686904564609845] 1 51140.1298930645s
2022-03-06 05:05:16.118769 (1.0, 500000.0, 20, 10.0, 0.3, 0.296, 2.0, 3) [0.15989802862744742 0.0033986056949793847 0.006766011516300058] 1 51253.523862838745s
2022-03-06 05:13:58.021202 (1.0, 500000.0, 20, 10.0, 0.3, 0.271, 2.0, 3) [0.19375370224642924 0.002899298420354992 0.0017489575058321194] 1 51775.387031793594s
2022-03-06 10:19:39.902931 (1.0, 500000.0, 21, 10.0, 0.3, 0.284, 2.0, 3) [0.16869780019987046 0.0015990807662890805 0.0033972207628372632] 1 67434.76704668999s
2022-03-06 10:19:40.586918 (1.0, 500000.0, 21, 10.0, 0.3, 0.291, 2.0, 3) [0.1589975001414192 0.0016814197636343627 0.005104934199994004] 1 67435.38940477371s
2022-03-06 10:22:37.337166 (1.0, 500000.0, 21, 10.0, 0.3, 0.311, 2.0, 3) [0.1325379999610768 0.0015002184381974829 0.015457547587294536] 1 67612.11240625381s
2022-03-06 10:32:22.917823 (1.0, 500000.0, 21, 10.0, 0.3, 0.301, 2.0, 3) [0.1446116181231525 0.002002087452838119 0.00932815857802067] 1 68197.6568107605s
2022-03-06 10:35:02.320349 (1.0, 500000.0, 21, 10.0, 0.3, 0.306, 2.0, 3) [0.13890834596924642 0.0021879932471801085 0.011842921889528962] 1 68357.08159041405s
2022-03-06 15:52:18.313423 (1.0, 500000.0, 22, 10.0, 0.3, 0.301, 2.0, 3) [0.13867449532359102 0.0017830079321764995 0.009072826076784017] 1 86685.40085577965s
2022-03-06 16:08:02.273406 (1.0, 500000.0, 22, 10.0, 0.3, 0.306, 2.0, 3) [0.13140208523058894 0.0021093281130076568 0.0124698175488391] 1 87629.3065071106s
2022-03-06 16:11:34.191864 (1.0, 500000.0, 22, 10.0, 0.3, 0.271, 2.0, 3) [0.18263464979727037 0.0024377437795992667 0.0013140603106824012] 1 87841.16360902786s
2022-03-06 16:20:27.384399 (1.0, 500000.0, 22, 10.0, 0.3, 0.331, 2.0, 3) [0.10305736732342441 0.0013858101428198537 0.042923353017188824] 1 88374.34893608093s
2022-03-06 16:39:58.617704 (1.0, 500000.0, 22, 10.0, 0.3, 0.304, 2.0, 3) [0.13300160574715536 0.0015447107594633552 0.01160930791697328] 1 89545.53886842728s
2022-03-07 15:46:29.256245 (1.0, 500000.0, 18, 10.0, 0.3, 0.271, 2.0, 3) [0.21505913025053752 0.0014426375912867282 0.0017667000707083946] 1 181112.4119539261s
2022-03-07 16:07:56.510050 (1.0, 500000.0, 18, 10.0, 0.3, 0.306, 2.0, 3) [0.1639643271384515 0.0016142818498785993 0.011087981182917976] 1 182399.94176530838s
2022-03-07 16:13:39.613769 (1.0, 500000.0, 18, 10.0, 0.3, 0.284, 2.0, 3) [0.19514311101047543 0.001967892678534099 0.003617561069301917] 1 182743.1923160553s
2022-03-07 16:17:29.725596 (1.0, 500000.0, 18, 10.0, 0.3, 0.304, 2.0, 3) [0.1652800504429088 0.001985682035708773 0.010565264388901482] 1 182973.4609799385s
2022-03-07 16:37:47.853623 (1.0, 500000.0, 18, 10.0, 0.3, 0.318, 2.0, 3) [0.14656142831092256 0.0013280301664997762 0.02065151352049624] 1 184191.6271648407s
2022-03-07 16:39:58.991840 (1.0, 500000.0, 18, 10.0, 0.3, 0.298, 2.0, 3) [0.1756402615048613 0.001596192836468885 0.007297343611271447] 1 184322.97649645805s
