2022-03-01 11:14:11.081074 (1.0, 500000.0, 6, 10.0, 0.3, 0.306, 2.0, 3) [0.474758201669874 0.002751713701653233 0.013906723782200833] 2 980.7752261161804s
2022-03-01 11:14:19.058717 (1.0, 500000.0, 6, 10.0, 0.3, 0.318, 2.0, 3) [0.45786032608272 0.001936911876025524 0.017023116009960832] 2 988.7545642852783s
2022-03-01 11:14:21.775324 (1.0, 500000.0, 6, 10.0, 0.3, 0.311, 2.0, 3) [0.4657286801070749 0.002167109004533562 0.01548113696039979] 2 991.4769856929779s
2022-03-01 11:14:46.079237 (1.0, 500000.0, 6, 10.0, 0.3, 0.331, 2.0, 3) [0.438154732872581 0.002713946439678158 0.021518020388458053] 2 1015.7573435306549s
2022-03-01 11:14:46.909476 (1.0, 500000.0, 6, 10.0, 0.3, 0.291, 2.0, 3) [0.5001906152687832 0.0034217842367595505 0.010249850509117154] 2 1016.6015865802765s
2022-03-01 11:16:37.359957 (1.0, 500000.0, 7, 10.0, 0.3, 0.318, 2.0, 3) [0.3943389554929656 0.003086675354836563 0.016483180383010165] 2 1127.0579500198364s
2022-03-01 11:16:39.646940 (1.0, 500000.0, 8, 10.0, 0.3, 0.331, 2.0, 3) [0.32940378470577825 0.0025694433796789075 0.02111537426218117] 2 1121.6292521953583s
2022-03-01 11:16:40.415359 (1.0, 500000.0, 7, 10.0, 0.3, 0.304, 2.0, 3) [0.41663515702012643 0.003373768941825034 0.012088155089345786] 2 1130.116426706314s
2022-03-01 11:16:40.884655 (1.0, 500000.0, 7, 10.0, 0.3, 0.271, 2.0, 3) [0.4667993461792752 0.0037711760688034753 0.005998586755854819] 2 1130.5818247795105s
2022-03-01 11:16:41.670469 (1.0, 500000.0, 7, 10.0, 0.3, 0.301, 2.0, 3) [0.41991714199125424 0.002865962404158646 0.011549369565700981] 2 1131.3723073005676s
2022-03-01 11:16:44.195738 (1.0, 500000.0, 8, 10.0, 0.3, 0.284, 2.0, 3) [0.3984485780170377 0.0037401209040789953 0.007016550905693725] 2 1126.076027393341s
2022-03-01 11:16:44.851692 (1.0, 500000.0, 8, 10.0, 0.3, 0.301, 2.0, 3) [0.3731050111165039 0.002207949635599375 0.010520015175533937] 2 1126.2394452095032s
2022-03-01 11:16:46.330479 (1.0, 500000.0, 8, 10.0, 0.3, 0.291, 2.0, 3) [0.3848896064485816 0.0021094543392947565 0.008695139337824594] 2 1127.7056879997253s
2022-03-01 11:19:39.342321 (1.0, 500000.0, 9, 10.0, 0.3, 0.296, 2.0, 3) [0.3439473120318262 0.0022343574762258055 0.008417612886097305] 2 1313.7633900642395s
2022-03-01 11:19:43.845642 (1.0, 500000.0, 9, 10.0, 0.3, 0.291, 2.0, 3) [0.34912275033406315 0.0033201945372492827 0.007670956755257868] 2 1315.426061630249s
2022-03-01 11:20:14.981891 (1.0, 500000.0, 9, 10.0, 0.3, 0.304, 2.0, 3) [0.3286984363040088 0.002274736632846898 0.011061203786156725] 2 1337.1884980201721s
2022-03-01 11:20:17.084414 (1.0, 500000.0, 9, 10.0, 0.3, 0.311, 2.0, 3) [0.3182472681526138 0.0020002066027734757 0.013344487374241645] 2 1338.8469519615173s
2022-03-01 11:20:17.979735 (1.0, 500000.0, 9, 10.0, 0.3, 0.331, 2.0, 3) [0.29177035993153466 0.001785195757993548 0.02143774903022463] 2 1339.9205808639526s
2022-03-01 11:28:08.130028 (1.0, 500000.0, 10, 10.0, 0.3, 0.304, 2.0, 3) [0.29661707956746913 0.0030827459514845036 0.010855868791791286] 2 1822.527112007141s
2022-03-01 11:28:14.434186 (1.0, 500000.0, 10, 10.0, 0.3, 0.306, 2.0, 3) [0.29613688110500275 0.0016648784422947445 0.010971957944071352] 2 1817.4946727752686s
2022-03-01 11:28:15.164101 (1.0, 500000.0, 10, 10.0, 0.3, 0.318, 2.0, 3) [0.2810000336272984 0.0032151617970354175 0.014860659947012283] 2 1817.9431126117706s
2022-03-01 11:28:18.421559 (1.0, 500000.0, 10, 10.0, 0.3, 0.331, 2.0, 3) [0.26075947959896995 0.002336224326713527 0.022175878096657522] 2 1821.3651413917542s
2022-03-01 11:28:32.350724 (1.0, 500000.0, 10, 10.0, 0.3, 0.284, 2.0, 3) [0.3243824316070764 0.003230258265345794 0.006236324722165872] 2 1838.667352437973s
2022-03-01 11:30:27.674420 (1.0, 500000.0, 6, 10.0, 0.3, 0.306, 2.0, 3) [0.4778454120279012 0.0024149028246661388 0.01341339145281317] 2 976.5912337303162s
2022-03-01 11:30:32.035640 (1.0, 500000.0, 6, 10.0, 0.3, 0.318, 2.0, 3) [0.4580451979145702 0.004622650078538107 0.016969764905775397] 2 972.9750709533691s
2022-03-01 11:30:37.167296 (1.0, 500000.0, 6, 10.0, 0.3, 0.311, 2.0, 3) [0.4691539635057905 0.0040470928487382155 0.014868288470395482] 2 975.390044927597s
2022-03-01 11:31:28.793576 (1.0, 500000.0, 6, 10.0, 0.3, 0.331, 2.0, 3) [0.4401741918097028 0.0031803405227647692 0.021020764253045505] 2 1002.7117648124695s
2022-03-01 11:31:32.801290 (1.0, 500000.0, 6, 10.0, 0.3, 0.291, 2.0, 3) [0.49576567017305984 0.0035060974849427952 0.010800294867429719] 2 1005.8896234035492s
2022-03-01 11:35:14.202758 (1.0, 500000.0, 7, 10.0, 0.3, 0.318, 2.0, 3) [0.393789213877572 0.0036545698889025756 0.016621306659624854] 2 1116.8407905101776s
2022-03-01 11:35:15.305729 (1.0, 500000.0, 8, 10.0, 0.3, 0.331, 2.0, 3) [0.32724019826913797 0.0018900446396634683 0.02180711085583192] 2 1115.6566388607025s
2022-03-01 11:35:19.719181 (1.0, 500000.0, 8, 10.0, 0.3, 0.301, 2.0, 3) [0.3717208913307882 0.0031189386912517498 0.010745968182926793] 2 1114.8654782772064s
2022-03-01 11:35:20.316307 (1.0, 500000.0, 7, 10.0, 0.3, 0.301, 2.0, 3) [0.42174158063447087 0.002660281001340079 0.011257764495051914] 2 1118.643892288208s
2022-03-01 11:35:20.457647 (1.0, 500000.0, 7, 10.0, 0.3, 0.271, 2.0, 3) [0.4665575858947696 0.002618082652766642 0.006018753016498855] 2 1119.5711753368378s
2022-03-01 11:35:21.466541 (1.0, 500000.0, 8, 10.0, 0.3, 0.284, 2.0, 3) [0.3950764966072224 0.001648748660858045 0.00739408276105202] 2 1117.2687375545502s
2022-03-01 11:35:22.366133 (1.0, 500000.0, 7, 10.0, 0.3, 0.304, 2.0, 3) [0.4153189655512808 0.00294827113982463 0.012318675267016556] 2 1121.949003458023s
2022-03-01 11:35:25.464600 (1.0, 500000.0, 8, 10.0, 0.3, 0.291, 2.0, 3) [0.38883352711383645 0.004182265341790125 0.008184205414464041] 2 1119.132232427597s
2022-03-01 11:35:45.905141 (1.0, 500000.0, 8, 10.0, 0.3, 0.298, 2.0, 3) [0.3740056799413691 0.0026987680521620297 0.010354959395911944] 2 2267.240062713623s
2022-03-01 11:35:51.471400 (1.0, 500000.0, 8, 10.0, 0.3, 0.311, 2.0, 3) [0.35592710195861116 0.0016154475761348814 0.013819014001676221] 2 2270.3906350135803s
2022-03-01 11:37:45.991235 (1.0, 500000.0, 11, 10.0, 0.3, 0.304, 2.0, 3) [0.27225904114539506 0.0019366535758110004 0.01023895977386122] 2 2393.2587411403656s
2022-03-01 11:37:50.422054 (1.0, 500000.0, 11, 10.0, 0.3, 0.291, 2.0, 3) [0.2922101612647785 0.00271028596177858 0.006614404934241801] 2 2391.755605697632s
2022-03-01 11:37:50.732767 (1.0, 500000.0, 11, 10.0, 0.3, 0.296, 2.0, 3) [0.2813720468671558 0.002440539986034093 0.008373237696315764] 2 2392.0692291259766s
2022-03-01 11:37:58.359396 (1.0, 500000.0, 11, 10.0, 0.3, 0.301, 2.0, 3) [0.2748073951097394 0.002461812147088431 0.009666503346068358] 2 2410.666164159775s
2022-03-01 11:38:05.174933 (1.0, 500000.0, 7, 10.0, 0.3, 0.296, 2.0, 3) [0.42601121149492055 0.0026995994989886074 0.010593002791218163] 2 2414.5340406894684s
2022-03-01 11:38:09.430588 (1.0, 500000.0, 7, 10.0, 0.3, 0.291, 2.0, 3) [0.4346776861243065 0.003342686345010543 0.009401539116875355] 2 2418.9704716205597s
2022-03-01 11:41:07.848680 (1.0, 500000.0, 9, 10.0, 0.3, 0.296, 2.0, 3) [0.33951044615175174 0.002850953376421726 0.009100871958797432] 2 1288.5043733119965s
2022-03-01 11:41:14.056709 (1.0, 500000.0, 9, 10.0, 0.3, 0.291, 2.0, 3) [0.34945211648380703 0.0022112705472995473 0.0076231699275383326] 2 1290.2091290950775s
2022-03-01 11:41:58.203034 (1.0, 500000.0, 9, 10.0, 0.3, 0.304, 2.0, 3) [0.3282210169205926 0.0030958313583345927 0.011145719574929106] 2 1303.2187168598175s
2022-03-01 11:42:01.499197 (1.0, 500000.0, 9, 10.0, 0.3, 0.311, 2.0, 3) [0.31847997412040097 0.0028166054897981034 0.013282291028283122] 2 1304.4125981330872s
2022-03-01 11:42:02.235114 (1.0, 500000.0, 9, 10.0, 0.3, 0.331, 2.0, 3) [0.2911938620443686 0.0024935259077847817 0.021636740867849745] 2 1304.2532088756561s
2022-03-01 11:49:34.097289 (1.0, 500000.0, 12, 10.0, 0.3, 0.301, 2.0, 3) [0.25531583185187917 0.002292788208123285 0.008914996498936036] 2 3108.4824204444885s
2022-03-01 11:49:34.348859 (1.0, 500000.0, 12, 10.0, 0.3, 0.318, 2.0, 3) [0.22775303812835146 0.002829882118365335 0.017191034771610013] 2 3102.2327630519867s
2022-03-01 11:49:42.032672 (1.0, 500000.0, 12, 10.0, 0.3, 0.296, 2.0, 3) [0.259014215061708 0.0034348322815569436 0.00814886870569397] 2 3104.8151428699493s
2022-03-01 11:49:42.600540 (1.0, 500000.0, 12, 10.0, 0.3, 0.284, 2.0, 3) [0.2771374247299968 0.0029438468379833853 0.005280332020939358] 2 3104.5271916389465s
2022-03-01 11:58:08.700837 (1.0, 500000.0, 10, 10.0, 0.3, 0.306, 2.0, 3) [0.29734424494900147 0.0038784002865504593 0.010714556036011689] 2 1794.2644340991974s
2022-03-01 11:58:09.810926 (1.0, 500000.0, 10, 10.0, 0.3, 0.318, 2.0, 3) [0.2771992772324002 0.0017650289473125935 0.015979650374876007] 2 1794.6446733474731s
2022-03-01 11:58:10.123782 (1.0, 500000.0, 10, 10.0, 0.3, 0.304, 2.0, 3) [0.298402460909245 0.002552376214414407 0.010479897052115607] 2 1801.991690158844s
2022-03-01 11:58:17.833862 (1.0, 500000.0, 10, 10.0, 0.3, 0.331, 2.0, 3) [0.2598434586927653 0.0019716213892200345 0.02257050912853225] 2 1799.4102487564087s
2022-03-01 11:58:40.729490 (1.0, 500000.0, 10, 10.0, 0.3, 0.284, 2.0, 3) [0.3285739065182611 0.0030638011904841915 0.005745503356729675] 2 1808.3766260147095s
2022-03-01 12:08:23.200843 (1.0, 500000.0, 13, 10.0, 0.3, 0.298, 2.0, 3) [0.23741550597410868 0.0026791199116930463 0.008500509958877682] 2 4225.29842376709s
2022-03-01 12:08:37.345820 (1.0, 500000.0, 13, 10.0, 0.3, 0.306, 2.0, 3) [0.22950865583321953 0.002327610886503471 0.010447517621352945] 2 4239.278990983963s
2022-03-01 12:08:43.974777 (1.0, 500000.0, 13, 10.0, 0.3, 0.296, 2.0, 3) [0.24149498851756784 0.0016870129289550892 0.007644135729523406] 2 4246.682709932327s
2022-03-01 12:09:04.287521 (1.0, 500000.0, 13, 10.0, 0.3, 0.291, 2.0, 3) [0.25071331565927063 0.0018460896511347793 0.006022329094456121] 2 4275.707821130753s
2022-03-01 12:09:11.328984 (1.0, 500000.0, 13, 10.0, 0.3, 0.311, 2.0, 3) [0.22024736190890132 0.0016456118252155634 0.013266522876205002] 2 4279.158830165863s
2022-03-01 12:09:53.835771 (1.0, 500000.0, 8, 10.0, 0.3, 0.298, 2.0, 3) [0.37646285299479504 0.002580388965765458 0.009961130882865554] 2 2047.928273677826s
2022-03-01 12:09:57.485337 (1.0, 500000.0, 8, 10.0, 0.3, 0.311, 2.0, 3) [0.3574489067094997 0.002785152542878912 0.01349590020302344] 2 2046.006424188614s
2022-03-01 12:16:22.873357 (1.0, 500000.0, 11, 10.0, 0.3, 0.291, 2.0, 3) [0.2920553657466215 0.0026806735975304593 0.006642715466299917] 2 2312.449001789093s
2022-03-01 12:16:23.208313 (1.0, 500000.0, 11, 10.0, 0.3, 0.296, 2.0, 3) [0.2820286913871939 0.0019455435904048722 0.008265242492079413] 2 2312.4734468460083s
2022-03-01 12:16:23.339747 (1.0, 500000.0, 11, 10.0, 0.3, 0.304, 2.0, 3) [0.27043739045292 0.002083932860014701 0.010649860264933662] 2 2317.3463768959045s
2022-03-01 12:16:52.423167 (1.0, 500000.0, 11, 10.0, 0.3, 0.301, 2.0, 3) [0.27520396716472556 0.002397077253780667 0.00959255634372734] 2 2334.0616750717163s
2022-03-01 12:18:08.421336 (1.0, 500000.0, 7, 10.0, 0.3, 0.296, 2.0, 3) [0.42540900647018925 0.0022158057631237855 0.010688524094218029] 2 2403.2444820404053s
2022-03-01 12:18:15.023702 (1.0, 500000.0, 7, 10.0, 0.3, 0.291, 2.0, 3) [0.4343154827604059 0.004278018844982183 0.009446357843237762] 2 2405.5905182361603s
2022-03-01 12:30:05.845924 (1.0, 500000.0, 8, 10.0, 0.3, 0.304, 2.0, 3) [0.3682768115022995 0.002611734058579249 0.011369347220115147] 2 5537.790099143982s
2022-03-01 12:30:39.762241 (1.0, 500000.0, 8, 10.0, 0.3, 0.318, 2.0, 3) [0.3456819162519805 0.002701757566421133 0.01625431521900834] 2 5556.424776554108s
2022-03-01 12:30:42.580212 (1.0, 500000.0, 8, 10.0, 0.3, 0.306, 2.0, 3) [0.3639466338326177 0.0028334157540842327 0.01216378436610501] 2 5557.707236766815s
2022-03-01 12:31:11.852630 (1.0, 500000.0, 8, 10.0, 0.3, 0.271, 2.0, 3) [0.41508633992934896 0.005771870985868505 0.0053729613549188615] 2 5587.622063159943s
2022-03-01 12:31:17.523709 (1.0, 500000.0, 8, 10.0, 0.3, 0.296, 2.0, 3) [0.37784645442471804 0.0025889467143465155 0.009745059025335834] 2 5594.076661348343s
2022-03-01 12:32:59.093718 (1.0, 500000.0, 11, 10.0, 0.3, 0.331, 2.0, 3) [0.23666836629208854 0.001216969312988112 0.022331142852356968] 2 5699.02096247673s
2022-03-01 12:32:59.134975 (1.0, 500000.0, 11, 10.0, 0.3, 0.298, 2.0, 3) [0.27829279113253486 0.0015187872110681685 0.008962609936664213] 2 5700.793252706528s
2022-03-01 12:38:19.014692 (1.0, 500000.0, 12, 10.0, 0.3, 0.301, 2.0, 3) [0.25525674670816634 0.0026702854630346854 0.00893534480949355] 2 2924.9156188964844s
2022-03-01 12:38:19.376621 (1.0, 500000.0, 12, 10.0, 0.3, 0.318, 2.0, 3) [0.22862630044698212 0.002448500759519484 0.01684176066590216] 2 2925.0257902145386s
2022-03-01 12:38:30.856597 (1.0, 500000.0, 12, 10.0, 0.3, 0.296, 2.0, 3) [0.2606967545274679 0.0016722661737088296 0.007829762808961431] 2 2928.8213427066803s
2022-03-01 12:38:30.960580 (1.0, 500000.0, 12, 10.0, 0.3, 0.284, 2.0, 3) [0.27733385685612544 0.0028672197291221644 0.005255111061933466] 2 2928.357882976532s
2022-03-01 12:38:41.676195 (1.0, 500000.0, 7, 10.0, 0.3, 0.331, 2.0, 3) [0.3741381120845829 0.002021694764241136 0.021831485396619162] 2 6048.940040588379s
2022-03-01 12:38:55.599823 (1.0, 500000.0, 7, 10.0, 0.3, 0.311, 2.0, 3) [0.4062233238652881 0.002878522415528674 0.013989671579423628] 2 6063.069855451584s
2022-03-01 12:39:01.536618 (1.0, 500000.0, 6, 10.0, 0.3, 0.298, 2.0, 3) [0.48915984740130014 0.00325732319221633 0.011700681543391031] 2 6068.291194677353s
2022-03-01 12:39:06.075719 (1.0, 500000.0, 7, 10.0, 0.3, 0.306, 2.0, 3) [0.41297229850351813 0.002423214284764459 0.012730674504840606] 2 6074.270393848419s
2022-03-01 12:39:21.722507 (1.0, 500000.0, 7, 10.0, 0.3, 0.284, 2.0, 3) [0.4453897205099187 0.002340330429667928 0.008093287900801969] 2 6090.721959352493s
2022-03-01 12:39:25.282173 (1.0, 500000.0, 7, 10.0, 0.3, 0.298, 2.0, 3) [0.423598315430147 0.0024543335991773535 0.01096650651427748] 2 6093.915505647659s
2022-03-01 12:39:31.657071 (1.0, 500000.0, 6, 10.0, 0.3, 0.271, 2.0, 3) [0.5307932580955553 0.0032476636695644686 0.007100627912598213] 2 6098.32221031189s
2022-03-01 12:39:37.483685 (1.0, 500000.0, 6, 10.0, 0.3, 0.301, 2.0, 3) [0.47942259962304395 0.0032767526350601837 0.013128226021019835] 2 6105.635364532471s
2022-03-01 12:40:08.731593 (1.0, 500000.0, 6, 10.0, 0.3, 0.296, 2.0, 3) [0.4920103796058835 0.0027864260278293923 0.011313223181273034] 2 6137.583624124527s
2022-03-01 12:40:26.446003 (1.0, 500000.0, 6, 10.0, 0.3, 0.284, 2.0, 3) [0.5115514259436656 0.003266028188608973 0.008954609571388638] 2 6154.66930937767s
2022-03-01 12:40:57.292411 (1.0, 500000.0, 6, 10.0, 0.3, 0.304, 2.0, 3) [0.4795218980305324 0.0037512944385078412 0.013135694592348056] 2 6184.381922006607s
2022-03-01 12:54:26.445319 (1.0, 500000.0, 12, 10.0, 0.3, 0.304, 2.0, 3) [0.24894226033986605 0.0034496082492214706 0.01036712642069584] 2 6998.66149187088s
2022-03-01 12:54:47.111404 (1.0, 500000.0, 12, 10.0, 0.3, 0.291, 2.0, 3) [0.26726507851017106 0.002525503181372154 0.006690673760862063] 2 7006.344257593155s
2022-03-01 13:09:35.658586 (1.0, 500000.0, 14, 10.0, 0.3, 0.284, 2.0, 3) [0.24363845007272758 0.0029295953249259977 0.0044441606696787395] 2 7894.606401443481s
2022-03-01 13:10:17.834314 (1.0, 500000.0, 14, 10.0, 0.3, 0.311, 2.0, 3) [0.2032931437453735 0.0024065464729692114 0.013700508139997842] 2 7936.785167694092s
2022-03-01 13:10:17.882798 (1.0, 500000.0, 14, 10.0, 0.3, 0.306, 2.0, 3) [0.21242753617439056 0.0015659427520798692 0.010635984677033777] 2 7936.827845811844s
2022-03-01 13:10:22.512068 (1.0, 500000.0, 14, 10.0, 0.3, 0.296, 2.0, 3) [0.227062484593232 0.0033562112351518893 0.007063299063376756] 2 7941.460425615311s
2022-03-01 13:12:02.042371 (1.0, 500000.0, 14, 10.0, 0.3, 0.271, 2.0, 3) [0.2653668957085702 0.003078525261296931 0.0024223498142840767] 2 8040.989337205887s
2022-03-01 13:12:09.023922 (1.0, 500000.0, 13, 10.0, 0.3, 0.298, 2.0, 3) [0.23786926612951131 0.0022175759124046118 0.00839735877245875] 2 3825.8211550712585s
2022-03-01 13:12:28.816162 (1.0, 500000.0, 13, 10.0, 0.3, 0.306, 2.0, 3) [0.22753772590946086 0.002216029040377605 0.010985495582930268] 2 3831.4681026935577s
2022-03-01 13:12:43.959139 (1.0, 500000.0, 13, 10.0, 0.3, 0.296, 2.0, 3) [0.2435783353191969 0.001924108081862882 0.007260975260580298] 2 3839.982150554657s
2022-03-01 13:13:22.844428 (1.0, 500000.0, 13, 10.0, 0.3, 0.291, 2.0, 3) [0.25007927088208487 0.0032468631236449185 0.006130460063320459] 2 3858.554657459259s
2022-03-01 13:13:35.310310 (1.0, 500000.0, 13, 10.0, 0.3, 0.311, 2.0, 3) [0.22217935844567208 0.002154194083985125 0.0126369215968993] 2 3863.9792082309723s
2022-03-01 13:19:16.172903 (1.0, 500000.0, 9, 10.0, 0.3, 0.271, 2.0, 3) [0.38021298061096515 0.0031071953926161476 0.004387542960575674] 2 8470.957231283188s
2022-03-01 13:20:08.322632 (1.0, 500000.0, 9, 10.0, 0.3, 0.306, 2.0, 3) [0.32494150651816567 0.002022263100284432 0.011824537097799369] 2 8524.49409365654s
2022-03-01 13:20:13.588226 (1.0, 500000.0, 9, 10.0, 0.3, 0.301, 2.0, 3) [0.33280304978268366 0.0024768151854675357 0.010270178022907953] 2 8529.714119434357s
2022-03-01 13:20:20.712881 (1.0, 500000.0, 9, 10.0, 0.3, 0.298, 2.0, 3) [0.3366792877673537 0.0033339390837519396 0.009576429668564923] 2 8536.764706850052s
2022-03-01 13:20:37.690740 (1.0, 500000.0, 9, 10.0, 0.3, 0.284, 2.0, 3) [0.35632849486496154 0.0032657602259982873 0.006727414722047034] 2 8566.492248535156s
2022-03-01 13:20:53.235934 (1.0, 500000.0, 9, 10.0, 0.3, 0.318, 2.0, 3) [0.30733423757959333 0.002466952707513798 0.016204271944899665] 2 8569.210716962814s
2022-03-01 13:43:25.197363 (1.0, 500000.0, 11, 10.0, 0.3, 0.331, 2.0, 3) [0.23557609602217988 0.002670397357012218 0.022866482556442223] 2 4226.101046562195s
2022-03-01 13:43:28.963789 (1.0, 500000.0, 11, 10.0, 0.3, 0.298, 2.0, 3) [0.2783724437418036 0.0028098714239616377 0.008941681604082766] 2 4229.826660394669s
2022-03-01 13:56:31.015641 (1.0, 500000.0, 8, 10.0, 0.3, 0.304, 2.0, 3) [0.36545453043176224 0.002844994705231397 0.011868575105270522] 2 5185.153786420822s
2022-03-01 13:57:33.655949 (1.0, 500000.0, 8, 10.0, 0.3, 0.318, 2.0, 3) [0.34837830741937864 0.0019234014498911898 0.015612320662097681] 2 5213.878418922424s
2022-03-01 13:57:39.453263 (1.0, 500000.0, 8, 10.0, 0.3, 0.306, 2.0, 3) [0.36116984665331153 0.003744018796172304 0.012697180277652917] 2 5216.859553337097s
2022-03-01 13:57:54.566829 (1.0, 500000.0, 8, 10.0, 0.3, 0.296, 2.0, 3) [0.37774483814479815 0.0025397002358255863 0.009758902252457045] 2 5197.0392944812775s
2022-03-01 13:58:07.912655 (1.0, 500000.0, 8, 10.0, 0.3, 0.271, 2.0, 3) [0.41558481588510493 0.003595257247657974 0.005329380541538513] 2 5216.054159164429s
2022-03-01 14:04:07.330849 (1.0, 500000.0, 10, 10.0, 0.3, 0.291, 2.0, 3) [0.31773927311907696 0.004953767491034599 0.00713077029712968] 2 11163.508199930191s
2022-03-01 14:06:27.506048 (1.0, 500000.0, 10, 10.0, 0.3, 0.301, 2.0, 3) [0.30101841253742984 0.001485905579475569 0.009939301648266292] 2 11303.67182803154s
2022-03-01 14:06:44.465768 (1.0, 500000.0, 10, 10.0, 0.3, 0.271, 2.0, 3) [0.3482202872792782 0.0028133272856962666 0.003878361518842065] 2 11319.12279844284s
2022-03-01 14:07:35.619510 (1.0, 500000.0, 10, 10.0, 0.3, 0.311, 2.0, 3) [0.2890555074918142 0.002498491685719884 0.012630789436627833] 2 11389.38715839386s
2022-03-01 14:10:54.790487 (1.0, 500000.0, 10, 10.0, 0.3, 0.296, 2.0, 3) [0.30807387144248227 0.0019344167300232977 0.008637492498587727] 2 11569.678308486938s
2022-03-01 14:11:01.373476 (1.0, 500000.0, 10, 10.0, 0.3, 0.298, 2.0, 3) [0.30844910712193685 0.002162725877621966 0.008588611830799783] 2 11575.861973285675s
2022-03-01 14:16:17.935354 (1.0, 500000.0, 7, 10.0, 0.3, 0.331, 2.0, 3) [0.37705074447918074 0.0030733921974624104 0.02097249344478374] 2 5856.253298997879s
2022-03-01 14:16:34.490389 (1.0, 500000.0, 7, 10.0, 0.3, 0.311, 2.0, 3) [0.4059497214911721 0.002375499799533635 0.01403544962660652] 2 5858.882589101791s
2022-03-01 14:16:44.614849 (1.0, 500000.0, 7, 10.0, 0.3, 0.306, 2.0, 3) [0.4144324151442544 0.003119124311492199 0.012473493364770506] 2 5858.530472755432s
2022-03-01 14:16:50.225269 (1.0, 500000.0, 7, 10.0, 0.3, 0.284, 2.0, 3) [0.44858046088964837 0.002863698246929307 0.007744536245326792] 2 5848.49590420723s
2022-03-01 14:16:57.643615 (1.0, 500000.0, 7, 10.0, 0.3, 0.298, 2.0, 3) [0.42359703186268444 0.0030757752229445025 0.010962561565836554] 2 5852.34753036499s
2022-03-01 14:18:17.765841 (1.0, 500000.0, 6, 10.0, 0.3, 0.298, 2.0, 3) [0.4881605662869212 0.0023453492542278983 0.011849762233792383] 2 5956.198465585709s
2022-03-01 14:18:50.013398 (1.0, 500000.0, 6, 10.0, 0.3, 0.271, 2.0, 3) [0.5317474675157168 0.0032378713003020482 0.007034729079892263] 2 5958.338738441467s
2022-03-01 14:19:01.813781 (1.0, 500000.0, 6, 10.0, 0.3, 0.301, 2.0, 3) [0.48579292762669246 0.0034870136624007573 0.012195391615878595] 2 5964.309926986694s
2022-03-01 14:19:38.048701 (1.0, 500000.0, 6, 10.0, 0.3, 0.304, 2.0, 3) [0.48080864226513825 0.003258457644925809 0.012934558438452894] 2 5920.749576330185s
2022-03-01 14:19:56.001847 (1.0, 500000.0, 6, 10.0, 0.3, 0.284, 2.0, 3) [0.5107270184217216 0.0034104109775522327 0.009040440880690854] 2 5969.537059545517s
2022-03-01 14:19:57.049333 (1.0, 500000.0, 6, 10.0, 0.3, 0.296, 2.0, 3) [0.48956332728703505 0.0025595706924910087 0.011642856403177384] 2 5988.304282903671s
2022-03-01 14:35:54.528993 (1.0, 500000.0, 12, 10.0, 0.3, 0.304, 2.0, 3) [0.24925043746753545 0.0013918827405036127 0.010299739437455097] 2 6088.081669807434s
2022-03-01 14:36:09.052849 (1.0, 500000.0, 12, 10.0, 0.3, 0.291, 2.0, 3) [0.2677155084125019 0.003067944428876335 0.006621478345013301] 2 6081.933715581894s
2022-03-01 14:43:00.174787 (1.0, 500000.0, 11, 10.0, 0.3, 0.311, 2.0, 3) [0.26276381671111265 0.0025606166513111503 0.012620002667441742] 2 13496.465574741364s
2022-03-01 14:54:05.201845 (1.0, 500000.0, 11, 10.0, 0.3, 0.306, 2.0, 3) [0.26736912530420076 0.0017091225799887428 0.011394327183017652] 2 14161.492148160934s
2022-03-01 14:57:35.906295 (1.0, 500000.0, 11, 10.0, 0.3, 0.284, 2.0, 3) [0.302120413519601 0.0022278878808307135 0.005320751085723772] 2 14372.221991062164s
2022-03-01 14:57:56.301899 (1.0, 500000.0, 11, 10.0, 0.3, 0.271, 2.0, 3) [0.32164258841909066 0.0022176812335016564 0.0034603233308701364] 2 14392.367912769318s
2022-03-01 15:00:14.077968 (1.0, 500000.0, 11, 10.0, 0.3, 0.318, 2.0, 3) [0.25356653758140885 0.0027668346031603478 0.015439732695704547] 2 14548.082628250122s
2022-03-01 15:21:41.287656 (1.0, 500000.0, 14, 10.0, 0.3, 0.284, 2.0, 3) [0.24415096676386033 0.0034437233859576297 0.004383107321033196] 2 7925.6269907951355s
2022-03-01 15:21:52.362023 (1.0, 500000.0, 14, 10.0, 0.3, 0.311, 2.0, 3) [0.20527831337626268 0.0019766981583908497 0.012986658963414385] 2 7894.525641202927s
2022-03-01 15:21:55.685808 (1.0, 500000.0, 14, 10.0, 0.3, 0.306, 2.0, 3) [0.21023053906435932 0.0018613824674055402 0.011299870995027095] 2 7897.79717373848s
2022-03-01 15:22:21.649376 (1.0, 500000.0, 14, 10.0, 0.3, 0.296, 2.0, 3) [0.22504385929733486 0.002918625339421477 0.007469181138306802] 2 7919.132817029953s
2022-03-01 15:25:41.079277 (1.0, 500000.0, 14, 10.0, 0.3, 0.271, 2.0, 3) [0.26289495247086064 0.00238927641135895 0.0025911957224079548] 2 8019.03257226944s
2022-03-01 15:29:34.936791 (1.0, 500000.0, 9, 10.0, 0.3, 0.301, 2.0, 3) [0.33369250664982153 0.002210192692240842 0.010113609447422576] 2 7761.336507320404s
2022-03-01 15:31:47.874475 (1.0, 500000.0, 9, 10.0, 0.3, 0.284, 2.0, 3) [0.3585674559997065 0.0022212927714281537 0.006468744945895608] 2 7870.169382572174s
2022-03-01 15:32:23.087390 (1.0, 500000.0, 9, 10.0, 0.3, 0.271, 2.0, 3) [0.37798757146776923 0.0031632197609208147 0.004557882604960367] 2 7986.911606550217s
2022-03-01 15:32:45.247594 (1.0, 500000.0, 9, 10.0, 0.3, 0.306, 2.0, 3) [0.32589012538125955 0.003292514848459794 0.011628292340850796] 2 7956.909379482269s
2022-03-01 15:32:46.299312 (1.0, 500000.0, 9, 10.0, 0.3, 0.298, 2.0, 3) [0.338931786554382 0.003387281731864831 0.009202897326111287] 2 7945.57275223732s
2022-03-01 15:33:12.565318 (1.0, 500000.0, 9, 10.0, 0.3, 0.318, 2.0, 3) [0.30774893192460057 0.002202475443860676 0.016090568544090914] 2 7939.325672149658s
2022-03-01 15:53:46.428264 (1.0, 500000.0, 12, 10.0, 0.3, 0.311, 2.0, 3) [0.24053095772662106 0.0034391799576249608 0.012698455109033764] 2 17742.84331560135s
2022-03-01 15:54:28.045076 (1.0, 500000.0, 12, 10.0, 0.3, 0.306, 2.0, 3) [0.24646289020781328 0.0016160567113175477 0.011012340853580153] 2 17784.549406051636s
2022-03-01 16:00:10.254750 (1.0, 500000.0, 12, 10.0, 0.3, 0.271, 2.0, 3) [0.2973952650616958 0.0024381307024228128 0.0032472167260827866] 2 18126.944823026657s
2022-03-01 16:00:24.437546 (1.0, 500000.0, 12, 10.0, 0.3, 0.298, 2.0, 3) [0.26004820832590597 0.0016790351957032975 0.007967080727922939] 2 18141.016772270203s
2022-03-01 16:07:21.988868 (1.0, 500000.0, 12, 10.0, 0.3, 0.331, 2.0, 3) [0.2117404087213473 0.0018601834931280892 0.025194619212375504] 2 18576.01709961891s
2022-03-01 16:52:39.046548 (1.0, 500000.0, 10, 10.0, 0.3, 0.301, 2.0, 3) [0.3019130069107145 0.00258494006793415 0.009782287755012744] 2 9971.521719694138s
2022-03-01 16:53:12.787746 (1.0, 500000.0, 10, 10.0, 0.3, 0.296, 2.0, 3) [0.3082008594491097 0.0025838177779946864 0.0086203977518352] 2 9737.991505622864s
2022-03-01 16:53:18.545332 (1.0, 500000.0, 10, 10.0, 0.3, 0.271, 2.0, 3) [0.3467278156931434 0.0023168701406435844 0.0039923334241014395] 2 9994.061793327332s
2022-03-01 16:54:02.338317 (1.0, 500000.0, 10, 10.0, 0.3, 0.291, 2.0, 3) [0.31612172186802034 0.0026635601070588836 0.007356376575771828] 2 10194.998682975769s
2022-03-01 16:54:45.970424 (1.0, 500000.0, 10, 10.0, 0.3, 0.311, 2.0, 3) [0.2889858713263634 0.0016873419158484272 0.0126486233671391] 2 10030.346252679825s
2022-03-01 16:55:08.931616 (1.0, 500000.0, 10, 10.0, 0.3, 0.298, 2.0, 3) [0.30520838796249344 0.0032819612729546297 0.009139407684047533] 2 9847.549242973328s
2022-03-01 18:10:02.090117 (1.0, 500000.0, 11, 10.0, 0.3, 0.311, 2.0, 3) [0.26435024477241487 0.001907596967682473 0.012201086769156013] 2 12421.906932353973s
2022-03-01 18:18:36.068809 (1.0, 500000.0, 11, 10.0, 0.3, 0.306, 2.0, 3) [0.2701778822663369 0.0017959076569510732 0.010720913372479466] 2 12270.84979391098s
2022-03-01 18:23:57.379186 (1.0, 500000.0, 11, 10.0, 0.3, 0.271, 2.0, 3) [0.3205276224443029 0.0035524967753126136 0.003546459229893389] 2 12361.064608335495s
2022-03-01 18:25:03.762960 (1.0, 500000.0, 11, 10.0, 0.3, 0.318, 2.0, 3) [0.25239241926457956 0.003502774774413107 0.015831068299056245] 2 12289.674317836761s
2022-03-01 18:25:30.432241 (1.0, 500000.0, 11, 10.0, 0.3, 0.284, 2.0, 3) [0.3004362666410682 0.0027819800294951774 0.005512140774563281] 2 12474.523252725601s
2022-03-01 18:48:42.423600 (1.0, 500000.0, 13, 10.0, 0.3, 0.271, 2.0, 3) [0.2799051876120875 0.002287518325378237 0.0028232520978506374] 2 28236.48351073265s
2022-03-01 18:49:30.089304 (1.0, 500000.0, 13, 10.0, 0.3, 0.304, 2.0, 3) [0.2305010644894976 0.0023999377949310663 0.010176443826240415] 2 28301.793388605118s
2022-03-01 18:50:18.622648 (1.0, 500000.0, 13, 10.0, 0.3, 0.301, 2.0, 3) [0.23320691525363302 0.0016103764735287923 0.009478521773333186] 2 28332.69756579399s
2022-03-01 18:51:15.288170 (1.0, 500000.0, 13, 10.0, 0.3, 0.284, 2.0, 3) [0.2606898707271207 0.001728634706596926 0.004648533292763268] 2 28389.611340761185s
2022-03-01 18:53:58.840468 (1.0, 500000.0, 13, 10.0, 0.3, 0.318, 2.0, 3) [0.2118605212571555 0.0022979080198983304 0.0165021955488606] 2 28552.910557746887s
2022-03-01 19:02:58.707198 (1.0, 500000.0, 13, 10.0, 0.3, 0.331, 2.0, 3) [0.1946023070821485 0.0023084078535149694 0.025735148969400497] 2 29092.985360860825s
2022-03-01 20:13:34.361624 (1.0, 500000.0, 12, 10.0, 0.3, 0.331, 2.0, 3) [0.21455400113487355 0.003098773181100639 0.02359272382963452] 2 14772.364371299744s
2022-03-01 20:14:08.740401 (1.0, 500000.0, 12, 10.0, 0.3, 0.306, 2.0, 3) [0.24668555119412477 0.0034128078016746363 0.010960837812555123] 2 15580.686830282211s
2022-03-01 20:14:58.026862 (1.0, 500000.0, 12, 10.0, 0.3, 0.298, 2.0, 3) [0.2581705713883769 0.002138252171054733 0.008319998131334617] 2 15273.583786725998s
2022-03-01 20:16:57.360096 (1.0, 500000.0, 12, 10.0, 0.3, 0.311, 2.0, 3) [0.2385042645029976 0.0021106676505826673 0.013324257414624912] 2 15790.921354532242s
2022-03-01 20:19:45.167160 (1.0, 500000.0, 12, 10.0, 0.3, 0.271, 2.0, 3) [0.30023984634215645 0.0021778345505964708 0.003036556787088172] 2 15574.904278993607s
2022-03-02 01:51:07.594320 (1.0, 500000.0, 14, 10.0, 0.3, 0.298, 2.0, 3) [0.2241497159891656 0.002924012393231437 0.007663715383975268] 2 53584.63723683357s
2022-03-02 01:56:22.315004 (1.0, 500000.0, 14, 10.0, 0.3, 0.331, 2.0, 3) [0.17990286232072233 0.0015304288868572696 0.02627942775593333] 2 53899.464322566986s
2022-03-02 01:57:43.630750 (1.0, 500000.0, 14, 10.0, 0.3, 0.304, 2.0, 3) [0.21443359179818555 0.0024451465405528543 0.01005051228405951] 2 53980.86754465103s
2022-03-02 02:01:34.946128 (1.0, 500000.0, 14, 10.0, 0.3, 0.301, 2.0, 3) [0.2180020106233526 0.002572079907064228 0.009097879541683283] 2 54212.44631743431s
2022-03-02 02:02:00.801520 (1.0, 500000.0, 13, 10.0, 0.3, 0.271, 2.0, 3) [0.2804078443667785 0.0029571403280788493 0.002786217228397106] 2 25998.360882520676s
2022-03-02 02:08:41.298716 (1.0, 500000.0, 14, 10.0, 0.3, 0.291, 2.0, 3) [0.23201074841256125 0.003206489067395124 0.006151904079023424] 2 54638.65174341202s
2022-03-02 02:11:02.848899 (1.0, 500000.0, 14, 10.0, 0.3, 0.318, 2.0, 3) [0.19581866479752497 0.0022273790677856853 0.016896597978368285] 2 54780.00822162628s
2022-03-02 02:12:16.053168 (1.0, 500000.0, 13, 10.0, 0.3, 0.304, 2.0, 3) [0.2314378672851957 0.0022592989136796544 0.009931925522720582] 2 26565.939398527145s
2022-03-02 02:14:19.574154 (1.0, 500000.0, 13, 10.0, 0.3, 0.301, 2.0, 3) [0.23391720951224312 0.0017519671226808493 0.009316237007836214] 2 26640.92933821678s
2022-03-02 02:17:18.452448 (1.0, 500000.0, 13, 10.0, 0.3, 0.284, 2.0, 3) [0.25858765980857606 0.0022892510815372765 0.004909580128346088] 2 26763.157586574554s
2022-03-02 02:18:57.174283 (1.0, 500000.0, 13, 10.0, 0.3, 0.318, 2.0, 3) [0.21102789935315927 0.0023079626258336356 0.016847539120805007] 2 26698.321127653122s
2022-03-02 02:21:00.619270 (1.0, 500000.0, 13, 10.0, 0.3, 0.331, 2.0, 3) [0.1967048473103898 0.0013510392751551127 0.024423923347550308] 2 26281.88203048706s
2022-03-02 16:44:46.494232 (1.0, 500000.0, 14, 10.0, 0.3, 0.331, 2.0, 3) [0.1775920789300086 0.002168150778652587 0.02800910126836522] 2 53304.17276787758s
2022-03-02 16:48:04.713821 (1.0, 500000.0, 14, 10.0, 0.3, 0.298, 2.0, 3) [0.22392301751793778 0.001786323507433514 0.007718974134012908] 2 53817.116649627686s
2022-03-02 16:54:55.207009 (1.0, 500000.0, 14, 10.0, 0.3, 0.301, 2.0, 3) [0.2179381630431243 0.0019231422241353575 0.009118534249353966] 2 53600.251341581345s
2022-03-02 16:58:06.079253 (1.0, 500000.0, 14, 10.0, 0.3, 0.304, 2.0, 3) [0.21399852455070817 0.0020756161847838186 0.010177187110616312] 2 54022.41570210457s
2022-03-02 16:59:14.905695 (1.0, 500000.0, 14, 10.0, 0.3, 0.291, 2.0, 3) [0.2316006228511667 0.001565359183770214 0.006219512672500105] 2 53433.597930669785s
2022-03-02 16:59:48.796841 (1.0, 500000.0, 14, 10.0, 0.3, 0.318, 2.0, 3) [0.19614095198916093 0.0016645427669304898 0.016746664446559954] 2 53325.93868136406s
