2022-01-26 10:58:04.518569 (1.0, 500000.0, 6, 10.0, [[0.7, 0.03], [0.7, 0.03]], 0.99, 0.0, 3) [0.11154677804861231 4.5608855122496985] 1
2022-01-26 10:58:04.849551 (1.0, 500000.0, 6, 10.0, [[0.67, 0.03], [0.67, 0.03]], 0.99, 0.0, 3) [0.126467509096758 4.0197975402130366] 1
2022-01-26 10:58:07.555167 (1.0, 500000.0, 6, 10.0, [[0.68, 0.03], [0.68, 0.03]], 0.99, 0.0, 3) [0.12011031017117767 4.2338060910945723] 1
2022-01-26 10:58:12.750648 (1.0, 500000.0, 6, 10.0, [[0.69, 0.03], [0.69, 0.03]], 0.99, 0.0, 3) [0.11798110923256311 4.363507830974477] 1
2022-01-26 10:58:17.056144 (1.0, 500000.0, 6, 10.0, [[0.74, 0.03], [0.74, 0.03]], 0.99, 0.0, 3) [0.09723264266444041 5.2890426735485052] 1
2022-01-26 10:58:17.705205 (1.0, 500000.0, 6, 10.0, [[0.56, 0.03], [0.56, 0.03]], 0.99, 0.0, 3) [0.19487867941570586 2.1868457595306929] 1
2022-01-26 10:58:17.992025 (1.0, 500000.0, 6, 10.0, [[0.62, 0.03], [0.62, 0.03]], 0.99, 0.0, 3) [0.1526711924941905 3.1576431316279869] 1
2022-01-26 10:58:18.543244 (1.0, 500000.0, 6, 10.0, [[0.63, 0.03], [0.63, 0.03]], 0.99, 0.0, 3) [0.14693041749785066 3.3335119321251958] 1
2022-01-26 11:17:27.328467 (1.0, 500000.0, 7, 10.0, [[0.69, 0.03], [0.69, 0.03]], 0.99, 0.0, 3) [0.08689264903209427 6.1031654376990545] 1
2022-01-26 11:17:54.434156 (1.0, 500000.0, 7, 10.0, [[0.62, 0.03], [0.62, 0.03]], 0.99, 0.0, 3) [0.1150505447531553 4.5711082993926295] 1
2022-01-26 11:21:31.275195 (1.0, 500000.0, 6, 10.0, [[0.71, 0.03], [0.71, 0.03]], 0.99, 0.0, 3) [0.10731890802658177 4.7608760809061303] 1
2022-01-26 11:21:32.484627 (1.0, 500000.0, 6, 10.0, [[0.58, 0.03], [0.58, 0.03]], 0.99, 0.0, 3) [0.1805951212009385 2.4828009774334467] 1
2022-01-26 11:34:57.963528 (1.0, 500000.0, 8, 10.0, [[0.61, 0.03], [0.61, 0.03]], 0.99, 0.0, 3) [0.09491500863902444 5.8013873033420094] 1
2022-01-26 11:35:23.693655 (1.0, 500000.0, 8, 10.0, [[0.67, 0.03], [0.67, 0.03]], 0.99, 0.0, 3) [0.07221795101538586 7.4535253769007399] 1
2022-01-26 11:35:29.521434 (1.0, 500000.0, 8, 10.0, [[0.72, 0.03], [0.72, 0.03]], 0.99, 0.0, 3) [0.05940929295715049 8.9492009013020333] 1
2022-01-26 11:35:32.966693 (1.0, 500000.0, 8, 10.0, [[0.63, 0.03], [0.63, 0.03]], 0.99, 0.0, 3) [0.08621602885555812 6.3422600509484806] 1
2022-01-26 11:35:49.338083 (1.0, 500000.0, 8, 10.0, [[0.56, 0.03], [0.56, 0.03]], 0.99, 0.0, 3) [0.12188933257971966 4.4578030171293603] 1
2022-01-26 11:36:38.088461 (1.0, 500000.0, 8, 10.0, [[0.66, 0.03], [0.66, 0.03]], 0.99, 0.0, 3) [0.07504285285943671 7.183996315601] 1
2022-01-26 11:56:43.185221 (1.0, 500000.0, 9, 10.0, [[0.58, 0.03], [0.58, 0.03]], 0.99, 0.0, 3) [0.08658910663677205 6.4092911896401858] 1
2022-01-26 11:56:49.750711 (1.0, 500000.0, 9, 10.0, [[0.65, 0.03], [0.65, 0.03]], 0.99, 0.0, 3) [0.06284210092297002 8.7787950342773726] 1
2022-01-26 11:56:53.543249 (1.0, 500000.0, 9, 10.0, [[0.57, 0.03], [0.57, 0.03]], 0.99, 0.0, 3) [0.09233519600615027 6.0978891243950217] 1
2022-01-26 11:57:31.819096 (1.0, 500000.0, 9, 10.0, [[0.66, 0.03], [0.66, 0.03]], 0.99, 0.0, 3) [0.05934855488691402 9.1482882277770212] 1
2022-01-26 11:57:42.059610 (1.0, 500000.0, 9, 10.0, [[0.72, 0.03], [0.72, 0.03]], 0.99, 0.0, 3) [0.04634728740510429 11.346942515809362] 1
2022-01-26 11:57:42.843141 (1.0, 500000.0, 9, 10.0, [[0.55, 0.03], [0.55, 0.03]], 0.99, 0.0, 3) [0.10283759867478678 5.4880224799723312] 1
2022-01-26 12:00:06.132743 (1.0, 500000.0, 7, 10.0, [[0.58, 0.03], [0.58, 0.03]], 0.99, 0.0, 3) [0.13872119269969427 3.6980671169189185] 1
2022-01-26 12:00:11.189723 (1.0, 500000.0, 7, 10.0, [[0.74, 0.03], [0.74, 0.03]], 0.99, 0.0, 3) [0.07219976315464628 7.2827411362730503] 1
2022-01-26 12:00:19.782834 (1.0, 500000.0, 7, 10.0, [[0.67, 0.03], [0.67, 0.03]], 0.99, 0.0, 3) [0.09425514941511205 5.6526959360222788] 1
2022-01-26 12:01:09.673684 (1.0, 500000.0, 7, 10.0, [[0.56, 0.03], [0.56, 0.03]], 0.99, 0.0, 3) [0.15167831004868013 3.2864179150217661] 1
2022-01-26 12:02:00.358262 (1.0, 500000.0, 7, 10.0, [[0.6, 0.03], [0.6, 0.03]], 0.99, 0.0, 3) [0.1266728131825546 4.1187605225037451] 1
2022-01-26 12:02:33.632436 (1.0, 500000.0, 7, 10.0, [[0.65, 0.03], [0.65, 0.03]], 0.99, 0.0, 3) [0.10251832485540967 5.2144602578678327] 1
2022-01-26 12:04:48.134337 (1.0, 500000.0, 7, 10.0, [[0.61, 0.03], [0.61, 0.03]], 0.99, 0.0, 3) [0.1210192517084913 4.3415161724921685] 1
2022-01-26 12:04:50.371040 (1.0, 500000.0, 7, 10.0, [[0.68, 0.03], [0.68, 0.03]], 0.99, 0.0, 3) [0.08983324762710793 5.8777767408212007] 1
2022-01-26 12:06:02.809529 (1.0, 500000.0, 7, 10.0, [[0.64, 0.03], [0.64, 0.03]], 0.99, 0.0, 3) [0.1054234547284805 4.9959835135247097] 1
2022-01-26 12:06:26.156057 (1.0, 500000.0, 7, 10.0, [[0.66, 0.03], [0.66, 0.03]], 0.99, 0.0, 3) [0.09852399463694433 5.411367104722812] 1
2022-01-26 12:08:54.994904 (1.0, 500000.0, 7, 10.0, [[0.72, 0.03], [0.72, 0.03]], 0.99, 0.0, 3) [0.07666629387621014 6.8254637080291394] 1
2022-01-26 12:09:04.472163 (1.0, 500000.0, 7, 10.0, [[0.75, 0.03], [0.75, 0.03]], 0.99, 0.0, 3) [0.06898719459780103 7.5371328130200874] 1
2022-01-26 12:12:16.988200 (1.0, 500000.0, 7, 10.0, [[0.57, 0.03], [0.57, 0.03]], 0.99, 0.0, 3) [0.14544004901487276 3.4899538734954016] 1
2022-01-26 12:12:52.133786 (1.0, 500000.0, 7, 10.0, [[0.63, 0.03], [0.63, 0.03]], 0.99, 0.0, 3) [0.11178488437573195 4.7403157761915633] 1
2022-01-26 12:14:20.057695 (1.0, 500000.0, 6, 10.0, [[0.75, 0.03], [0.75, 0.03]], 0.99, 0.0, 3) [0.09363676719506671 5.4551986157002927] 1
2022-01-26 12:14:34.925592 (1.0, 500000.0, 6, 10.0, [[0.64, 0.03], [0.64, 0.03]], 0.99, 0.0, 3) [0.14234945469025523 3.4958388751005951] 1
2022-01-26 12:14:44.584990 (1.0, 500000.0, 6, 10.0, [[0.66, 0.03], [0.66, 0.03]], 0.99, 0.0, 3) [0.13095340792730842 3.8489825197750074] 1
2022-01-26 12:15:04.922578 (1.0, 500000.0, 7, 10.0, [[0.71, 0.03], [0.71, 0.03]], 0.99, 0.0, 3) [0.07980184827384768 6.5684939575157788] 1
2022-01-26 12:15:11.082896 (1.0, 500000.0, 7, 10.0, [[0.7, 0.03], [0.7, 0.03]], 0.99, 0.0, 3) [0.08443090316871843 6.332212946959431] 1
2022-01-26 12:15:33.429596 (1.0, 500000.0, 6, 10.0, [[0.73, 0.03], [0.73, 0.03]], 0.99, 0.0, 3) [0.10122169145676745 5.0902035662684915] 1
2022-01-26 12:25:25.812851 (1.0, 500000.0, 10, 10.0, [[0.61, 0.03], [0.61, 0.03]], 0.99, 0.0, 3) [0.060368435776045525 9.1846646470382769] 1
2022-01-26 12:25:48.848347 (1.0, 500000.0, 10, 10.0, [[0.65, 0.03], [0.65, 0.03]], 0.99, 0.0, 3) [0.04986004957916285 10.875949051608785] 1
2022-01-26 12:26:25.278837 (1.0, 500000.0, 10, 10.0, [[0.72, 0.03], [0.72, 0.03]], 0.99, 0.0, 3) [0.03813731858681483 14.01345126462334] 1
2022-01-26 12:34:52.009394 (1.0, 500000.0, 8, 10.0, [[0.62, 0.03], [0.62, 0.03]], 0.99, 0.0, 3) [0.09050770079149512 6.0895800328940695] 1
2022-01-26 12:35:32.074294 (1.0, 500000.0, 8, 10.0, [[0.74, 0.03], [0.74, 0.03]], 0.99, 0.0, 3) [0.0542409468007585 9.564703349728374] 1
2022-01-26 12:35:56.344908 (1.0, 500000.0, 8, 10.0, [[0.71, 0.03], [0.71, 0.03]], 0.99, 0.0, 3) [0.06038722025440082 8.6570481835288629] 1
2022-01-26 12:36:00.485482 (1.0, 500000.0, 8, 10.0, [[0.55, 0.03], [0.55, 0.03]], 0.99, 0.0, 3) [0.12626560890081598 4.2375502482070715] 1
2022-01-26 12:59:56.775955 (1.0, 500000.0, 7, 10.0, [[0.55, 0.03], [0.55, 0.03]], 0.99, 0.0, 3) [0.1599755383460188 3.0649188609902245] 1
2022-01-26 13:05:43.196988 (1.0, 500000.0, 7, 10.0, [[0.59, 0.03], [0.59, 0.03]], 0.99, 0.0, 3) [0.13146746292884512 3.9110471475042501] 1
2022-01-26 13:05:45.081958 (1.0, 500000.0, 7, 10.0, [[0.73, 0.03], [0.73, 0.03]], 0.99, 0.0, 3) [0.07261726991659932 7.0767956340849025] 1
2022-01-26 13:08:52.712374 (1.0, 500000.0, 11, 10.0, [[0.64, 0.03], [0.64, 0.03]], 0.99, 0.0, 3) [0.043539103636781 12.6464890140269] 1
2022-01-26 13:09:26.801243 (1.0, 500000.0, 11, 10.0, [[0.59, 0.03], [0.59, 0.03]], 0.99, 0.0, 3) [0.055285529161695365 10.150753835396264] 1
2022-01-26 13:09:59.983217 (1.0, 500000.0, 11, 10.0, [[0.63, 0.03], [0.63, 0.03]], 0.99, 0.0, 3) [0.04468863735615465 12.092087753923355] 1
2022-01-26 13:10:35.629984 (1.0, 500000.0, 11, 10.0, [[0.73, 0.03], [0.73, 0.03]], 0.99, 0.0, 3) [0.02955718284183831 17.572112997494528] 1
2022-01-26 13:11:06.093865 (1.0, 500000.0, 11, 10.0, [[0.74, 0.03], [0.74, 0.03]], 0.99, 0.0, 3) [0.028682676631636733 18.163469346994134] 1
2022-01-26 13:29:10.745767 (1.0, 500000.0, 6, 10.0, [[0.6, 0.03], [0.6, 0.03]], 0.99, 0.0, 3) [0.16439888797775068 2.8439588383494927] 1
2022-01-26 13:29:15.606906 (1.0, 500000.0, 9, 10.0, [[0.64, 0.03], [0.64, 0.03]], 0.99, 0.0, 3) [0.06480642581094653 8.4108524425685811] 1
2022-01-26 13:29:40.622591 (1.0, 500000.0, 6, 10.0, [[0.59, 0.03], [0.59, 0.03]], 0.99, 0.0, 3) [0.17186727834712726 2.6809983589181412] 1
2022-01-26 13:29:41.598948 (1.0, 500000.0, 9, 10.0, [[0.62, 0.03], [0.62, 0.03]], 0.99, 0.0, 3) [0.07174696979881111 7.7360665531221144] 1
2022-01-26 13:30:04.968025 (1.0, 500000.0, 6, 10.0, [[0.65, 0.03], [0.65, 0.03]], 0.99, 0.0, 3) [0.13529207585911146 3.7019658901645491] 1
2022-01-26 13:30:14.766734 (1.0, 500000.0, 6, 10.0, [[0.61, 0.03], [0.61, 0.03]], 0.99, 0.0, 3) [0.16053713006770734 2.982979321500467] 1
2022-01-26 13:30:16.442337 (1.0, 500000.0, 6, 10.0, [[0.72, 0.03], [0.72, 0.03]], 0.99, 0.0, 3) [0.10202645031199156 4.9475985787322694] 1
2022-01-26 13:30:21.374276 (1.0, 500000.0, 6, 10.0, [[0.57, 0.03], [0.57, 0.03]], 0.99, 0.0, 3) [0.18769535606418467 2.3522712583777228] 1
2022-01-26 13:30:27.281419 (1.0, 500000.0, 6, 10.0, [[0.55, 0.03], [0.55, 0.03]], 0.99, 0.0, 3) [0.20121389269388193 2.0490301632584029] 1
2022-01-26 13:30:58.918269 (1.0, 500000.0, 9, 10.0, [[0.73, 0.03], [0.73, 0.03]], 0.99, 0.0, 3) [0.044298902136370236 11.752334295085005] 1
2022-01-26 13:31:52.274877 (1.0, 500000.0, 9, 10.0, [[0.67, 0.03], [0.67, 0.03]], 0.99, 0.0, 3) [0.05708631831182251 9.4913773642914361] 1
2022-01-26 13:32:09.092104 (1.0, 500000.0, 9, 10.0, [[0.69, 0.03], [0.69, 0.03]], 0.99, 0.0, 3) [0.05089416640594309 10.240507518303854] 1
2022-01-26 13:32:13.852996 (1.0, 500000.0, 9, 10.0, [[0.63, 0.03], [0.63, 0.03]], 0.99, 0.0, 3) [0.06832628388715399 8.1027387482904327] 1
2022-01-26 13:34:17.948979 (1.0, 500000.0, 9, 10.0, [[0.68, 0.03], [0.68, 0.03]], 0.99, 0.0, 3) [0.053668338095122343 9.8379721500190698] 1
2022-01-26 13:35:00.302872 (1.0, 500000.0, 9, 10.0, [[0.61, 0.03], [0.61, 0.03]], 0.99, 0.0, 3) [0.07565233604847942 7.4026149801002044] 1
2022-01-26 13:43:26.883869 (1.0, 500000.0, 8, 10.0, [[0.68, 0.03], [0.68, 0.03]], 0.99, 0.0, 3) [0.06838515243479422 7.756540160450033] 1
2022-01-26 13:43:34.707577 (1.0, 500000.0, 8, 10.0, [[0.65, 0.03], [0.65, 0.03]], 0.99, 0.0, 3) [0.07851259706949007 6.8878357248715849] 1
2022-01-26 13:43:45.199049 (1.0, 500000.0, 8, 10.0, [[0.59, 0.03], [0.59, 0.03]], 0.99, 0.0, 3) [0.10429554237382802 5.2664147264457055] 1
2022-01-26 13:44:08.046668 (1.0, 500000.0, 8, 10.0, [[0.73, 0.03], [0.73, 0.03]], 0.99, 0.0, 3) [0.05547883642080352 9.2652522602073066] 1
2022-01-26 13:44:12.563165 (1.0, 500000.0, 8, 10.0, [[0.58, 0.03], [0.58, 0.03]], 0.99, 0.0, 3) [0.10939044882941645 4.9945295085915058] 1
2022-01-26 13:44:21.079077 (1.0, 500000.0, 8, 10.0, [[0.7, 0.03], [0.7, 0.03]], 0.99, 0.0, 3) [0.06376621239859082 8.3548490221175111] 1
2022-01-26 14:05:09.539756 (1.0, 500000.0, 12, 10.0, [[0.68, 0.03], [0.68, 0.03]], 0.99, 0.0, 3) [0.029450187873981168 17.564698464715374] 1
2022-01-26 14:05:13.450149 (1.0, 500000.0, 12, 10.0, [[0.63, 0.03], [0.63, 0.03]], 0.99, 0.0, 3) [0.03837366092712239 14.407504293407037] 1
2022-01-26 14:15:06.989004 (1.0, 500000.0, 10, 10.0, [[0.68, 0.03], [0.68, 0.03]], 0.99, 0.0, 3) [0.04350401236098248 12.18498193484873] 1
2022-01-26 14:15:46.244351 (1.0, 500000.0, 10, 10.0, [[0.63, 0.03], [0.63, 0.03]], 0.99, 0.0, 3) [0.05581656473590451 10.022444297182611] 1
2022-01-26 14:19:19.098719 (1.0, 500000.0, 10, 10.0, [[0.58, 0.03], [0.58, 0.03]], 0.99, 0.0, 3) [0.07005163996757058 7.9787413252578343] 1
2022-01-26 14:19:36.215939 (1.0, 500000.0, 10, 10.0, [[0.57, 0.03], [0.57, 0.03]], 0.99, 0.0, 3) [0.07477782378265631 7.5902875529459415] 1
2022-01-26 14:19:37.109932 (1.0, 500000.0, 10, 10.0, [[0.64, 0.03], [0.64, 0.03]], 0.99, 0.0, 3) [0.05226094182016997 10.417106933435219] 1
2022-01-26 14:19:45.566176 (1.0, 500000.0, 10, 10.0, [[0.7, 0.03], [0.7, 0.03]], 0.99, 0.0, 3) [0.03955628389010854 13.132468243505249] 1
2022-01-26 14:20:32.783438 (1.0, 500000.0, 10, 10.0, [[0.56, 0.03], [0.56, 0.03]], 0.99, 0.0, 3) [0.07789042601106806 7.2530887826681489] 1
2022-01-26 14:21:23.757475 (1.0, 500000.0, 10, 10.0, [[0.59, 0.03], [0.59, 0.03]], 0.99, 0.0, 3) [0.06702169484317028 8.3712133818218089] 1
2022-01-26 14:22:21.429436 (1.0, 500000.0, 10, 10.0, [[0.55, 0.03], [0.55, 0.03]], 0.99, 0.0, 3) [0.08275047565001768 6.8636684445831575] 1
2022-01-26 14:22:31.644270 (1.0, 500000.0, 10, 10.0, [[0.73, 0.03], [0.73, 0.03]], 0.99, 0.0, 3) [0.03625741056636145 14.469401607439224] 1
2022-01-26 14:25:50.545287 (1.0, 500000.0, 10, 10.0, [[0.71, 0.03], [0.71, 0.03]], 0.99, 0.0, 3) [0.03782792147677677 13.545541097080397] 1
2022-01-26 14:26:38.905522 (1.0, 500000.0, 10, 10.0, [[0.69, 0.03], [0.69, 0.03]], 0.99, 0.0, 3) [0.04256753622975622 12.625900920959598] 1
2022-01-26 15:27:49.546493 (1.0, 500000.0, 13, 10.0, [[0.69, 0.03], [0.69, 0.03]], 0.99, 0.0, 3) [0.02401224013400215 21.324492133938289] 1
2022-01-26 15:28:19.285747 (1.0, 500000.0, 13, 10.0, [[0.66, 0.03], [0.66, 0.03]], 0.99, 0.0, 3) [0.02778613518285334 19.093582436767033] 1
2022-01-26 15:28:50.991877 (1.0, 500000.0, 13, 10.0, [[0.68, 0.03], [0.68, 0.03]], 0.99, 0.0, 3) [0.02457625506694098 20.591292311112252] 1
2022-01-26 15:29:51.796127 (1.0, 500000.0, 13, 10.0, [[0.73, 0.03], [0.73, 0.03]], 0.99, 0.0, 3) [0.020761660031334627 24.529976606838598] 1
2022-01-26 15:30:12.041972 (1.0, 500000.0, 13, 10.0, [[0.61, 0.03], [0.61, 0.03]], 0.99, 0.0, 3) [0.03500069869231247 15.557733269451736] 1
2022-01-26 15:30:32.228231 (1.0, 500000.0, 13, 10.0, [[0.56, 0.03], [0.56, 0.03]], 0.99, 0.0, 3) [0.04706678603748021 12.294053217073088] 1
2022-01-26 15:49:55.758938 (1.0, 500000.0, 8, 10.0, [[0.75, 0.03], [0.75, 0.03]], 0.99, 0.0, 3) [0.05263487169264809 9.8579663539288358] 1
2022-01-26 15:50:45.202775 (1.0, 500000.0, 8, 10.0, [[0.6, 0.03], [0.6, 0.03]], 0.99, 0.0, 3) [0.098800725947336 5.5455431067120253] 1
2022-01-26 15:51:49.237245 (1.0, 500000.0, 8, 10.0, [[0.57, 0.03], [0.57, 0.03]], 0.99, 0.0, 3) [0.11377956991210794 4.7516646486722482] 1
2022-01-26 15:51:56.428414 (1.0, 500000.0, 8, 10.0, [[0.64, 0.03], [0.64, 0.03]], 0.99, 0.0, 3) [0.08163517204831464 6.6169806093567693] 1
2022-01-26 15:52:31.383153 (1.0, 500000.0, 8, 10.0, [[0.69, 0.03], [0.69, 0.03]], 0.99, 0.0, 3) [0.06470068779463128 8.0578352158038147] 1
2022-01-26 16:04:58.069084 (1.0, 500000.0, 11, 10.0, [[0.57, 0.03], [0.57, 0.03]], 0.99, 0.0, 3) [0.0619588713426453 9.2272410765010235] 1
2022-01-26 16:05:01.998690 (1.0, 500000.0, 11, 10.0, [[0.75, 0.03], [0.75, 0.03]], 0.99, 0.0, 3) [0.026143510606147547 18.695353079458915] 1
2022-01-26 16:05:25.842936 (1.0, 500000.0, 11, 10.0, [[0.58, 0.03], [0.58, 0.03]], 0.99, 0.0, 3) [0.05745445064911731 9.7072555892322896] 1
2022-01-26 16:05:39.558756 (1.0, 500000.0, 11, 10.0, [[0.7, 0.03], [0.7, 0.03]], 0.99, 0.0, 3) [0.03291256693492775 15.880144035492162] 1
2022-01-26 16:05:43.242059 (1.0, 500000.0, 11, 10.0, [[0.6, 0.03], [0.6, 0.03]], 0.99, 0.0, 3) [0.05285725450354423 10.623989230323078] 1
2022-01-26 16:06:06.620851 (1.0, 500000.0, 11, 10.0, [[0.72, 0.03], [0.72, 0.03]], 0.99, 0.0, 3) [0.029920019733962078 16.964392796304313] 1
2022-01-26 16:07:52.036152 (1.0, 500000.0, 11, 10.0, [[0.55, 0.03], [0.55, 0.03]], 0.99, 0.0, 3) [0.06885294323026622 8.3459658646281039] 1
2022-01-26 16:07:54.719865 (1.0, 500000.0, 11, 10.0, [[0.62, 0.03], [0.62, 0.03]], 0.99, 0.0, 3) [0.04750722843520136 11.617109965291904] 1
2022-01-26 16:18:26.091588 (1.0, 500000.0, 10, 10.0, [[0.67, 0.03], [0.67, 0.03]], 0.99, 0.0, 3) [0.046899980627380045 11.713557577853111] 1
2022-01-26 16:21:39.305062 (1.0, 500000.0, 10, 10.0, [[0.74, 0.03], [0.74, 0.03]], 0.99, 0.0, 3) [0.034172524557819314 14.985539726488994] 1
2022-01-26 16:21:40.517275 (1.0, 500000.0, 10, 10.0, [[0.66, 0.03], [0.66, 0.03]], 0.99, 0.0, 3) [0.04767382378642801 11.300083781868443] 1
2022-01-26 16:23:14.987649 (1.0, 500000.0, 11, 10.0, [[0.69, 0.03], [0.69, 0.03]], 0.99, 0.0, 3) [0.03361860086847506 15.303757539348997] 1
2022-01-26 16:23:42.088907 (1.0, 500000.0, 10, 10.0, [[0.62, 0.03], [0.62, 0.03]], 0.99, 0.0, 3) [0.05804901246735121 9.5958116315023325] 1
2022-01-26 16:23:48.798868 (1.0, 500000.0, 11, 10.0, [[0.71, 0.03], [0.71, 0.03]], 0.99, 0.0, 3) [0.030568989991893468 16.388183187980736] 1
2022-01-26 16:24:18.823561 (1.0, 500000.0, 10, 10.0, [[0.75, 0.03], [0.75, 0.03]], 0.99, 0.0, 3) [0.03424478671126309 15.462008941611966] 1
2022-01-26 16:24:29.763720 (1.0, 500000.0, 10, 10.0, [[0.6, 0.03], [0.6, 0.03]], 0.99, 0.0, 3) [0.06379004767661223 8.7859059078983588] 1
2022-01-26 16:56:02.000035 (1.0, 500000.0, 14, 10.0, [[0.71, 0.03], [0.71, 0.03]], 0.99, 0.0, 3) [0.019021878886332562 26.532516420855082] 1
2022-01-26 16:58:33.115705 (1.0, 500000.0, 14, 10.0, [[0.73, 0.03], [0.73, 0.03]], 0.99, 0.0, 3) [0.01722619659919198 28.418811506053093] 1
2022-01-26 16:58:52.637524 (1.0, 500000.0, 14, 10.0, [[0.6, 0.03], [0.6, 0.03]], 0.99, 0.0, 3) [0.03160855425358888 17.244325301523297] 1
2022-01-26 17:00:44.413208 (1.0, 500000.0, 14, 10.0, [[0.65, 0.03], [0.65, 0.03]], 0.99, 0.0, 3) [0.02449425977749871 21.305184441190896] 1
2022-01-26 17:01:26.300566 (1.0, 500000.0, 14, 10.0, [[0.66, 0.03], [0.66, 0.03]], 0.99, 0.0, 3) [0.022865497176934733 22.17170907768957] 1
2022-01-26 17:02:09.069706 (1.0, 500000.0, 14, 10.0, [[0.63, 0.03], [0.63, 0.03]], 0.99, 0.0, 3) [0.027933436109025375 19.639800949907634] 1
2022-01-26 17:45:25.268343 (1.0, 500000.0, 12, 10.0, [[0.62, 0.03], [0.62, 0.03]], 0.99, 0.0, 3) [0.039032860329977374 13.853412449136876] 1
2022-01-26 17:46:16.653319 (1.0, 500000.0, 12, 10.0, [[0.69, 0.03], [0.69, 0.03]], 0.99, 0.0, 3) [0.028981643270389476 18.181312115122616] 1
2022-01-26 17:48:18.228274 (1.0, 500000.0, 12, 10.0, [[0.72, 0.03], [0.72, 0.03]], 0.99, 0.0, 3) [0.025330662082881875 20.198785187166244] 1
2022-01-26 17:48:30.591754 (1.0, 500000.0, 12, 10.0, [[0.65, 0.03], [0.65, 0.03]], 0.99, 0.0, 3) [0.03506248975213283 15.656663287183846] 1
2022-01-26 17:54:37.069599 (1.0, 500000.0, 12, 10.0, [[0.57, 0.03], [0.57, 0.03]], 0.99, 0.0, 3) [0.05340095958141564 10.970356311132692] 1
2022-01-26 17:54:48.262139 (1.0, 500000.0, 12, 10.0, [[0.75, 0.03], [0.75, 0.03]], 0.99, 0.0, 3) [0.023143367636633 22.25621749039383] 1
2022-01-26 17:55:32.285020 (1.0, 500000.0, 12, 10.0, [[0.74, 0.03], [0.74, 0.03]], 0.99, 0.0, 3) [0.02376550577308061 21.580460494050939] 1
2022-01-26 17:55:51.245490 (1.0, 500000.0, 12, 10.0, [[0.67, 0.03], [0.67, 0.03]], 0.99, 0.0, 3) [0.031201028938385868 16.913215271044713] 1
2022-01-26 17:56:14.143077 (1.0, 500000.0, 12, 10.0, [[0.64, 0.03], [0.64, 0.03]], 0.99, 0.0, 3) [0.0359629521571566 15.019388827506653] 1
2022-01-26 17:56:51.928108 (1.0, 500000.0, 12, 10.0, [[0.66, 0.03], [0.66, 0.03]], 0.99, 0.0, 3) [0.03316590629922087 16.260768852076069] 1
2022-01-26 17:57:25.225713 (1.0, 500000.0, 12, 10.0, [[0.56, 0.03], [0.56, 0.03]], 0.99, 0.0, 3) [0.05483220643117374 10.443684734227752] 1
2022-01-26 17:57:40.038694 (1.0, 500000.0, 12, 10.0, [[0.59, 0.03], [0.59, 0.03]], 0.99, 0.0, 3) [0.04661556015766761 12.103682827219901] 1
2022-01-26 17:58:16.052771 (1.0, 500000.0, 12, 10.0, [[0.7, 0.03], [0.7, 0.03]], 0.99, 0.0, 3) [0.027166606747691793 18.856982945576817] 1
2022-01-26 17:58:49.064272 (1.0, 500000.0, 12, 10.0, [[0.55, 0.03], [0.55, 0.03]], 0.99, 0.0, 3) [0.05906723337317766 9.9251126930622409] 1
2022-01-26 17:59:00.046701 (1.0, 500000.0, 12, 10.0, [[0.61, 0.03], [0.61, 0.03]], 0.99, 0.0, 3) [0.041766828224172256 13.265404324164143] 1
2022-01-26 17:59:20.328715 (1.0, 500000.0, 12, 10.0, [[0.6, 0.03], [0.6, 0.03]], 0.99, 0.0, 3) [0.042772768766930994 12.681056004742496] 1
2022-01-26 20:43:20.901947 (1.0, 500000.0, 13, 10.0, [[0.74, 0.03], [0.74, 0.03]], 0.99, 0.0, 3) [0.020800219843568807 25.289469399518278] 1
2022-01-26 20:43:26.094496 (1.0, 500000.0, 13, 10.0, [[0.55, 0.03], [0.55, 0.03]], 0.99, 0.0, 3) [0.04939039521939162 11.684700824636955] 1
2022-01-26 20:43:43.582072 (1.0, 500000.0, 13, 10.0, [[0.7, 0.03], [0.7, 0.03]], 0.99, 0.0, 3) [0.02333473522806217 22.130111858925044] 1
2022-01-26 20:43:54.230493 (1.0, 500000.0, 13, 10.0, [[0.63, 0.03], [0.63, 0.03]], 0.99, 0.0, 3) [0.03239688684883435 16.940455254552305] 1
2022-01-26 20:47:52.776614 (1.0, 500000.0, 13, 10.0, [[0.59, 0.03], [0.59, 0.03]], 0.99, 0.0, 3) [0.03953762387114139 14.21182305704327] 1
2022-01-26 20:48:35.561165 (1.0, 500000.0, 13, 10.0, [[0.58, 0.03], [0.58, 0.03]], 0.99, 0.0, 3) [0.04155431137095766 13.585190369114899] 1
2022-01-26 21:46:14.991328 (1.0, 500000.0, 12, 10.0, [[0.71, 0.03], [0.71, 0.03]], 0.99, 0.0, 3) [0.0261633792027619 19.520070559852272] 1
2022-01-26 21:50:50.163316 (1.0, 500000.0, 12, 10.0, [[0.73, 0.03], [0.73, 0.03]], 0.99, 0.0, 3) [0.02377030704217819 20.898212042781147] 1
2022-01-26 21:52:09.720565 (1.0, 500000.0, 12, 10.0, [[0.58, 0.03], [0.58, 0.03]], 0.99, 0.0, 3) [0.04879829296733822 11.526083521913254] 1
2022-01-26 22:02:41.592677 (1.0, 500000.0, 9, 10.0, [[0.7, 0.03], [0.7, 0.03]], 0.99, 0.0, 3) [0.049652542674831046 10.597981067744342] 1
2022-01-26 22:04:46.938189 (1.0, 500000.0, 9, 10.0, [[0.56, 0.03], [0.56, 0.03]], 0.99, 0.0, 3) [0.09613709196942234 5.8135195076919697] 1
2022-01-26 22:05:24.275398 (1.0, 500000.0, 9, 10.0, [[0.75, 0.03], [0.75, 0.03]], 0.99, 0.0, 3) [0.039951055673446256 12.536572219889999] 1
2022-01-26 22:07:34.764970 (1.0, 500000.0, 9, 10.0, [[0.6, 0.03], [0.6, 0.03]], 0.99, 0.0, 3) [0.07881078574310935 7.0692726234501757] 1
2022-01-26 22:11:45.639748 (1.0, 500000.0, 9, 10.0, [[0.74, 0.03], [0.74, 0.03]], 0.99, 0.0, 3) [0.043015874263448994 12.102815148669603] 1
2022-01-26 22:12:07.609433 (1.0, 500000.0, 9, 10.0, [[0.59, 0.03], [0.59, 0.03]], 0.99, 0.0, 3) [0.08348210993464202 6.7394564005814503] 1
2022-01-26 22:13:41.887530 (1.0, 500000.0, 9, 10.0, [[0.71, 0.03], [0.71, 0.03]], 0.99, 0.0, 3) [0.0480558247473282 10.957521154805653] 1
