2021-10-23 15:33:32.490658 (1.0, 1000000.0, 8, 10.0, 0.3, 0.1, 0.0, 3) [0.7469280753141951 0.0023572661054556019 2.6731631730419409e-05] 1
2021-10-23 15:35:23.492473 (1.0, 1000000.0, 8, 10.0, 0.3, 0.5, 0.0, 3) [0.15306869904531187 0.0018846559162280978 0.31722319551048372] 1
2021-10-23 15:35:55.771860 (1.0, 1000000.0, 8, 10.0, 0.3, 0.7, 0.0, 3) [0.07931005490079061 0.00083443496109137695 0.87674890266625505] 1
2021-10-23 15:39:28.056436 (1.0, 1000000.0, 8, 10.0, 0.3, 0.9, 0.0, 3) [0.054981093677526204 0.00051905996610611632 1.3625016581212874] 1
2021-10-23 16:38:31.975478 (1.0, 1000000.0, 10, 10.0, 0.3, 0.3, 0.0, 3) [0.2831703612212617 0.0016539539989414945 0.014195025547784059] 1
2021-10-23 16:41:00.894069 (1.0, 1000000.0, 10, 10.0, 0.3, 0.7, 0.0, 3) [0.04984967502052286 0.00089137609924792285 1.0987573225269334] 1
2021-10-23 18:37:01.330898 (1.0, 1000000.0, 12, 10.0, 0.3, 0.3, 0.0, 3) [0.2371804904185017 0.001181625393598754 0.013754395717320907] 1
2021-10-23 18:40:08.638210 (1.0, 1000000.0, 12, 10.0, 0.3, 0.8, 0.0, 3) [0.026414406226944458 0.00072892309187653408 1.6610028392217537] 1
2021-10-23 18:40:38.896770 (1.0, 1000000.0, 12, 10.0, 0.3, 0.2, 0.0, 3) [0.40833403308967986 0.0013217109781581526 0.00022712282495229364] 1
2021-10-23 18:42:01.355290 (1.0, 1000000.0, 12, 10.0, 0.3, 0.7, 0.0, 3) [0.03351125297879031 0.00064601061615447448 1.3101676870529171] 1
2021-10-23 19:30:08.219923 (1.0, 1000000.0, 10, 10.0, 0.3, 0.0, 0.0, 3) [0.9618296320850863 0.0028428464432678734 1.8425627846578778e-08] 1
2021-10-23 19:31:39.295915 (1.0, 1000000.0, 10, 10.0, 0.3, 0.2, 0.0, 3) [0.4554486844719111 0.0015701726635490032 0.00045458289548329221] 1
2021-10-23 19:31:47.621281 (1.0, 1000000.0, 10, 10.0, 0.3, 0.6, 0.0, 3) [0.06880605671360804 0.0015609787390528326 0.77887116073351392] 1
2021-10-23 19:32:18.182071 (1.0, 1000000.0, 10, 10.0, 0.3, 0.1, 0.0, 3) [0.6826510772696829 0.003258523509067236 4.8533256269714538e-06] 1
2021-10-23 21:50:25.443661 (1.0, 1000000.0, 14, 10.0, 0.3, 0.0, 0.0, 3) [0.8946455496063332 0.0028890963456126876 5.4988352055037839e-11] 1
2021-10-23 21:55:45.082650 (1.0, 1000000.0, 14, 10.0, 0.3, 0.2, 0.0, 3) [0.37306044935670013 0.0019859136906784413 0.00011882898111099059] 1
2021-10-23 21:58:02.308651 (1.0, 1000000.0, 14, 10.0, 0.3, 0.4, 0.0, 3) [0.10094124310536354 0.0011111450641514576 0.22176461882795145] 1
2021-10-24 00:50:07.494384 (1.0, 1000000.0, 8, 10.0, 0.3, 0.0, 0.0, 3) [1.0230843107207477 0.0018602526604116984 3.2554869450040994e-07] 1
2021-10-24 00:52:47.491166 (1.0, 1000000.0, 8, 10.0, 0.3, 0.3, 0.0, 3) [0.3547289965468051 0.0019898978294714048 0.014113612435098313] 1
2021-10-24 00:54:08.495481 (1.0, 1000000.0, 8, 10.0, 0.3, 0.2, 0.0, 3) [0.5260563573391109 0.0029449327099556879 0.000912715064312747] 1
2021-10-24 00:57:32.721059 (1.0, 1000000.0, 8, 10.0, 0.3, 0.4, 0.0, 3) [0.23162681866529675 0.0014745946518613239 0.098163940282170806] 1
2021-10-24 00:59:01.913996 (1.0, 1000000.0, 8, 10.0, 0.3, 0.6, 0.0, 3) [0.10626042941250297 0.0015797178315201904 0.60304223063659179] 1
2021-10-24 01:00:55.485236 (1.0, 1000000.0, 8, 10.0, 0.3, 0.8, 0.0, 3) [0.06282643850561287 0.0009264480960458571 1.1345141088500406] 1
2021-10-24 01:45:00.290868 (1.0, 1000000.0, 10, 10.0, 0.3, 0.4, 0.0, 3) [0.1687691448470656 0.0022616223783996393 0.13377149421909129] 1
2021-10-24 01:45:02.553263 (1.0, 1000000.0, 10, 10.0, 0.3, 0.5, 0.0, 3) [0.1042298210393434 0.000762135735278962 0.43206925941191437] 1
2021-10-24 01:48:47.806528 (1.0, 1000000.0, 10, 10.0, 0.3, 0.8, 0.0, 3) [0.03875544905263534 0.00079598631214576512 1.4049150206185927] 1
2021-10-24 01:51:19.056939 (1.0, 1000000.0, 10, 10.0, 0.3, 0.9, 0.0, 3) [0.03289812425874186 0.00064949419608331964 1.6857716720242666] 1
2021-10-24 06:30:28.057048 (1.0, 1000000.0, 14, 10.0, 0.3, 0.1, 0.0, 3) [0.6040038543569723 0.002386190460472345 1.8559088342695454e-07] 1
2021-10-24 06:34:21.387197 (1.0, 1000000.0, 14, 10.0, 0.3, 0.9, 0.0, 3) [0.01631337545369751 0.00075416004623070289 2.3205668268563797] 1
2021-10-24 21:34:12.202024 (1.0, 1000000.0, 12, 10.0, 0.3, 0.0, 0.0, 3) [0.9225570985018955 0.0011925712634949757 1.0089567368123494e-09] 1
2021-10-24 21:38:20.149576 (1.0, 1000000.0, 12, 10.0, 0.3, 0.1, 0.0, 3) [0.6375271444992395 0.001597505462701115 9.3166420608849872e-07] 1
2021-10-24 21:46:12.428906 (1.0, 1000000.0, 12, 10.0, 0.3, 0.5, 0.0, 3) [0.07302899586201587 0.0012131064242068958 0.5641791991076317] 1
2021-10-24 21:48:04.838747 (1.0, 1000000.0, 12, 10.0, 0.3, 0.4, 0.0, 3) [0.1301635125732022 0.0014083684078798257 0.16917079986814346] 1
2021-10-24 21:54:09.417928 (1.0, 1000000.0, 12, 10.0, 0.3, 0.6, 0.0, 3) [0.04777867291019038 0.00093011401664364068 0.94400433259872096] 1
2021-10-24 21:55:02.018251 (1.0, 1000000.0, 12, 10.0, 0.3, 0.9, 0.0, 3) [0.02246454264108313 0.00099728402763124037 2.0059150824944694] 1
2021-10-25 09:22:03.318963 (1.0, 1000000.0, 14, 10.0, 0.3, 0.3, 0.0, 3) [0.20283544522484562 0.001644625714750988 0.013898085792362664] 1
2021-10-25 09:27:53.123027 (1.0, 1000000.0, 14, 10.0, 0.3, 0.7, 0.0, 3) [0.02500061116659673 0.00074764505974492473 1.5127586533087478] 1
2021-10-25 09:34:58.358280 (1.0, 1000000.0, 14, 10.0, 0.3, 0.5, 0.0, 3) [0.0541896980246712 0.00093186732745485941 0.67971842071737676] 1
2021-10-25 09:36:39.086177 (1.0, 1000000.0, 14, 10.0, 0.3, 0.8, 0.0, 3) [0.020151350435457127 0.00067615096805125584 1.9194504289370453] 1
2021-10-25 09:41:05.938501 (1.0, 1000000.0, 14, 10.0, 0.3, 0.6, 0.0, 3) [0.03432037098777714 0.00077042202638927118 1.1051803060998133] 1
2021-10-25 18:32:02.997783 (1.0, 1000000.0, 8, 10.0, 0.3, 0.37, 0.0, 3) [0.2637651450883556 0.0017918371638955138 0.05958588300762075] 1
2021-10-25 18:32:51.739031 (1.0, 1000000.0, 8, 10.0, 0.3, 0.24, 0.0, 3) [0.4512153637302296 0.0021345099515770404 0.0030206148590380026] 1
2021-10-25 18:34:19.943405 (1.0, 1000000.0, 8, 10.0, 0.3, 0.32, 0.0, 3) [0.32667772040784143 0.0012892005244094992 0.022039234669519063] 1
2021-10-25 18:34:26.295203 (1.0, 1000000.0, 8, 10.0, 0.3, 0.39, 0.0, 3) [0.24194641029378955 0.0017052271073733705 0.083753122265323263] 1
2021-10-25 18:34:26.899979 (1.0, 1000000.0, 8, 10.0, 0.3, 0.36, 0.0, 3) [0.2741238787301222 0.0018456741365271815 0.050580477635269738] 1
2021-10-25 18:35:04.215078 (1.0, 1000000.0, 8, 10.0, 0.3, 0.21, 0.0, 3) [0.5055156835922218 0.0020770764982134017 0.0012669652394733022] 1
2021-10-25 18:36:04.053310 (1.0, 1000000.0, 8, 10.0, 0.3, 0.34, 0.0, 3) [0.297728693916044 0.0014094578923046527 0.034860360071404105] 1
2021-10-25 19:17:32.370314 (1.0, 1000000.0, 9, 10.0, 0.3, 0.21, 0.0, 3) [0.4675310149138299 0.0023184723796205054 0.00091104913425189295] 1
2021-10-25 19:18:58.192021 (1.0, 1000000.0, 9, 10.0, 0.3, 0.37, 0.0, 3) [0.22722657112807465 0.0018136184241423783 0.067372321810253447] 1
2021-10-25 19:19:09.775005 (1.0, 1000000.0, 9, 10.0, 0.3, 0.29, 0.0, 3) [0.3283267484719687 0.0017522697435745881 0.011125677707135379] 1
2021-10-25 19:19:48.884218 (1.0, 1000000.0, 9, 10.0, 0.3, 0.24, 0.0, 3) [0.4125245984253191 0.0021915476477068689 0.0024498893477410606] 1
2021-10-25 19:54:56.875596 (1.0, 1000000.0, 10, 10.0, 0.3, 0.39, 0.0, 3) [0.17845969769840983 0.0012482573798804672 0.11126809630095397] 1
2021-10-25 19:55:01.158583 (1.0, 1000000.0, 10, 10.0, 0.3, 0.29, 0.0, 3) [0.30040860718807916 0.0021434453486432786 0.010076920229788667] 1
2021-10-25 19:55:12.649778 (1.0, 1000000.0, 10, 10.0, 0.3, 0.4, 0.0, 3) [0.1697613307901917 0.0019554017154807535 0.13137798944375009] 1
2021-10-25 19:55:23.961340 (1.0, 1000000.0, 10, 10.0, 0.3, 0.3, 0.0, 3) [0.28479827881641073 0.0035586038399956087 0.013750402754520795] 1
2021-10-25 19:55:29.087153 (1.0, 1000000.0, 10, 10.0, 0.3, 0.28, 0.0, 3) [0.3133738013584453 0.0018189156198137623 0.0077733658079453729] 1
2021-10-25 19:55:37.171273 (1.0, 1000000.0, 10, 10.0, 0.3, 0.38, 0.0, 3) [0.1875780766861345 0.0020219651121433616 0.093338346961262211] 1
2021-10-25 19:56:21.291722 (1.0, 1000000.0, 10, 10.0, 0.3, 0.24, 0.0, 3) [0.380635055560401 0.0016106860868918894 0.0020295615340056401] 1
2021-10-25 20:23:36.647193 (1.0, 1000000.0, 11, 10.0, 0.3, 0.27, 0.0, 3) [0.30360432129203263 0.0023817783546928816 0.0051447480157496197] 1
2021-10-25 20:25:16.687472 (1.0, 1000000.0, 11, 10.0, 0.3, 0.23, 0.0, 3) [0.37164296901957483 0.0011757850055842439 0.0011523611883792171] 1
2021-10-25 20:25:37.428774 (1.0, 1000000.0, 8, 10.0, 0.3, 0.26, 0.0, 3) [0.4164212332595035 0.0014814765540191895 0.0052649649649464912] 1
2021-10-25 20:25:39.197135 (1.0, 1000000.0, 11, 10.0, 0.3, 0.28, 0.0, 3) [0.2875519431376844 0.0018469204216773421 0.0073179853003569988] 1
2021-10-25 20:26:23.753126 (1.0, 1000000.0, 11, 10.0, 0.3, 0.38, 0.0, 3) [0.1653793570295471 0.0016978927903990128 0.10399615075321519] 1
2021-10-25 20:26:38.289559 (1.0, 1000000.0, 11, 10.0, 0.3, 0.29, 0.0, 3) [0.27249676783397037 0.0026403467148669322 0.010180131691676284] 1
2021-10-25 20:26:39.262425 (1.0, 1000000.0, 8, 10.0, 0.3, 0.23, 0.0, 3) [0.46870022728406363 0.0016564481277490991 0.0022830967113721123] 1
2021-10-25 20:26:42.969772 (1.0, 1000000.0, 11, 10.0, 0.3, 0.31, 0.0, 3) [0.2462963953461249 0.0011079200134629962 0.018082473655089415] 1
2021-10-25 20:27:00.190016 (1.0, 1000000.0, 8, 10.0, 0.3, 0.33, 0.0, 3) [0.3126223899297286 0.0027579730571648804 0.027548390587251437] 1
2021-10-25 20:27:10.995099 (1.0, 1000000.0, 8, 10.0, 0.3, 0.28, 0.0, 3) [0.3827780376166495 0.0022428715998197624 0.0090077897569860489] 1
2021-10-25 20:27:40.182977 (1.0, 1000000.0, 8, 10.0, 0.3, 0.38, 0.0, 3) [0.2512995945948442 0.0021554332158245943 0.072272729495782229] 1
2021-10-25 20:28:08.445399 (1.0, 1000000.0, 8, 10.0, 0.3, 0.3, 0.0, 3) [0.35556278410883757 0.0025026848977038642 0.013928857567707098] 1
2021-10-25 20:45:12.539322 (1.0, 1000000.0, 11, 10.0, 0.3, 0.33, 0.0, 3) [0.21991594090619968 0.0015980917129190973 0.032183633100170139] 1
2021-10-25 22:01:57.740323 (1.0, 1000000.0, 9, 10.0, 0.3, 0.25, 0.0, 3) [0.3958139713080991 0.0016047701270551367 0.0033120285403369395] 1
2021-10-25 22:02:36.967196 (1.0, 1000000.0, 9, 10.0, 0.3, 0.22, 0.0, 3) [0.4474500288632649 0.0024396485295232707 0.0013069385962163128] 1
2021-10-25 22:02:59.988375 (1.0, 1000000.0, 9, 10.0, 0.3, 0.28, 0.0, 3) [0.3444221259117561 0.0020770805857020683 0.0083353809827137661] 1
2021-10-25 22:03:17.470125 (1.0, 1000000.0, 9, 10.0, 0.3, 0.32, 0.0, 3) [0.2863436826724035 0.0025838692994383031 0.023599757821162182] 1
2021-10-25 22:03:32.885171 (1.0, 1000000.0, 9, 10.0, 0.3, 0.3, 0.0, 3) [0.3164698130230882 0.0016364156239065367 0.01377752075255448] 1
2021-10-25 22:04:02.236121 (1.0, 1000000.0, 9, 10.0, 0.3, 0.2, 0.0, 3) [0.4880557191401289 0.0023630191728705777 0.00062989401570293601] 1
2021-10-25 22:04:09.448488 (1.0, 1000000.0, 9, 10.0, 0.3, 0.27, 0.0, 3) [0.36203056951336215 0.0018439694538946319 0.0060846081715830265] 1
2021-10-25 22:04:13.879060 (1.0, 1000000.0, 9, 10.0, 0.3, 0.34, 0.0, 3) [0.26142535635727243 0.0020027169150651784 0.036811739007079347] 1
2021-10-25 22:06:38.378362 (1.0, 1000000.0, 9, 10.0, 0.3, 0.4, 0.0, 3) [0.1967190908099771 0.0014352750949559682 0.11467823823332679] 1
2021-10-25 22:07:00.907600 (1.0, 1000000.0, 9, 10.0, 0.3, 0.36, 0.0, 3) [0.23791929357901834 0.0014359182076832395 0.055869382832367004] 1
2021-10-25 22:07:05.845627 (1.0, 1000000.0, 9, 10.0, 0.3, 0.23, 0.0, 3) [0.43110145519065773 0.0020477095951650986 0.0017550009897266319] 1
2021-10-25 22:07:10.378753 (1.0, 1000000.0, 9, 10.0, 0.3, 0.39, 0.0, 3) [0.20773536214080354 0.0024702983804271803 0.094862110189313162] 1
2021-10-25 22:22:41.043581 (1.0, 1000000.0, 12, 10.0, 0.3, 0.21, 0.0, 3) [0.3886840278736403 0.0017327104471190462 0.0003637771957786386] 1
2021-10-25 22:22:49.836793 (1.0, 1000000.0, 12, 10.0, 0.3, 0.23, 0.0, 3) [0.3495760469297366 0.0014808338775251723 0.00092902785229741572] 1
2021-10-25 22:22:59.290442 (1.0, 1000000.0, 12, 10.0, 0.3, 0.26, 0.0, 3) [0.2983779182267625 0.0024340879068102 0.0031765349846006531] 1
2021-10-25 22:23:05.002355 (1.0, 1000000.0, 12, 10.0, 0.3, 0.2, 0.0, 3) [0.40686119511601626 0.0033438343106469886 0.00023516225841775174] 1
2021-10-25 22:24:46.739367 (1.0, 1000000.0, 12, 10.0, 0.3, 0.31, 0.0, 3) [0.22315992649565927 0.0023041354735922203 0.019229777584758231] 1
2021-10-25 22:25:30.402428 (1.0, 1000000.0, 12, 10.0, 0.3, 0.35, 0.0, 3) [0.17528609584264748 0.0023421668104206682 0.059720312389031111] 1
2021-10-25 22:42:11.443088 (1.0, 1000000.0, 10, 10.0, 0.3, 0.26, 0.0, 3) [0.3462469539851753 0.0019398701273233671 0.0040356301749199961] 1
2021-10-25 22:43:16.103653 (1.0, 1000000.0, 10, 10.0, 0.3, 0.32, 0.0, 3) [0.25778753900209683 0.0016724521317938994 0.023537283751393821] 1
2021-10-25 22:48:13.992664 (1.0, 1000000.0, 10, 10.0, 0.3, 0.21, 0.0, 3) [0.43456060500103255 0.001509794447290049 0.00068985829991859008] 1
2021-10-25 22:48:16.645039 (1.0, 1000000.0, 10, 10.0, 0.3, 0.22, 0.0, 3) [0.4171471810068516 0.0014044307870644201 0.00097784395392625564] 1
2021-10-26 00:05:32.300806 (1.0, 1000000.0, 13, 10.0, 0.3, 0.25, 0.0, 3) [0.29466519257793355 0.0015574135670121155 0.0019225073754880703] 1
2021-10-26 00:06:11.567178 (1.0, 1000000.0, 13, 10.0, 0.3, 0.26, 0.0, 3) [0.279228668158837 0.0020185702740806565 0.002874608622026536] 1
2021-10-26 00:07:26.073353 (1.0, 1000000.0, 13, 10.0, 0.3, 0.36, 0.0, 3) [0.14826773227100645 0.0013130257646718447 0.084001504803185606] 1
2021-10-26 00:07:41.421672 (1.0, 1000000.0, 13, 10.0, 0.3, 0.39, 0.0, 3) [0.12067876510607638 0.0017907157753732483 0.16630638509088738] 1
2021-10-26 00:07:47.854544 (1.0, 1000000.0, 13, 10.0, 0.3, 0.23, 0.0, 3) [0.3308641358838969 0.0013382049433856332 0.00075012872063303889] 1
2021-10-26 00:08:00.850322 (1.0, 1000000.0, 13, 10.0, 0.3, 0.27, 0.0, 3) [0.26218406476744666 0.0021833629664050396 0.0044721098701455599] 1
2021-10-26 00:08:44.487007 (1.0, 1000000.0, 13, 10.0, 0.3, 0.28, 0.0, 3) [0.24753369319289076 0.001704656148495581 0.0065424549949773579] 1
2021-10-26 00:09:05.063114 (1.0, 1000000.0, 13, 10.0, 0.3, 0.33, 0.0, 3) [0.17949748175091468 0.0010406305910102389 0.037958776044935132] 1
2021-10-26 00:09:28.560188 (1.0, 1000000.0, 13, 10.0, 0.3, 0.38, 0.0, 3) [0.12993798448855848 0.0010168190299304691 0.13282457163622857] 1
2021-10-26 00:11:00.676653 (1.0, 1000000.0, 13, 10.0, 0.3, 0.35, 0.0, 3) [0.1573168859623215 0.0015489216639133011 0.066807319290991984] 1
2021-10-26 00:39:18.881549 (1.0, 1000000.0, 11, 10.0, 0.3, 0.26, 0.0, 3) [0.32126666059198505 0.0025331987391769535 0.0034937764134809167] 1
2021-10-26 00:39:21.194423 (1.0, 1000000.0, 11, 10.0, 0.3, 0.24, 0.0, 3) [0.3536462796728657 0.0011964208123965172 0.0017122998957879089] 1
2021-10-26 00:46:49.361786 (1.0, 1000000.0, 11, 10.0, 0.3, 0.25, 0.0, 3) [0.3362918939621643 0.0030919888461279103 0.0025065102947284469] 1
2021-10-26 00:47:43.989588 (1.0, 1000000.0, 11, 10.0, 0.3, 0.37, 0.0, 3) [0.17364736152904447 0.0018387391760546613 0.087091393127513919] 1
2021-10-26 00:53:50.024703 (1.0, 1000000.0, 14, 10.0, 0.3, 0.29, 0.0, 3) [0.21530929944056146 0.0011101850553755434 0.0098061038660632038] 1
2021-10-26 01:48:25.270670 (1.0, 1000000.0, 10, 10.0, 0.3, 0.31, 0.0, 3) [0.270220789763605 0.0017369073071564667 0.018375311673041163] 1
2021-10-26 01:50:44.187330 (1.0, 1000000.0, 10, 10.0, 0.3, 0.34, 0.0, 3) [0.23393166553476738 0.0025798336658390589 0.037759206100696455] 1
2021-10-26 01:51:07.056414 (1.0, 1000000.0, 10, 10.0, 0.3, 0.33, 0.0, 3) [0.24387222299487304 0.0015725653679637163 0.031019517752947565] 1
2021-10-26 02:01:26.109711 (1.0, 1000000.0, 14, 10.0, 0.3, 0.21, 0.0, 3) [0.3527826773794039 0.0023999367872433886 0.00020950792980074077] 1
2021-10-26 02:01:38.427537 (1.0, 1000000.0, 14, 10.0, 0.3, 0.23, 0.0, 3) [0.3140873591291091 0.0021270261020767726 0.00061871402386673077] 1
2021-10-26 02:02:03.555171 (1.0, 1000000.0, 14, 10.0, 0.3, 0.33, 0.0, 3) [0.16472323437995146 0.0020504780370794308 0.04001053350703887] 1
2021-10-26 02:04:17.549929 (1.0, 1000000.0, 14, 10.0, 0.3, 0.37, 0.0, 3) [0.1237204220965489 0.0013654577838677457 0.12206245402164088] 1
2021-10-26 02:05:49.477473 (1.0, 1000000.0, 14, 10.0, 0.3, 0.25, 0.0, 3) [0.2775295203710316 0.0018870597210872797 0.0017219673872817184] 1
2021-10-26 03:55:02.751470 (1.0, 1000000.0, 12, 10.0, 0.3, 0.24, 0.0, 3) [0.3331893289075884 0.0024406820112327192 0.001378584437771168] 1
2021-10-26 03:56:36.404043 (1.0, 1000000.0, 12, 10.0, 0.3, 0.25, 0.0, 3) [0.31473974924149006 0.002399697626792173 0.0021446259226841303] 1
2021-10-26 03:56:41.632419 (1.0, 1000000.0, 12, 10.0, 0.3, 0.22, 0.0, 3) [0.3683880082361848 0.0018743265235122953 0.00059207188133687772] 1
2021-10-26 03:57:33.521176 (1.0, 1000000.0, 12, 10.0, 0.3, 0.27, 0.0, 3) [0.2795588391177632 0.0019870065550222282 0.0049791492446157066] 1
2021-10-26 03:59:10.563812 (1.0, 1000000.0, 12, 10.0, 0.3, 0.4, 0.0, 3) [0.12835687383201977 0.0014244685964791347 0.17576929416222636] 1
2021-10-26 03:59:45.970684 (1.0, 1000000.0, 12, 10.0, 0.3, 0.37, 0.0, 3) [0.15607007229197473 0.0020462078653699848 0.093628866531560787] 1
2021-10-26 05:05:49.319497 (1.0, 1000000.0, 11, 10.0, 0.3, 0.34, 0.0, 3) [0.20862187836150337 0.0010884171858032419 0.041176394456994239] 1
2021-10-26 05:08:05.108106 (1.0, 1000000.0, 11, 10.0, 0.3, 0.4, 0.0, 3) [0.14667147213427437 0.0023412828728818771 0.15351677364171201] 1
2021-10-26 05:10:19.746311 (1.0, 1000000.0, 11, 10.0, 0.3, 0.21, 0.0, 3) [0.41001980848375197 0.0016589767394867496 0.00049543633511141879] 1
2021-10-26 06:44:49.007185 (1.0, 1000000.0, 8, 10.0, 0.3, 0.31, 0.0, 3) [0.3395575061961514 0.0012832507389561956 0.017968333496875551] 1
2021-10-26 06:45:20.067312 (1.0, 1000000.0, 8, 10.0, 0.3, 0.25, 0.0, 3) [0.43379094598677714 0.0031023854235002145 0.0039916003671469791] 1
2021-10-26 06:46:03.228842 (1.0, 1000000.0, 8, 10.0, 0.3, 0.22, 0.0, 3) [0.4858749920598808 0.0027924010669735794 0.0017338272200542865] 1
2021-10-26 06:46:18.306384 (1.0, 1000000.0, 8, 10.0, 0.3, 0.27, 0.0, 3) [0.3977292491862928 0.0019534522601286526 0.0070921998535936866] 1
2021-10-26 06:46:26.268133 (1.0, 1000000.0, 8, 10.0, 0.3, 0.2, 0.0, 3) [0.5262973316580912 0.0024882770633317557 0.00090930259412311135] 1
2021-10-26 06:47:01.888146 (1.0, 1000000.0, 8, 10.0, 0.3, 0.35, 0.0, 3) [0.2869679283777075 0.0022895069548661429 0.041310292411843398] 1
2021-10-26 06:47:44.188092 (1.0, 1000000.0, 8, 10.0, 0.3, 0.29, 0.0, 3) [0.3689200021060353 0.0012364779856835859 0.011251653451766623] 1
2021-10-26 06:48:50.124186 (1.0, 1000000.0, 8, 10.0, 0.3, 0.4, 0.0, 3) [0.232082380749013 0.0017530547436140152 0.097599900722085686] 1
2021-10-26 07:17:28.143449 (1.0, 1000000.0, 9, 10.0, 0.3, 0.26, 0.0, 3) [0.376073289692457 0.0033816064133056086 0.0047199050979045689] 1
2021-10-26 07:18:15.340255 (1.0, 1000000.0, 9, 10.0, 0.3, 0.33, 0.0, 3) [0.2754354315891085 0.0015552102102118709 0.028708448794387924] 1
2021-10-26 07:20:03.830132 (1.0, 1000000.0, 9, 10.0, 0.3, 0.35, 0.0, 3) [0.24943473252163156 0.0013813889751925594 0.045537391369597828] 1
2021-10-26 07:20:54.994983 (1.0, 1000000.0, 9, 10.0, 0.3, 0.38, 0.0, 3) [0.21769717807849542 0.0018307405420172442 0.079719152472035718] 1
2021-10-26 07:21:51.113249 (1.0, 1000000.0, 15, 10.0, 0.3, 0.36, 0.0, 3) [0.12158800919568297 0.0014796996665974182 0.10244693501668491] 1
2021-10-26 07:23:25.443188 (1.0, 1000000.0, 9, 10.0, 0.3, 0.31, 0.0, 3) [0.3021865468320625 0.001614106777029313 0.017779726371364261] 1
2021-10-26 07:23:43.271456 (1.0, 1000000.0, 15, 10.0, 0.3, 0.39, 0.0, 3) [0.09667288774787654 0.0013957942093227238 0.20683166144048112] 1
2021-10-26 07:25:36.287449 (1.0, 1000000.0, 15, 10.0, 0.3, 0.4, 0.0, 3) [0.08945402070159032 0.0010148084232547976 0.25148647928301432] 1
2021-10-26 07:29:55.704705 (1.0, 1000000.0, 15, 10.0, 0.3, 0.38, 0.0, 3) [0.10397581577267705 0.0015374934142413567 0.16883673119801679] 1
2021-10-26 07:30:17.077195 (1.0, 1000000.0, 15, 10.0, 0.3, 0.24, 0.0, 3) [0.28328963668038576 0.0015812307468357912 0.00083115208605876009] 1
2021-10-26 07:32:10.655191 (1.0, 1000000.0, 15, 10.0, 0.3, 0.21, 0.0, 3) [0.33828604633782344 0.0018338689194394651 0.00015975837043172574] 1
2021-10-26 07:34:44.497182 (1.0, 1000000.0, 15, 10.0, 0.3, 0.37, 0.0, 3) [0.11213024011288167 0.0023320078610575903 0.13417696124859385] 1
2021-10-26 07:36:35.758695 (1.0, 1000000.0, 15, 10.0, 0.3, 0.23, 0.0, 3) [0.2998734544305238 0.0019137355174295779 0.00050514165273696286] 1
2021-10-26 09:18:00.368223 (1.0, 1000000.0, 12, 10.0, 0.3, 0.3, 0.0, 3) [0.23793655992210896 0.0016292817292067683 0.013520072313655875] 1
2021-10-26 09:23:33.940682 (1.0, 1000000.0, 12, 10.0, 0.3, 0.39, 0.0, 3) [0.1383013704168599 0.0024715433348424572 0.14086315341412167] 1
2021-10-26 09:27:39.068550 (1.0, 1000000.0, 12, 10.0, 0.3, 0.33, 0.0, 3) [0.1977444839971875 0.0014965177436910967 0.035161756641205605] 1
2021-10-26 09:56:36.928391 (1.0, 1000000.0, 14, 10.0, 0.3, 0.27, 0.0, 3) [0.24370920803714147 0.0022714247283199835 0.0044287576324262799] 1
2021-10-26 09:57:47.409108 (1.0, 1000000.0, 14, 10.0, 0.3, 0.32, 0.0, 3) [0.17596496124503885 0.0010185589708159686 0.029315824011700683] 1
2021-10-26 10:52:52.526271 (1.0, 1000000.0, 14, 10.0, 0.3, 0.26, 0.0, 3) [0.26137646330712744 0.0017942306364707871 0.0027048731614424727] 1
2021-10-26 10:54:11.662553 (1.0, 1000000.0, 14, 10.0, 0.3, 0.28, 0.0, 3) [0.2302199905815362 0.0024130232738173146 0.0064652140690119398] 1
2021-10-26 10:56:11.791485 (1.0, 1000000.0, 14, 10.0, 0.3, 0.35, 0.0, 3) [0.14325095820241454 0.0014146532814722224 0.072161433748658826] 1
2021-10-26 10:56:46.895738 (1.0, 1000000.0, 14, 10.0, 0.3, 0.36, 0.0, 3) [0.13253186744828951 0.0015477407048812757 0.096314823523271226] 1
2021-10-26 11:34:00.182170 (1.0, 1000000.0, 16, 10.0, 0.3, 0.26, 0.0, 3) [0.23332271908974267 0.0017158537635393349 0.0023289809024510306] 1
2021-10-26 11:41:44.659500 (1.0, 1000000.0, 16, 10.0, 0.3, 0.25, 0.0, 3) [0.25052690557682256 0.0010958990581762282 0.0013437824354309326] 1
2021-10-26 11:45:23.691391 (1.0, 1000000.0, 16, 10.0, 0.3, 0.27, 0.0, 3) [0.2174667346895568 0.0015258541126982742 0.0038651029310094675] 1
2021-10-26 11:45:29.552606 (1.0, 1000000.0, 16, 10.0, 0.3, 0.2, 0.0, 3) [0.34570196865062547 0.0025269755241406574 6.3985475929212237e-05] 1
2021-10-26 11:47:59.587117 (1.0, 1000000.0, 16, 10.0, 0.3, 0.3, 0.0, 3) [0.17607541103179386 0.0011936864022684861 0.014516513375112802] 1
2021-10-26 11:52:59.695027 (1.0, 1000000.0, 16, 10.0, 0.3, 0.33, 0.0, 3) [0.13938381481371243 0.0018661103153473431 0.046373564585863176] 1
2021-10-26 12:56:35.346410 (1.0, 1000000.0, 10, 10.0, 0.3, 0.23, 0.0, 3) [0.39855240228796507 0.0030103485627668422 0.0014181497506899655] 1
2021-10-26 13:00:38.283939 (1.0, 1000000.0, 10, 10.0, 0.3, 0.27, 0.0, 3) [0.3301724130860444 0.0011122401800833471 0.0055603623141790917] 1
2021-10-26 13:04:19.968179 (1.0, 1000000.0, 10, 10.0, 0.3, 0.35, 0.0, 3) [0.2221136330912899 0.001953570176902232 0.047693561200523683] 1
2021-10-26 13:04:45.885209 (1.0, 1000000.0, 10, 10.0, 0.3, 0.2, 0.0, 3) [0.4549970092349944 0.0019014588528921076 0.00045832232603801375] 1
2021-10-26 13:05:48.637998 (1.0, 1000000.0, 10, 10.0, 0.3, 0.25, 0.0, 3) [0.36345019884826013 0.0017613746612387695 0.0028603106406920892] 1
2021-10-26 13:06:41.239505 (1.0, 1000000.0, 10, 10.0, 0.3, 0.36, 0.0, 3) [0.20840776345440037 0.001270968347127069 0.062249466335687204] 1
2021-10-26 13:07:57.733767 (1.0, 1000000.0, 10, 10.0, 0.3, 0.37, 0.0, 3) [0.19969806636513607 0.001640955003840014 0.07395184651344798] 1
2021-10-26 18:17:53.501022 (1.0, 1000000.0, 14, 10.0, 0.3, 0.2, 0.0, 3) [0.37530325327684977 0.0019167544977088612 0.00011164700852335196] 1
2021-10-26 18:19:31.377890 (1.0, 1000000.0, 14, 10.0, 0.3, 0.22, 0.0, 3) [0.33212205400598777 0.0021861098176571862 0.0003735778016169068] 1
2021-10-26 18:22:33.452132 (1.0, 1000000.0, 14, 10.0, 0.3, 0.24, 0.0, 3) [0.29663996246177965 0.0015363620516671112 0.0010084968648025083] 1
2021-10-26 19:21:37.889667 (1.0, 1000000.0, 15, 10.0, 0.3, 0.27, 0.0, 3) [0.23177708970505767 0.0014839437197541815 0.0038938052422181463] 1
2021-10-26 19:21:50.100790 (1.0, 1000000.0, 15, 10.0, 0.3, 0.29, 0.0, 3) [0.20080226819438585 0.0027875702872577433 0.0098415256589564175] 1
2021-10-26 22:27:39.589766 (1.0, 1000000.0, 11, 10.0, 0.3, 0.2, 0.0, 3) [0.42909249881806144 0.0023295947259358366 0.00032586799887197057] 1
2021-10-26 22:34:46.599896 (1.0, 1000000.0, 11, 10.0, 0.3, 0.32, 0.0, 3) [0.23110898707031852 0.0011622723674639868 0.025184273907454702] 1
2021-10-26 22:39:19.475673 (1.0, 1000000.0, 11, 10.0, 0.3, 0.22, 0.0, 3) [0.39020958872627154 0.0025128856392311579 0.0007659864550286857] 1
2021-10-26 22:39:49.499208 (1.0, 1000000.0, 11, 10.0, 0.3, 0.3, 0.0, 3) [0.25898985541443326 0.0022339167594707244 0.013707937969962688] 1
2021-10-26 22:40:04.616977 (1.0, 1000000.0, 11, 10.0, 0.3, 0.39, 0.0, 3) [0.1565833636793186 0.0011539990144061037 0.12509715514382799] 1
2021-10-26 22:40:30.999734 (1.0, 1000000.0, 11, 10.0, 0.3, 0.36, 0.0, 3) [0.1865485368629332 0.0018137072350475542 0.066241576628694371] 1
2021-10-26 22:40:43.274852 (1.0, 1000000.0, 11, 10.0, 0.3, 0.35, 0.0, 3) [0.19689975150672315 0.0011702719803053509 0.053008884743609749] 1
2021-10-27 01:34:39.772343 (1.0, 1000000.0, 12, 10.0, 0.3, 0.29, 0.0, 3) [0.2500612268718912 0.0016151621273516597 0.0100977315056521] 1
2021-10-27 01:41:55.844545 (1.0, 1000000.0, 12, 10.0, 0.3, 0.28, 0.0, 3) [0.26603004061161606 0.0028258591988570884 0.006892405753071297] 1
2021-10-27 01:44:03.263492 (1.0, 1000000.0, 12, 10.0, 0.3, 0.36, 0.0, 3) [0.16381556085645826 0.0017357869631075289 0.078051867695958066] 1
2021-10-27 01:44:07.638091 (1.0, 1000000.0, 12, 10.0, 0.3, 0.32, 0.0, 3) [0.21002232317626615 0.00099521654008594617 0.026290351410397064] 1
2021-10-27 01:44:26.036589 (1.0, 1000000.0, 12, 10.0, 0.3, 0.34, 0.0, 3) [0.1869046508210527 0.0019995384527765792 0.045450440450674298] 1
2021-10-27 01:45:01.887684 (1.0, 1000000.0, 12, 10.0, 0.3, 0.38, 0.0, 3) [0.1457260160949659 0.0016191516994343491 0.11869516004182709] 1
2021-10-27 02:49:12.942022 (1.0, 1000000.0, 16, 10.0, 0.3, 0.22, 0.0, 3) [0.3071512815549809 0.0017120822809721379 0.00021966842308790343] 1
2021-10-27 02:52:46.474393 (1.0, 1000000.0, 16, 10.0, 0.3, 0.4, 0.0, 3) [0.07972917917804849 0.0013549912537001965 0.28256823171768974] 1
2021-10-27 03:05:19.788752 (1.0, 1000000.0, 16, 10.0, 0.3, 0.35, 0.0, 3) [0.11735407495501705 0.0010803546340353244 0.092051111730044488] 1
2021-10-27 03:05:37.952128 (1.0, 1000000.0, 16, 10.0, 0.3, 0.36, 0.0, 3) [0.11004315095123647 0.002008644203850453 0.11542896227195405] 1
2021-10-27 03:14:38.671871 (1.0, 1000000.0, 16, 10.0, 0.3, 0.39, 0.0, 3) [0.08643155346320398 0.00083276340656223053 0.23327972363652352] 1
2021-10-27 03:19:46.063448 (1.0, 1000000.0, 16, 10.0, 0.3, 0.29, 0.0, 3) [0.1895694942915348 0.0011910115137849177 0.0094352630248784475] 1
2021-10-27 06:30:20.715559 (1.0, 1000000.0, 15, 10.0, 0.3, 0.32, 0.0, 3) [0.16246686945133368 0.0017572838580846874 0.030861024059466037] 1
2021-10-27 06:32:18.132404 (1.0, 1000000.0, 15, 10.0, 0.3, 0.25, 0.0, 3) [0.264657647298003 0.0011149933586715197 0.0014525384778828667] 1
2021-10-27 06:33:00.828777 (1.0, 1000000.0, 15, 10.0, 0.3, 0.35, 0.0, 3) [0.13056160024296312 0.0008598801403186671 0.078929538119178716] 1
2021-10-27 21:21:14.050806 (1.0, 1000000.0, 14, 10.0, 0.3, 0.3, 0.0, 3) [0.2013141631555931 0.0016654350944870458 0.014476396779866983] 1
2021-10-27 21:31:35.055391 (1.0, 1000000.0, 14, 10.0, 0.3, 0.34, 0.0, 3) [0.1547565179042343 0.0018095220200187779 0.052748812229063725] 1
2021-10-27 21:32:17.761949 (1.0, 1000000.0, 14, 10.0, 0.3, 0.31, 0.0, 3) [0.18713667815005158 0.002729416887128079 0.021493932015767592] 1
2021-10-27 21:36:05.075108 (1.0, 1000000.0, 14, 10.0, 0.3, 0.38, 0.0, 3) [0.11631524491323224 0.0018420931918137534 0.14869455556665417] 1
2021-10-27 21:42:20.831119 (1.0, 1000000.0, 14, 10.0, 0.3, 0.4, 0.0, 3) [0.100257228527723 0.0012414948707900682 0.22492617098479958] 1
2021-10-27 21:43:18.820579 (1.0, 1000000.0, 14, 10.0, 0.3, 0.39, 0.0, 3) [0.10815152451635834 0.0019138475207643693 0.18390664602544327] 1
2021-10-28 06:58:43.687268 (1.0, 1000000.0, 16, 10.0, 0.3, 0.21, 0.0, 3) [0.3261745602470521 0.0015652892161730127 0.00011959373533938196] 1
2021-10-28 07:04:23.452413 (1.0, 1000000.0, 16, 10.0, 0.3, 0.37, 0.0, 3) [0.10097000345673403 0.001456124124225686 0.15164865089389612] 1
2021-10-28 07:13:50.254294 (1.0, 1000000.0, 16, 10.0, 0.3, 0.24, 0.0, 3) [0.26870287632919815 0.0016669660688902893 0.0007515957085075613] 1
2021-10-28 07:14:41.016999 (1.0, 1000000.0, 16, 10.0, 0.3, 0.34, 0.0, 3) [0.12720329255102558 0.0016828383385967631 0.067839993079645569] 1
2021-10-28 18:17:51.688896 (1.0, 1000000.0, 13, 10.0, 0.3, 0.31, 0.0, 3) [0.20421825513362413 0.0016865617809320294 0.020085036084648233] 1
2021-10-28 18:20:11.091381 (1.0, 1000000.0, 13, 10.0, 0.3, 0.2, 0.0, 3) [0.3883478743204302 0.0014436334973376189 0.0001684067848128777] 1
2021-10-28 18:38:20.769924 (1.0, 1000000.0, 13, 10.0, 0.3, 0.21, 0.0, 3) [0.36960565524576866 0.0020514188053835395 0.00027419977797327161] 1
2021-10-28 18:38:22.972715 (1.0, 1000000.0, 13, 10.0, 0.3, 0.24, 0.0, 3) [0.3132314723145763 0.0026193337100249539 0.001187199476109533] 1
2021-10-28 18:39:58.724713 (1.0, 1000000.0, 13, 10.0, 0.3, 0.3, 0.0, 3) [0.21891605693196328 0.0011102412673998341 0.013745958739051654] 1
2021-10-28 18:40:51.509022 (1.0, 1000000.0, 13, 10.0, 0.3, 0.34, 0.0, 3) [0.16782011433114727 0.0020056438593826767 0.051140710830058958] 1
2021-10-28 18:42:39.120822 (1.0, 1000000.0, 13, 10.0, 0.3, 0.32, 0.0, 3) [0.1914746523099245 0.0015605036105364864 0.027896189068057176] 1
2021-10-28 18:44:14.915982 (1.0, 1000000.0, 13, 10.0, 0.3, 0.37, 0.0, 3) [0.13891766841211656 0.0025013645828820324 0.10632641768495937] 1
2021-10-28 18:44:31.152085 (1.0, 1000000.0, 13, 10.0, 0.3, 0.22, 0.0, 3) [0.3479574236219025 0.0031364397894262735 0.00048094967215160309] 1
2021-10-28 18:45:44.541786 (1.0, 1000000.0, 13, 10.0, 0.3, 0.4, 0.0, 3) [0.11304572678349424 0.0014253933068004627 0.19955607119806729] 1
2021-10-28 18:46:21.909162 (1.0, 1000000.0, 13, 10.0, 0.3, 0.29, 0.0, 3) [0.23110213846560532 0.0017180332854067166 0.010003308721896441] 1
2021-10-28 20:19:34.925264 (1.0, 1000000.0, 16, 10.0, 0.3, 0.23, 0.0, 3) [0.2868863450415551 0.0011377466239502129 0.00041983276676111188] 1
2021-10-28 20:21:27.643409 (1.0, 1000000.0, 16, 10.0, 0.3, 0.28, 0.0, 3) [0.20278367034034586 0.001266662143873828 0.0061823352964769148] 1
2021-10-28 20:35:40.856687 (1.0, 1000000.0, 16, 10.0, 0.3, 0.32, 0.0, 3) [0.15092804340487054 0.0011006811037840201 0.032236412210124583] 1
2021-10-28 20:36:45.192656 (1.0, 1000000.0, 16, 10.0, 0.3, 0.38, 0.0, 3) [0.09464542248968752 0.0016917030583388786 0.18344533237153665] 1
2021-10-28 20:38:14.815312 (1.0, 1000000.0, 16, 10.0, 0.3, 0.31, 0.0, 3) [0.16264356263989999 0.0013500961673699691 0.022223690178941973] 1
2021-10-29 10:30:39.503145 (1.0, 1000000.0, 15, 10.0, 0.3, 0.2, 0.0, 3) [0.35852119492331164 0.0012648637875041049 8.7022021463929885e-05] 1
2021-10-29 10:31:48.647750 (1.0, 1000000.0, 15, 10.0, 0.3, 0.33, 0.0, 3) [0.15144769300630168 0.0018169899584303383 0.042803980958970943] 1
2021-10-29 10:37:12.835676 (1.0, 1000000.0, 15, 10.0, 0.3, 0.28, 0.0, 3) [0.21645278531043918 0.0024525265664730633 0.0061589292577650615] 1
2021-10-29 10:38:46.783108 (1.0, 1000000.0, 15, 10.0, 0.3, 0.31, 0.0, 3) [0.17482775889821506 0.0013116757650488958 0.021368227296567056] 1
2021-10-29 10:40:45.698767 (1.0, 1000000.0, 15, 10.0, 0.3, 0.22, 0.0, 3) [0.3187024876793475 0.0011980583624933332 0.00028738144736212322] 1
2021-10-29 10:41:56.383367 (1.0, 1000000.0, 15, 10.0, 0.3, 0.34, 0.0, 3) [0.1394793059152014 0.0012470321038740607 0.060800300324170831] 1
2021-10-29 10:45:34.493890 (1.0, 1000000.0, 15, 10.0, 0.3, 0.3, 0.0, 3) [0.18738694721985547 0.0023058719045272588 0.014691295087428525] 1
2021-10-29 10:47:42.491011 (1.0, 1000000.0, 15, 10.0, 0.3, 0.26, 0.0, 3) [0.24873769199508694 0.0012971735960258313 0.0023421832620036972] 1
