2021-12-14 13:46:04.034419 (1.0, 500000.0, 8, 10.0, [[0.0, 0.6], [0.4, 1.0]], 0.2, 0.0, 3) [0.2899084794339482 0.90880276998087572] 1
2021-12-14 13:46:11.877240 (1.0, 500000.0, 8, 10.0, [[0.0, 0.6], [0.4, 1.0]], 0.1, 0.0, 3) [0.3625639041785079 0.44991913981517628] 1
2021-12-14 13:46:15.086609 (1.0, 500000.0, 8, 10.0, [[0.0, 0.6], [0.4, 1.0]], 0.0, 0.0, 3) [0.45805115071508307 0.17768169299172595] 1
2021-12-14 13:46:43.376943 (1.0, 500000.0, 8, 10.0, [[0.0, 0.6], [0.4, 1.0]], 0.3, 0.0, 3) [0.230183655104104 1.5938073726674205] 1
2021-12-14 13:46:53.448101 (1.0, 500000.0, 8, 10.0, [[0.0, 0.6], [0.4, 1.0]], 0.5, 0.0, 3) [0.14702280065966633 3.3354940100945902] 1
2021-12-14 13:47:01.406420 (1.0, 500000.0, 8, 10.0, [[0.0, 0.6], [0.4, 1.0]], 0.6, 0.0, 3) [0.11969304704061338 4.2790917580079988] 1
2021-12-14 13:47:03.600601 (1.0, 500000.0, 8, 10.0, [[0.0, 0.6], [0.4, 1.0]], 0.7, 0.0, 3) [0.0986583373672809 5.2392864467502136] 1
2021-12-14 13:47:05.573404 (1.0, 500000.0, 8, 10.0, [[0.0, 0.6], [0.4, 1.0]], 0.4, 0.0, 3) [0.1815497480226478 2.4497618767646379] 1
2021-12-14 13:47:10.551361 (1.0, 500000.0, 8, 10.0, [[0.0, 0.6], [0.4, 1.0]], 0.8, 0.0, 3) [0.08392367393891158 6.21578681439596] 1
2021-12-14 13:47:40.665810 (1.0, 500000.0, 8, 10.0, [[0.0, 0.6], [0.4, 1.0]], 0.9, 0.0, 3) [0.07177952377108582 7.2440109468036056] 1
2021-12-14 13:54:34.597315 (1.0, 500000.0, 8, 10.0, [[0.0, 0.6], [0.4, 1.0]], 1.0, 0.0, 3) [0.06231916587262439 8.3612984494689435] 1
2021-12-14 13:59:21.245813 (1.0, 500000.0, 9, 10.0, [[0.0, 0.6], [0.4, 1.0]], 0.0, 0.0, 3) [0.40832786402197935 0.29716138501823092] 1
2021-12-14 13:59:37.486499 (1.0, 500000.0, 9, 10.0, [[0.0, 0.6], [0.4, 1.0]], 0.2, 0.0, 3) [0.24469666559893427 1.3924963282548151] 1
2021-12-14 13:59:50.019861 (1.0, 500000.0, 9, 10.0, [[0.0, 0.6], [0.4, 1.0]], 0.1, 0.0, 3) [0.3159911592158317 0.71764557102611271] 1
2021-12-14 14:00:00.219523 (1.0, 500000.0, 9, 10.0, [[0.0, 0.6], [0.4, 1.0]], 0.6, 0.0, 3) [0.09557106703478838 5.5544674683425157] 1
2021-12-14 14:00:08.522835 (1.0, 500000.0, 9, 10.0, [[0.0, 0.6], [0.4, 1.0]], 0.5, 0.0, 3) [0.11962862117797438 4.404577637613678] 1
2021-12-14 14:00:18.828781 (1.0, 500000.0, 9, 10.0, [[0.0, 0.6], [0.4, 1.0]], 0.4, 0.0, 3) [0.14962435728009316 3.3204739777068148] 1
2021-12-14 14:00:48.904927 (1.0, 500000.0, 9, 10.0, [[0.0, 0.6], [0.4, 1.0]], 0.7, 0.0, 3) [0.07974876861004618 6.7115875331393715] 1
2021-12-14 14:00:57.700877 (1.0, 500000.0, 9, 10.0, [[0.0, 0.6], [0.4, 1.0]], 0.8, 0.0, 3) [0.06606392115378898 7.9692950244781011] 1
2021-12-14 14:00:58.985922 (1.0, 500000.0, 9, 10.0, [[0.0, 0.6], [0.4, 1.0]], 0.3, 0.0, 3) [0.191051748302802 2.2933690036365246] 1
2021-12-14 14:01:05.342256 (1.0, 500000.0, 9, 10.0, [[0.0, 0.6], [0.4, 1.0]], 0.9, 0.0, 3) [0.055984444620490875 9.2256485101478631] 1
2021-12-14 14:11:44.131764 (1.0, 500000.0, 10, 10.0, [[0.0, 0.6], [0.4, 1.0]], 0.0, 0.0, 3) [0.36371706747751587 0.46141605671368163] 1
2021-12-14 14:12:09.650972 (1.0, 500000.0, 10, 10.0, [[0.0, 0.6], [0.4, 1.0]], 0.1, 0.0, 3) [0.2802920651810889 1.0334818103354102] 1
2021-12-14 14:13:09.775430 (1.0, 500000.0, 10, 10.0, [[0.0, 0.6], [0.4, 1.0]], 0.4, 0.0, 3) [0.12270098635012532 4.2743224654865797] 1
2021-12-14 14:13:18.725927 (1.0, 500000.0, 10, 10.0, [[0.0, 0.6], [0.4, 1.0]], 0.2, 0.0, 3) [0.21250524543277985 1.9248985203460889] 1
2021-12-14 14:13:23.455190 (1.0, 500000.0, 10, 10.0, [[0.0, 0.6], [0.4, 1.0]], 0.3, 0.0, 3) [0.16124500661246974 3.0352108591462477] 1
2021-12-14 14:13:33.673617 (1.0, 500000.0, 10, 10.0, [[0.0, 0.6], [0.4, 1.0]], 0.7, 0.0, 3) [0.06412585941698064 8.3390103501029369] 1
2021-12-14 14:13:43.231627 (1.0, 500000.0, 10, 10.0, [[0.0, 0.6], [0.4, 1.0]], 0.6, 0.0, 3) [0.07730039494913936 6.9015449310388446] 1
2021-12-14 14:13:51.974513 (1.0, 500000.0, 10, 10.0, [[0.0, 0.6], [0.4, 1.0]], 0.5, 0.0, 3) [0.09704875953751521 5.5565228068877932] 1
2021-12-14 14:14:03.939247 (1.0, 500000.0, 10, 10.0, [[0.0, 0.6], [0.4, 1.0]], 0.8, 0.0, 3) [0.052410006088567135 9.8481857865688447] 1
2021-12-14 14:14:38.599756 (1.0, 500000.0, 10, 10.0, [[0.0, 0.6], [0.4, 1.0]], 0.9, 0.0, 3) [0.04622554272457448 11.42429841324536] 1
2021-12-14 14:25:25.160660 (1.0, 500000.0, 11, 10.0, [[0.0, 0.6], [0.4, 1.0]], 0.0, 0.0, 3) [0.3277141753612487 0.65455931384629662] 1
2021-12-14 14:30:39.588690 (1.0, 500000.0, 11, 10.0, [[0.0, 0.6], [0.4, 1.0]], 0.3, 0.0, 3) [0.1366118534906744 3.8460326609298701] 1
2021-12-14 14:30:57.537613 (1.0, 500000.0, 11, 10.0, [[0.0, 0.6], [0.4, 1.0]], 0.1, 0.0, 3) [0.24639147577459747 1.4291784511503358] 1
2021-12-14 14:31:23.011468 (1.0, 500000.0, 11, 10.0, [[0.0, 0.6], [0.4, 1.0]], 0.4, 0.0, 3) [0.10248098192216733 5.2668587946961578] 1
2021-12-14 14:31:37.154725 (1.0, 500000.0, 11, 10.0, [[0.0, 0.6], [0.4, 1.0]], 0.6, 0.0, 3) [0.06477214943834518 8.3781128559454334] 1
2021-12-14 14:32:06.911551 (1.0, 500000.0, 11, 10.0, [[0.0, 0.6], [0.4, 1.0]], 0.5, 0.0, 3) [0.08056118419923437 6.761004351747788] 1
2021-12-14 14:32:21.760680 (1.0, 500000.0, 11, 10.0, [[0.0, 0.6], [0.4, 1.0]], 0.2, 0.0, 3) [0.18366661587504476 2.5247424285017792] 1
2021-12-14 14:32:40.284521 (1.0, 500000.0, 11, 10.0, [[0.0, 0.6], [0.4, 1.0]], 0.8, 0.0, 3) [0.04410806273405927 11.885794743013998] 1
2021-12-14 14:33:07.792288 (1.0, 500000.0, 11, 10.0, [[0.0, 0.6], [0.4, 1.0]], 0.7, 0.0, 3) [0.05164228400504555 10.152096172109616] 1
2021-12-14 14:33:14.180127 (1.0, 500000.0, 11, 10.0, [[0.0, 0.6], [0.4, 1.0]], 0.9, 0.0, 3) [0.038296013371039654 13.796498776938444] 1
2021-12-14 14:51:37.015039 (1.0, 500000.0, 10, 10.0, [[0.0, 0.6], [0.4, 1.0]], 1.0, 0.0, 3) [0.038448260988165936 13.163917404441166] 1
2021-12-14 15:07:50.759048 (1.0, 500000.0, 9, 10.0, [[0.0, 0.6], [0.4, 1.0]], 1.0, 0.0, 3) [0.04834417333859996 10.701212584053172] 1
2021-12-14 17:09:13.556513 (1.0, 500000.0, 11, 10.0, [[0.0, 0.6], [0.4, 1.0]], 1.0, 0.0, 3) [0.031329663352782665 15.972875692903214] 1
2021-12-16 02:57:38.867451 (1.0, 500000.0, 6, 10.0, [[0.0, 0.6], [0.4, 1.0]], 0.0, 0.0, 3) [0.595954084434962 0.043857904194069174] 1
2021-12-16 03:10:31.822176 (1.0, 500000.0, 6, 10.0, [[0.0, 0.6], [0.4, 1.0]], 0.4, 0.0, 3) [0.28288112096770957 0.95179583374828092] 1
2021-12-16 03:18:19.426677 (1.0, 500000.0, 6, 10.0, [[0.0, 0.6], [0.4, 1.0]], 0.9, 0.0, 3) [0.1267267909936159 3.9143851054975181] 1
2021-12-17 13:58:38.875693 (1.0, 500000.0, 6, 10.0, [[0.0, 0.6], [0.4, 1.0]], 0.1, 0.0, 3) [0.4922278500804505 0.12346045859982702] 1
2021-12-17 14:04:51.115437 (1.0, 500000.0, 6, 10.0, [[0.0, 0.6], [0.4, 1.0]], 0.7, 0.0, 3) [0.1688552999729883 2.659947179172232] 1
2021-12-17 14:09:31.772941 (1.0, 500000.0, 6, 10.0, [[0.0, 0.6], [0.4, 1.0]], 0.2, 0.0, 3) [0.40770842630358367 0.28186123154388676] 1
2021-12-17 18:56:04.082390 (1.0, 500000.0, 7, 10.0, [[0.0, 0.6], [0.4, 1.0]], 0.6, 0.0, 3) [0.15320338875099934 3.1273636679340591] 1
2021-12-17 19:05:38.957359 (1.0, 500000.0, 7, 10.0, [[0.0, 0.6], [0.4, 1.0]], 0.5, 0.0, 3) [0.18459004286917727 2.3636076296466206] 1
2021-12-17 19:40:51.348273 (1.0, 500000.0, 7, 10.0, [[0.0, 0.6], [0.4, 1.0]], 0.0, 0.0, 3) [0.517262077524881 0.097265878019982446] 1
2021-12-17 19:56:25.403236 (1.0, 500000.0, 7, 10.0, [[0.0, 0.6], [0.4, 1.0]], 0.9, 0.0, 3) [0.09179593843142717 5.5146075191628299] 1
2021-12-17 23:21:30.903873 (1.0, 500000.0, 6, 10.0, [[0.0, 0.6], [0.4, 1.0]], 1.0, 0.0, 3) [0.11152668154842373 4.5685911641159516] 1
2021-12-19 23:40:04.682855 (1.0, 500000.0, 6, 10.0, [[0.0, 0.6], [0.4, 1.0]], 0.3, 0.0, 3) [0.33760276178435616 0.56427769865111621] 1
2021-12-19 23:40:09.631492 (1.0, 500000.0, 6, 10.0, [[0.0, 0.6], [0.4, 1.0]], 0.5, 0.0, 3) [0.23423642387187207 1.477669754820621] 1
2021-12-19 23:44:25.054741 (1.0, 500000.0, 6, 10.0, [[0.0, 0.6], [0.4, 1.0]], 0.6, 0.0, 3) [0.19809396083303638 2.0534408193242877] 1
2021-12-19 23:46:16.769142 (1.0, 500000.0, 6, 10.0, [[0.0, 0.6], [0.4, 1.0]], 0.8, 0.0, 3) [0.14590844476234188 3.2872449991324153] 1
2021-12-20 10:05:02.103265 (1.0, 500000.0, 7, 10.0, [[0.0, 0.6], [0.4, 1.0]], 0.1, 0.0, 3) [0.42043190353522353 0.25057154736148352] 1
2021-12-20 10:28:53.226982 (1.0, 500000.0, 7, 10.0, [[0.0, 0.6], [0.4, 1.0]], 0.8, 0.0, 3) [0.10952952657305517 4.69888058468623] 1
