2021-12-29 15:22:20.206656 (1.0, 500000.0, 6, 10.0, [[0.5, 0.1], [0.5, 0.1]], 0.99, 0.0, 3) [0.24912986483076627 1.3237737786535224] 1
2021-12-29 15:22:48.870467 (1.0, 500000.0, 6, 10.0, [[0.5, 0.01], [0.5, 0.01]], 0.99, 0.0, 3) [0.25210591017111245 1.2983765835784018] 1
2021-12-29 15:23:25.902452 (1.0, 500000.0, 6, 10.0, [[0.5, 0.06], [0.5, 0.06]], 0.99, 0.0, 3) [0.24889678412251395 1.3262175533729692] 1
2021-12-29 15:25:16.351775 (1.0, 500000.0, 6, 10.0, [[0.5, 0.08], [0.5, 0.08]], 0.99, 0.0, 3) [0.2485652256807442 1.3326493013351104] 1
2021-12-29 15:34:37.923055 (1.0, 500000.0, 7, 10.0, [[0.5, 0.02], [0.5, 0.02]], 0.99, 0.0, 3) [0.2005417888754728 2.1227747915260986] 1
2021-12-29 15:35:24.099835 (1.0, 500000.0, 7, 10.0, [[0.5, 0.03], [0.5, 0.03]], 0.99, 0.0, 3) [0.1985941142459282 2.1464831339053578] 1
2021-12-29 15:51:15.070414 (1.0, 500000.0, 8, 10.0, [[0.5, 0.08], [0.5, 0.08]], 0.99, 0.0, 3) [0.16169036094269787 3.04274983844947] 1
2021-12-29 15:51:20.649167 (1.0, 500000.0, 8, 10.0, [[0.5, 0.07], [0.5, 0.07]], 0.99, 0.0, 3) [0.1637311021636683 3.0134818805710628] 1
2021-12-29 15:51:27.993457 (1.0, 500000.0, 8, 10.0, [[0.5, 0.01], [0.5, 0.01]], 0.99, 0.0, 3) [0.16270390569059637 3.0306349132070136] 1
2021-12-29 15:51:35.024441 (1.0, 500000.0, 8, 10.0, [[0.5, 0.1], [0.5, 0.1]], 0.99, 0.0, 3) [0.16072466488323725 3.0599774695293829] 1
2021-12-29 16:00:02.493949 (1.0, 500000.0, 6, 10.0, [[0.5, 0.02], [0.5, 0.02]], 0.99, 0.0, 3) [0.2504154888998084 1.3145017253646827] 1
2021-12-29 16:00:03.038023 (1.0, 500000.0, 6, 10.0, [[0.5, 0.04], [0.5, 0.04]], 0.99, 0.0, 3) [0.2497710128115345 1.3167562930741046] 1
2021-12-29 16:12:13.639170 (1.0, 500000.0, 9, 10.0, [[0.5, 0.05], [0.5, 0.05]], 0.99, 0.0, 3) [0.13377042446109086 4.0340300422467381] 1
2021-12-29 16:12:52.442264 (1.0, 500000.0, 9, 10.0, [[0.5, 0.1], [0.5, 0.1]], 0.99, 0.0, 3) [0.1340679764488709 4.0209120138138346] 1
2021-12-29 16:13:38.553336 (1.0, 500000.0, 9, 10.0, [[0.5, 0.09], [0.5, 0.09]], 0.99, 0.0, 3) [0.13236471190317584 4.0631560883230859] 1
2021-12-29 16:19:17.507099 (1.0, 500000.0, 7, 10.0, [[0.5, 0.05], [0.5, 0.05]], 0.99, 0.0, 3) [0.2007952937493529 2.1301672641344322] 1
2021-12-29 16:19:31.030261 (1.0, 500000.0, 7, 10.0, [[0.5, 0.01], [0.5, 0.01]], 0.99, 0.0, 3) [0.20005062122914288 2.1185446264746646] 1
2021-12-29 16:25:26.334023 (1.0, 500000.0, 7, 10.0, [[0.5, 0.09], [0.5, 0.09]], 0.99, 0.0, 3) [0.20115427033358785 2.1190167024111006] 1
2021-12-29 16:25:30.384592 (1.0, 500000.0, 7, 10.0, [[0.5, 0.07], [0.5, 0.07]], 0.99, 0.0, 3) [0.19902530465023746 2.1288519569771975] 1
2021-12-29 16:26:01.825606 (1.0, 500000.0, 7, 10.0, [[0.5, 0.04], [0.5, 0.04]], 0.99, 0.0, 3) [0.20105884325416892 2.1038399382276709] 1
2021-12-29 16:26:33.410956 (1.0, 500000.0, 7, 10.0, [[0.5, 0.06], [0.5, 0.06]], 0.99, 0.0, 3) [0.2010598001220529 2.1027118661263553] 1
2021-12-29 16:27:04.012734 (1.0, 500000.0, 7, 10.0, [[0.5, 0.1], [0.5, 0.1]], 0.99, 0.0, 3) [0.19937258367028182 2.1390110977856986] 1
2021-12-29 16:27:10.034755 (1.0, 500000.0, 7, 10.0, [[0.5, 0.08], [0.5, 0.08]], 0.99, 0.0, 3) [0.19973670797248655 2.127596267781783] 1
2021-12-29 16:42:28.877863 (1.0, 500000.0, 10, 10.0, [[0.5, 0.1], [0.5, 0.1]], 0.99, 0.0, 3) [0.1104858970629084 5.1435515200759303] 1
2021-12-29 16:44:11.092050 (1.0, 500000.0, 10, 10.0, [[0.5, 0.04], [0.5, 0.04]], 0.99, 0.0, 3) [0.11157628051790548 5.0907369821913271] 1
2021-12-29 16:45:01.252391 (1.0, 500000.0, 10, 10.0, [[0.5, 0.02], [0.5, 0.02]], 0.99, 0.0, 3) [0.11146885181544336 5.1050592917763353] 1
2021-12-29 16:49:48.422147 (1.0, 500000.0, 8, 10.0, [[0.5, 0.02], [0.5, 0.02]], 0.99, 0.0, 3) [0.16438376616252157 3.0161587787393698] 1
2021-12-29 16:50:01.716447 (1.0, 500000.0, 8, 10.0, [[0.5, 0.03], [0.5, 0.03]], 0.99, 0.0, 3) [0.16203883451934806 3.0438973268310576] 1
2021-12-29 17:25:36.456022 (1.0, 500000.0, 11, 10.0, [[0.5, 0.01], [0.5, 0.01]], 0.99, 0.0, 3) [0.0939386508463208 6.2282054899055268] 1
2021-12-29 17:25:40.559664 (1.0, 500000.0, 11, 10.0, [[0.5, 0.1], [0.5, 0.1]], 0.99, 0.0, 3) [0.09182884904350697 6.2908118440118823] 1
2021-12-29 17:26:39.487290 (1.0, 500000.0, 6, 10.0, [[0.5, 0.05], [0.5, 0.05]], 0.99, 0.0, 3) [0.2505137912549276 1.3115720382412561] 1
2021-12-29 17:26:50.271633 (1.0, 500000.0, 6, 10.0, [[0.5, 0.07], [0.5, 0.07]], 0.99, 0.0, 3) [0.2491206240377124 1.3293110485866473] 1
2021-12-29 17:26:50.820534 (1.0, 500000.0, 11, 10.0, [[0.5, 0.09], [0.5, 0.09]], 0.99, 0.0, 3) [0.09367766595287486 6.24969282332638] 1
2021-12-29 17:26:54.663758 (1.0, 500000.0, 6, 10.0, [[0.5, 0.03], [0.5, 0.03]], 0.99, 0.0, 3) [0.25301742005710015 1.2938546867477732] 1
2021-12-29 17:27:04.149630 (1.0, 500000.0, 6, 10.0, [[0.5, 0.09], [0.5, 0.09]], 0.99, 0.0, 3) [0.24971329161783568 1.3235195335915673] 1
2021-12-29 17:27:39.338802 (1.0, 500000.0, 11, 10.0, [[0.5, 0.04], [0.5, 0.04]], 0.99, 0.0, 3) [0.09507259175343642 6.2079295021886809] 1
2021-12-29 17:27:53.048718 (1.0, 500000.0, 11, 10.0, [[0.5, 0.08], [0.5, 0.08]], 0.99, 0.0, 3) [0.09427954410520531 6.2615341513812153] 1
2021-12-29 17:57:10.363336 (1.0, 500000.0, 9, 10.0, [[0.5, 0.08], [0.5, 0.08]], 0.99, 0.0, 3) [0.13291527046614654 4.0515956369001191] 1
2021-12-29 17:57:21.225821 (1.0, 500000.0, 9, 10.0, [[0.5, 0.07], [0.5, 0.07]], 0.99, 0.0, 3) [0.13369383633818566 4.0401901665275037] 1
2021-12-29 17:58:48.971301 (1.0, 500000.0, 9, 10.0, [[0.5, 0.03], [0.5, 0.03]], 0.99, 0.0, 3) [0.13455244003390354 4.0044406127372714] 1
2021-12-29 17:58:52.278388 (1.0, 500000.0, 9, 10.0, [[0.5, 0.01], [0.5, 0.01]], 0.99, 0.0, 3) [0.1353167831896955 3.9978391983915338] 1
2021-12-29 18:23:11.239251 (1.0, 500000.0, 12, 10.0, [[0.5, 0.03], [0.5, 0.03]], 0.99, 0.0, 3) [0.07970122653354955 7.4585125544044093] 1
2021-12-29 18:24:20.255655 (1.0, 500000.0, 12, 10.0, [[0.5, 0.06], [0.5, 0.06]], 0.99, 0.0, 3) [0.0782344873737911 7.502526832022534] 1
2021-12-29 18:25:20.155079 (1.0, 500000.0, 12, 10.0, [[0.5, 0.04], [0.5, 0.04]], 0.99, 0.0, 3) [0.07916836288814112 7.491448821213476] 1
2021-12-29 18:36:58.959848 (1.0, 500000.0, 10, 10.0, [[0.5, 0.01], [0.5, 0.01]], 0.99, 0.0, 3) [0.1111176045887189 5.0819387521734196] 1
2021-12-29 18:38:05.617550 (1.0, 500000.0, 10, 10.0, [[0.5, 0.06], [0.5, 0.06]], 0.99, 0.0, 3) [0.11064258019617809 5.1281462269285658] 1
2021-12-29 18:43:27.347314 (1.0, 500000.0, 10, 10.0, [[0.5, 0.09], [0.5, 0.09]], 0.99, 0.0, 3) [0.10924936438528772 5.1280283936954474] 1
2021-12-29 18:43:40.350596 (1.0, 500000.0, 10, 10.0, [[0.5, 0.03], [0.5, 0.03]], 0.99, 0.0, 3) [0.11195204593304414 5.0811320041427663] 1
2021-12-29 19:00:07.836440 (1.0, 500000.0, 8, 10.0, [[0.5, 0.06], [0.5, 0.06]], 0.99, 0.0, 3) [0.16188735859073544 3.0381648464693538] 1
2021-12-29 19:01:51.800072 (1.0, 500000.0, 8, 10.0, [[0.5, 0.04], [0.5, 0.04]], 0.99, 0.0, 3) [0.16295335989848417 3.0357632835457768] 1
2021-12-29 19:01:55.302246 (1.0, 500000.0, 8, 10.0, [[0.5, 0.09], [0.5, 0.09]], 0.99, 0.0, 3) [0.16100457018569167 3.0589516936824839] 1
2021-12-29 19:02:31.931040 (1.0, 500000.0, 8, 10.0, [[0.5, 0.05], [0.5, 0.05]], 0.99, 0.0, 3) [0.1628185408477518 3.028118459786457] 1
2021-12-29 19:13:17.154083 (1.0, 500000.0, 9, 10.0, [[0.5, 0.06], [0.5, 0.06]], 0.99, 0.0, 3) [0.13225454427411013 4.0354879677693241] 1
2021-12-29 19:17:55.909333 (1.0, 500000.0, 9, 10.0, [[0.5, 0.02], [0.5, 0.02]], 0.99, 0.0, 3) [0.13371551615755564 4.0177973148839579] 1
2021-12-29 19:18:48.900422 (1.0, 500000.0, 9, 10.0, [[0.5, 0.04], [0.5, 0.04]], 0.99, 0.0, 3) [0.1341527333097482 4.0264829763810566] 1
2021-12-29 19:48:26.978629 (1.0, 500000.0, 13, 10.0, [[0.5, 0.01], [0.5, 0.01]], 0.99, 0.0, 3) [0.06774436909191654 8.8049337934891483] 1
2021-12-29 19:48:38.102595 (1.0, 500000.0, 13, 10.0, [[0.5, 0.1], [0.5, 0.1]], 0.99, 0.0, 3) [0.06609386400768327 8.8832721959868088] 1
2021-12-29 19:49:28.177717 (1.0, 500000.0, 13, 10.0, [[0.5, 0.08], [0.5, 0.08]], 0.99, 0.0, 3) [0.0678307600265312 8.817875667400326] 1
2021-12-29 20:35:27.806418 (1.0, 500000.0, 10, 10.0, [[0.5, 0.05], [0.5, 0.05]], 0.99, 0.0, 3) [0.11140855127209236 5.1041356759290064] 1
2021-12-29 20:40:05.109428 (1.0, 500000.0, 10, 10.0, [[0.5, 0.07], [0.5, 0.07]], 0.99, 0.0, 3) [0.1106395783889202 5.1088972715909033] 1
2021-12-29 20:40:11.253324 (1.0, 500000.0, 10, 10.0, [[0.5, 0.08], [0.5, 0.08]], 0.99, 0.0, 3) [0.11105240533324388 5.0972419128616773] 1
2021-12-29 21:19:10.922814 (1.0, 500000.0, 14, 10.0, [[0.5, 0.01], [0.5, 0.01]], 0.99, 0.0, 3) [0.05840263011051868 10.220192693898301] 1
2021-12-29 21:20:59.246163 (1.0, 500000.0, 14, 10.0, [[0.5, 0.07], [0.5, 0.07]], 0.99, 0.0, 3) [0.056636456924254196 10.256739925414033] 1
2021-12-29 21:23:35.814116 (1.0, 500000.0, 14, 10.0, [[0.5, 0.04], [0.5, 0.04]], 0.99, 0.0, 3) [0.057461389299822266 10.240116576967427] 1
2021-12-29 22:04:36.606834 (1.0, 500000.0, 12, 10.0, [[0.5, 0.08], [0.5, 0.08]], 0.99, 0.0, 3) [0.07774251170400205 7.529773796312921] 1
2021-12-29 22:05:51.037128 (1.0, 500000.0, 12, 10.0, [[0.5, 0.1], [0.5, 0.1]], 0.99, 0.0, 3) [0.07621869228826243 7.5465528856163697] 1
2021-12-29 22:09:25.608839 (1.0, 500000.0, 12, 10.0, [[0.5, 0.09], [0.5, 0.09]], 0.99, 0.0, 3) [0.07720962166079504 7.5280622344101822] 1
2021-12-29 22:10:01.362553 (1.0, 500000.0, 12, 10.0, [[0.5, 0.01], [0.5, 0.01]], 0.99, 0.0, 3) [0.07936046597869743 7.4627434620396587] 1
2021-12-30 01:03:26.031900 (1.0, 500000.0, 13, 10.0, [[0.5, 0.06], [0.5, 0.06]], 0.99, 0.0, 3) [0.06674291540769266 8.8053574885115875] 1
2021-12-30 01:03:40.353262 (1.0, 500000.0, 13, 10.0, [[0.5, 0.04], [0.5, 0.04]], 0.99, 0.0, 3) [0.06723198207130571 8.8363648495033296] 1
2021-12-30 01:06:49.090708 (1.0, 500000.0, 13, 10.0, [[0.5, 0.03], [0.5, 0.03]], 0.99, 0.0, 3) [0.0673167767161785 8.8161419543651611] 1
2021-12-30 01:07:00.386796 (1.0, 500000.0, 13, 10.0, [[0.5, 0.02], [0.5, 0.02]], 0.99, 0.0, 3) [0.0675287858017852 8.8143060430814941] 1
2021-12-30 02:01:43.259091 (1.0, 500000.0, 12, 10.0, [[0.5, 0.02], [0.5, 0.02]], 0.99, 0.0, 3) [0.07928193970676768 7.463198254202859] 1
2021-12-30 02:11:54.949640 (1.0, 500000.0, 12, 10.0, [[0.5, 0.05], [0.5, 0.05]], 0.99, 0.0, 3) [0.07791203235625101 7.4995635578372575] 1
2021-12-30 02:11:57.795791 (1.0, 500000.0, 12, 10.0, [[0.5, 0.07], [0.5, 0.07]], 0.99, 0.0, 3) [0.07949580842748745 7.5033436829083149] 1
2021-12-30 04:06:01.113701 (1.0, 500000.0, 14, 10.0, [[0.5, 0.1], [0.5, 0.1]], 0.99, 0.0, 3) [0.05604444681173936 10.344247472047051] 1
2021-12-30 04:06:13.614576 (1.0, 500000.0, 14, 10.0, [[0.5, 0.08], [0.5, 0.08]], 0.99, 0.0, 3) [0.05823049880274609 10.281963841122636] 1
2021-12-30 04:25:38.122270 (1.0, 500000.0, 14, 10.0, [[0.5, 0.05], [0.5, 0.05]], 0.99, 0.0, 3) [0.05799363394836495 10.241919692627899] 1
2021-12-30 04:26:08.146304 (1.0, 500000.0, 14, 10.0, [[0.5, 0.06], [0.5, 0.06]], 0.99, 0.0, 3) [0.05802199319373641 10.258166675863739] 1
2021-12-30 04:57:20.914292 (1.0, 500000.0, 11, 10.0, [[0.5, 0.03], [0.5, 0.03]], 0.99, 0.0, 3) [0.09389567355823161 6.2334777611930479] 1
2021-12-30 05:06:33.083053 (1.0, 500000.0, 11, 10.0, [[0.5, 0.06], [0.5, 0.06]], 0.99, 0.0, 3) [0.09256391315790469 6.2525859664874259] 1
2021-12-30 05:17:29.742824 (1.0, 500000.0, 11, 10.0, [[0.5, 0.07], [0.5, 0.07]], 0.99, 0.0, 3) [0.09198250554712888 6.2795412243402113] 1
2021-12-30 05:19:11.280464 (1.0, 500000.0, 11, 10.0, [[0.5, 0.02], [0.5, 0.02]], 0.99, 0.0, 3) [0.09447812999075664 6.2313540139393968] 1
2021-12-30 05:19:35.836632 (1.0, 500000.0, 11, 10.0, [[0.5, 0.05], [0.5, 0.05]], 0.99, 0.0, 3) [0.09346785406338502 6.2741569061004885] 1
2021-12-30 06:17:06.073462 (1.0, 500000.0, 13, 10.0, [[0.5, 0.05], [0.5, 0.05]], 0.99, 0.0, 3) [0.0681771008630954 8.788203066863149] 1
2021-12-30 06:17:21.586410 (1.0, 500000.0, 13, 10.0, [[0.5, 0.09], [0.5, 0.09]], 0.99, 0.0, 3) [0.06572961835086145 8.8605807470655815] 1
2021-12-30 06:18:01.806136 (1.0, 500000.0, 13, 10.0, [[0.5, 0.07], [0.5, 0.07]], 0.99, 0.0, 3) [0.06737509511969313 8.8300339074928669] 1
2021-12-30 10:39:20.243077 (1.0, 500000.0, 14, 10.0, [[0.5, 0.09], [0.5, 0.09]], 0.99, 0.0, 3) [0.05587431494663441 10.286563787781745] 1
2021-12-30 10:41:56.290844 (1.0, 500000.0, 14, 10.0, [[0.5, 0.02], [0.5, 0.02]], 0.99, 0.0, 3) [0.0589664886320929 10.205464167187852] 1
2021-12-30 10:45:01.133311 (1.0, 500000.0, 14, 10.0, [[0.5, 0.03], [0.5, 0.03]], 0.99, 0.0, 3) [0.05911073399268404 10.213900419110836] 1
