2022-03-02 19:48:26.230706 (1.0, 100000.0, 6, 0.0, 0.001, 0.281, 2.0, 3) [1.7053814543223336 0.024960101058400175 5.339442617419424e-09] 10 1086.3646399974823s
2022-03-02 19:48:34.228998 (1.0, 100000.0, 6, 0.0, 0.001, 0.221, 2.0, 3) [2.2782786624276605 0.04676174329065721 5.3783949446778635e-12] 10 1093.9420063495636s
2022-03-02 19:48:55.932105 (1.0, 100000.0, 6, 0.0, 0.001, 0.246, 2.0, 3) [1.9591340818934502 0.028226617083215173 2.4754655574862213e-10] 10 1116.3222768306732s
2022-03-02 19:53:25.190637 (1.0, 100000.0, 7, 0.0, 0.001, 0.234, 2.0, 3) [2.0241538056252395 0.028406454010098784 1.984923191231431e-12] 10 1385.6233670711517s
2022-03-02 19:53:32.209692 (1.0, 100000.0, 7, 0.0, 0.001, 0.254, 2.0, 3) [1.8569138416600182 0.02189146119581019 2.0870296817844546e-11] 10 1393.8953247070312s
2022-03-02 19:53:44.786796 (1.0, 100000.0, 7, 0.0, 0.001, 0.241, 2.0, 3) [1.9555857816420168 0.028342940930366215 5.18773204646017e-12] 10 1405.0018458366394s
2022-03-02 20:01:55.903347 (1.0, 100000.0, 8, 0.0, 0.001, 0.254, 2.0, 3) [1.8458803139152962 0.021777650267366725 6.201623312979636e-13] 10 1902.2183015346527s
2022-03-02 20:02:09.993431 (1.0, 100000.0, 8, 0.0, 0.001, 0.251, 2.0, 3) [1.8633261684736198 0.02018564703827376 4.658799227122026e-13] 10 1916.3111724853516s
2022-03-02 20:10:00.935191 (1.0, 100000.0, 6, 0.0, 0.001, 0.268, 2.0, 3) [1.7841585221564533 0.0257148764431749 2.044306600582101e-09] 10 2380.097878217697s
2022-03-02 20:10:10.051639 (1.0, 100000.0, 6, 0.0, 0.001, 0.248, 2.0, 3) [1.9429193844207326 0.031538034415577905 3.014691896148943e-10] 10 2389.2146911621094s
2022-03-02 20:10:39.519139 (1.0, 100000.0, 6, 0.0, 0.001, 0.234, 2.0, 3) [2.095934601489833 0.03513309428512378 4.7940580834248894e-11] 10 2418.74023103714s
2022-03-02 20:10:48.357882 (1.0, 100000.0, 6, 0.0, 0.001, 0.241, 2.0, 3) [2.0150526351724323 0.0362879179549399 1.265810520376478e-10] 10 2427.3305094242096s
2022-03-02 20:28:34.969116 (1.0, 100000.0, 7, 0.0, 0.001, 0.246, 2.0, 3) [1.9141083850386404 0.024712647530298955 9.291557344197018e-12] 10 3496.7763166427612s
2022-03-02 20:28:41.324560 (1.0, 100000.0, 7, 0.0, 0.001, 0.251, 2.0, 3) [1.8767365621490897 0.022376892385191062 1.5758432748770888e-11] 10 3500.7558488845825s
2022-03-02 20:34:40.524494 (1.0, 100000.0, 8, 0.0, 0.001, 0.248, 2.0, 3) [1.8831285919960028 0.014553155531281907 3.3712483208129854e-13] 10 3866.7601220607758s
2022-03-02 20:35:32.906947 (1.0, 100000.0, 8, 0.0, 0.001, 0.221, 2.0, 3) [2.124766409851676 0.027252645631279437 6.908296136717198e-15] 10 3919.1419501304626s
2022-03-02 20:37:02.298390 (1.0, 100000.0, 8, 0.0, 0.001, 0.246, 2.0, 3) [1.8954596081522772 0.018850154500969996 2.760861445145971e-13] 10 4008.5261838436127s
2022-03-02 20:37:21.741108 (1.0, 100000.0, 8, 0.0, 0.001, 0.281, 2.0, 3) [1.7089633547234353 0.016891981835630177 6.07848310591209e-12] 10 4027.969654560089s
2022-03-02 20:38:05.286175 (1.0, 100000.0, 8, 0.0, 0.001, 0.241, 2.0, 3) [1.9318841151743693 0.02461526644458132 1.530562559831242e-13] 10 4071.5474627017975s
2022-03-02 20:38:39.851289 (1.0, 100000.0, 8, 0.0, 0.001, 0.256, 2.0, 3) [1.832423675092111 0.0188536256505618 7.733437438482139e-13] 10 4106.114358663559s
2022-03-02 20:49:06.945087 (1.0, 100000.0, 7, 0.0, 0.001, 0.221, 2.0, 3) [2.1856977597532916 0.031244679033431134 2.0621120343745708e-13] 10 4728.744631290436s
2022-03-02 20:49:11.203555 (1.0, 100000.0, 7, 0.0, 0.001, 0.268, 2.0, 3) [1.769378004327999 0.019471842272909202 7.280071789410529e-11] 10 4730.394362449646s
2022-03-02 20:53:43.733653 (1.0, 100000.0, 6, 0.0, 0.001, 0.251, 2.0, 3) [1.9157833699067042 0.030853506969485835 4.1698696806937593e-10] 10 5001.663289785385s
2022-03-02 20:53:46.285065 (1.0, 100000.0, 6, 0.0, 0.001, 0.256, 2.0, 3) [1.8738548420399994 0.0243255488702829 6.91396086977699e-10] 10 5007.517900466919s
2022-03-02 20:54:27.333439 (1.0, 100000.0, 6, 0.0, 0.001, 0.261, 2.0, 3) [1.83428839215039 0.027412623261555264 1.114123412596068e-09] 10 5045.08704328537s
2022-03-02 20:54:46.330693 (1.0, 100000.0, 6, 0.0, 0.001, 0.254, 2.0, 3) [1.891877357427499 0.02974814221080241 5.565105903825996e-10] 10 5064.195604324341s
2022-03-02 21:10:30.007026 (1.0, 100000.0, 8, 0.0, 0.001, 0.234, 2.0, 3) [1.9904874131722892 0.022027448656499717 5.957648813195024e-14] 10 6016.023131608963s
2022-03-02 21:10:54.587333 (1.0, 100000.0, 8, 0.0, 0.001, 0.261, 2.0, 3) [1.8061464761529202 0.018132503117571655 1.1958389003728933e-12] 10 6040.408267498016s
2022-03-02 21:11:01.778352 (1.0, 100000.0, 8, 0.0, 0.001, 0.268, 2.0, 3) [1.7693499808282447 0.01634002398877355 2.2063420494828207e-12] 10 6047.995624780655s
2022-03-02 22:02:51.075433 (1.0, 100000.0, 7, 0.0, 0.001, 0.281, 2.0, 3) [1.699542629557778 0.014936307380966853 1.99679392020509e-10] 10 9159.809566736221s
2022-03-02 22:09:56.351281 (1.0, 100000.0, 7, 0.0, 0.001, 0.261, 2.0, 3) [1.8097090175443342 0.02289232695754266 4.080366357275156e-11] 10 9574.140325069427s
2022-03-02 22:11:55.789164 (1.0, 100000.0, 7, 0.0, 0.001, 0.248, 2.0, 3) [1.8988966852276412 0.023567960269127924 1.1527386602803892e-11] 10 9693.824044942856s
2022-03-02 22:13:26.128158 (1.0, 100000.0, 7, 0.0, 0.001, 0.256, 2.0, 3) [1.8411403158553952 0.01996757596795454 2.6093826893090072e-11] 10 9783.908043146133s
2022-03-03 09:11:02.183149 (1.0, 100000.0, 6, 0.0, 0.001, 0.8, 2.0, 3) [0.10339605614253818 0.006137311385095207 3.231861333192888] 10 1038.2943465709686s
2022-03-03 09:11:26.046989 (1.0, 100000.0, 6, 0.0, 0.001, 0.6, 2.0, 3) [0.5186267794508768 0.00980551448485078 0.01921888341034608] 10 1062.2247624397278s
2022-03-03 09:11:40.342369 (1.0, 100000.0, 6, 0.0, 0.001, 0.2, 2.0, 3) [2.6732643004792207 0.04708560749684867 4.701058217282812e-14] 10 1076.579163312912s
2022-03-03 09:16:31.927701 (1.0, 100000.0, 7, 0.0, 0.001, 0.4, 2.0, 3) [1.1009340459762034 0.016824410837938862 1.0520210003135892e-06] 10 1368.666804075241s
2022-03-03 09:16:53.097891 (1.0, 100000.0, 7, 0.0, 0.001, 0.2, 2.0, 3) [2.555340042261485 0.04186133129462964 1.1697522689772329e-15] 10 1388.761872768402s
2022-03-03 09:24:10.922450 (1.0, 100000.0, 8, 0.0, 0.001, 0.6, 2.0, 3) [0.5561247764818089 0.007998978379113347 0.0017932425562718682] 10 1827.6267259120941s
2022-03-03 09:24:22.382219 (1.0, 100000.0, 8, 0.0, 0.001, 0.4, 2.0, 3) [1.1116700903342382 0.017428178593053997 1.044065364022627e-07] 10 1838.5667128562927s
2022-03-03 09:24:41.571191 (1.0, 100000.0, 8, 0.0, 0.001, 0.3, 2.0, 3) [1.6233669028679543 0.012971301419633804 2.536768043476123e-11] 10 1857.5218942165375s
2022-03-03 09:25:00.838858 (1.0, 100000.0, 8, 0.0, 0.001, 0.1, 2.0, 3) [5.576164260176297 0.05199225285508656 7.232404516129434e-39] 10 1876.627424955368s
2022-03-03 09:31:31.137049 (1.0, 100000.0, 6, 0.0, 0.001, 1.0, 2.0, 3) [4.34943167418903e-09 3.631219717660511e-08 23.00000116768402] 10 2265.9787583351135s
2022-03-03 09:31:50.387633 (1.0, 100000.0, 6, 0.0, 0.001, 0.7, 2.0, 3) [0.3047012119533077 0.009016171436072442 0.3036696000949709] 10 2286.114195585251s
2022-03-03 09:35:41.063106 (1.0, 100000.0, 6, 0.0, 0.001, 0.1, 2.0, 3) [5.718354135416055 0.04450964399986974 6.377508683450686e-30] 10 2517.7922077178955s
2022-03-03 09:36:02.126885 (1.0, 100000.0, 6, 0.0, 0.001, 0.0, 2.0, 3) [9.118736992863525 0.00027151304819719756 4.203190960023787e-46] 10 2536.9039187431335s
2022-03-03 09:55:08.365742 (1.0, 100000.0, 7, 0.0, 0.001, 0.5, 2.0, 3) [0.7534986656035201 0.010784310204204466 0.0002070598586481192] 10 3682.811763525009s
2022-03-03 09:55:24.499210 (1.0, 100000.0, 7, 0.0, 0.001, 0.6, 2.0, 3) [0.5393126334139051 0.00820184887802664 0.00604107294210554] 10 3700.299259185791s
2022-03-03 09:57:19.838147 (1.0, 100000.0, 8, 0.0, 0.001, 0.5, 2.0, 3) [0.7684099955949673 0.00928205791513948 4.091996340580416e-05] 10 3816.103458881378s
2022-03-03 09:58:09.767263 (1.0, 100000.0, 8, 0.0, 0.001, 0.0, 2.0, 3) [9.118736355207535 0.00026285180615803744 1.0679434704096692e-61] 10 3864.2870531082153s
2022-03-03 10:06:52.939191 (1.0, 100000.0, 7, 0.0, 0.001, 0.7, 2.0, 3) [0.3210667571688983 0.008364489361434448 0.15776963565045468] 10 4389.671656370163s
2022-03-03 10:07:31.281394 (1.0, 100000.0, 7, 0.0, 0.001, 0.1, 2.0, 3) [5.632459433340133 0.05819157676720743 2.2883763437420714e-34] 10 4425.868154764175s
2022-03-03 10:13:53.340115 (1.0, 100000.0, 6, 0.0, 0.001, 0.9, 2.0, 3) [0.011408361984916624 0.0028703107243929866 9.327327596164432] 10 4809.643712520599s
2022-03-03 10:16:26.256982 (1.0, 100000.0, 6, 0.0, 0.001, 0.4, 2.0, 3) [1.0941189035501417 0.020833670646127567 9.648471807776089e-06] 10 4960.111072063446s
2022-03-03 10:17:04.601923 (1.0, 100000.0, 6, 0.0, 0.001, 0.5, 2.0, 3) [0.7380841274715599 0.011128884341126447 0.0009596429931693522] 10 4998.351460695267s
2022-03-03 10:17:05.845362 (1.0, 100000.0, 6, 0.0, 0.001, 0.3, 2.0, 3) [1.6030348922368893 0.02045186992646698 1.877727198339528e-08] 10 5001.080061674118s
2022-03-03 10:29:06.017119 (1.0, 100000.0, 7, 0.0, 0.001, 0.9, 2.0, 3) [0.009031574063891193 0.0022397629148989766 12.731738269570991] 10 5721.030091285706s
2022-03-03 10:31:05.590271 (1.0, 100000.0, 7, 0.0, 0.001, 0.3, 2.0, 3) [1.6078436743323326 0.016017906690186354 7.566292780248834e-10] 10 5842.293578624725s
2022-03-03 10:32:14.357648 (1.0, 100000.0, 7, 0.0, 0.001, 0.0, 2.0, 3) [9.118726227915595 0.00021937134759485917 6.839390391254934e-54] 10 5908.609675884247s
2022-03-03 10:34:15.518357 (1.0, 100000.0, 7, 0.0, 0.001, 1.0, 2.0, 3) [1.419734885674081e-06 5.7759905220011464e-05 25.00010311918738] 10 6031.370654344559s
2022-03-03 10:34:44.977381 (1.0, 100000.0, 7, 0.0, 0.001, 0.8, 2.0, 3) [0.10686625239759444 0.0061597205713011605 3.208523914052061] 10 6059.732091188431s
2022-03-03 11:40:17.964086 (1.0, 100000.0, 8, 0.0, 0.001, 1.0, 2.0, 3) [9.79486246162103e-07 4.850677667445801e-05 38.99987526611687] 10 9990.668701410294s
2022-03-03 11:40:26.743913 (1.0, 100000.0, 8, 0.0, 0.001, 0.9, 2.0, 3) [0.009022821693603784 0.0016680300582175695 14.142433825276418] 10 10000.63807296753s
2022-03-03 11:41:14.559659 (1.0, 100000.0, 8, 0.0, 0.001, 0.8, 2.0, 3) [0.1147466558668013 0.004456128688281007 2.736757998059121] 10 10047.489351987839s
2022-03-03 11:41:19.802198 (1.0, 100000.0, 8, 0.0, 0.001, 0.7, 2.0, 3) [0.33652753338150077 0.008544988599567436 0.07361118475921266] 10 10056.371678113937s
2022-03-03 11:42:24.098722 (1.0, 100000.0, 8, 0.0, 0.001, 0.2, 2.0, 3) [2.4639382541335015 0.04143706205242486 3.043594726277546e-17] 10 10118.276676893234s