2022-03-22 11:58:57.252349 (1.0, 100000.0, 18, 10.0, 0.3, 0.271, 2.0, 3) [0.21366856344955146 0.0036306457616351643 0.0018577729701827596] 3 3203.4735271930695s
2022-03-22 12:29:23.667007 (1.0, 100000.0, 16, 10.0, 0.3, 0.271, 2.0, 3) [0.23829897211318748 0.003948575269916818 0.001986293809930762] 3 5032.706965208054s
2022-03-22 12:52:16.657034 (1.0, 100000.0, 18, 10.0, 0.3, 0.271, 2.0, 3) [0.2137038185945456 0.004419242603655939 0.0018527669497567234] 3 3199.4013979434967s
2022-03-22 13:45:31.062646 (1.0, 100000.0, 18, 10.0, 0.3, 0.271, 2.0, 3) [0.21530672559061878 0.004757305910940758 0.0017515708821965812] 3 3194.4031462669373s
2022-03-22 13:52:50.712328 (1.0, 100000.0, 17, 10.0, 0.3, 0.271, 2.0, 3) [0.22297117498899957 0.003973307094253888 0.0020734597519684074] 3 10037.716417074203s
2022-03-22 13:54:20.443290 (1.0, 100000.0, 16, 10.0, 0.3, 0.271, 2.0, 3) [0.24021483255988715 0.003681623454379206 0.0018732747719915] 3 5096.761978149414s
2022-03-22 14:37:01.321534 (1.0, 100000.0, 17, 10.0, 0.3, 0.271, 2.0, 3) [0.23054257897174224 0.004529350644732565 0.0016118816914157156] 3 2650.6070013046265s
2022-03-22 14:39:59.443713 (1.0, 100000.0, 18, 10.0, 0.3, 0.284, 2.0, 3) [0.1940826577956934 0.0034966873839706735 0.003757070054501825] 3 3263.525950908661s
2022-03-22 15:19:26.054546 (1.0, 100000.0, 16, 10.0, 0.3, 0.271, 2.0, 3) [0.23964390504589456 0.008463871075993182 0.00191295688136527] 3 5105.597346305847s
2022-03-22 15:26:03.235836 (1.0, 100000.0, 18, 10.0, 0.3, 0.284, 2.0, 3) [0.19324777549186017 0.0034570636218099445 0.003874146364021204] 3 2763.7890632152557s
