2022-03-20 20:53:16.377705 (1.0, 100000.0, 11, 10.0, 0.3, 0.271, 2.0, 3) [0.3241937206861878 0.0039222614078816866 0.003271448957217199] 3 674.5523533821106s
2022-03-20 21:00:27.039545 (1.0, 100000.0, 15, 10.0, 0.3, 0.271, 2.0, 3) [0.25066259934673724 0.0033642255238536876 0.002216375152721058] 3 1104.2248940467834s
2022-03-20 21:05:29.270961 (1.0, 100000.0, 11, 10.0, 0.3, 0.271, 2.0, 3) [0.3200287824242054 0.006572770182283341 0.0035860065089285075] 3 732.8903532028198s
2022-03-20 21:18:08.851685 (1.0, 100000.0, 15, 10.0, 0.3, 0.271, 2.0, 3) [0.24637719938433225 0.0029897944458447817 0.0025133502466933317] 3 1061.8098459243774s
2022-03-20 21:18:47.240321 (1.0, 100000.0, 11, 10.0, 0.3, 0.271, 2.0, 3) [0.31985568182418267 0.004014977898011872 0.003599636278746079] 3 797.9670605659485s
2022-03-20 21:28:33.814681 (1.0, 100000.0, 11, 10.0, 0.3, 0.284, 2.0, 3) [0.30253726407749526 0.0054442852510154585 0.005275445224282026] 3 582.066930770874s
2022-03-20 21:34:50.914766 (1.0, 100000.0, 15, 10.0, 0.3, 0.271, 2.0, 3) [0.24642497119000614 0.003411607046926985 0.002510587896386058] 3 1002.0607364177704s
2022-03-20 21:38:06.261065 (1.0, 100000.0, 11, 10.0, 0.3, 0.284, 2.0, 3) [0.30401759440877096 0.005218811341423627 0.005109316479091231] 3 572.4444272518158s
2022-03-20 21:47:40.736180 (1.0, 100000.0, 11, 10.0, 0.3, 0.284, 2.0, 3) [0.304202153977277 0.00463709041898435 0.005075165077900795] 3 574.473176240921s
2022-03-20 22:03:51.870100 (1.0, 100000.0, 15, 10.0, 0.3, 0.284, 2.0, 3) [0.22597742882731453 0.0065484852795391025 0.004635676623069242] 3 1736.6770403385162s
2022-03-20 22:07:12.797567 (1.0, 100000.0, 11, 10.0, 0.3, 0.291, 2.0, 3) [0.2898296468742754 0.004127325033095448 0.006959526346947527] 3 1165.9569058418274s
2022-03-20 22:18:58.493822 (1.0, 100000.0, 11, 10.0, 0.3, 0.291, 2.0, 3) [0.2904597791236247 0.003618527404600239 0.006860539266716052] 3 705.6941616535187s
2022-03-20 22:22:11.672797 (1.0, 100000.0, 15, 10.0, 0.3, 0.284, 2.0, 3) [0.22112351953022025 0.007115259599940548 0.005345873125373231] 3 1099.8004927635193s
2022-03-20 22:29:42.264188 (1.0, 100000.0, 11, 10.0, 0.3, 0.291, 2.0, 3) [0.29298596197038307 0.007122869845349424 0.006508020719767351] 3 643.7680969238281s
2022-03-20 22:39:19.765552 (1.0, 100000.0, 15, 10.0, 0.3, 0.284, 2.0, 3) [0.2266453164510031 0.0030835221988526904 0.004536115510137052] 3 1028.0902590751648s
2022-03-20 22:42:36.363279 (1.0, 100000.0, 11, 10.0, 0.3, 0.296, 2.0, 3) [0.2875911406031388 0.004251819435094353 0.007323809249892487] 3 769.6984415054321s
2022-03-20 22:54:18.140313 (1.0, 100000.0, 11, 10.0, 0.3, 0.296, 2.0, 3) [0.28173259537665557 0.0034849983481409935 0.00830602371859501] 3 701.7749819755554s
2022-03-20 23:06:51.858479 (1.0, 100000.0, 11, 10.0, 0.3, 0.296, 2.0, 3) [0.28641028076729064 0.004891947243646722 0.007511017726877333] 3 753.715823173523s
2022-03-20 23:11:48.686024 (1.0, 100000.0, 13, 10.0, 0.3, 0.271, 2.0, 3) [0.28063663950901624 0.005439779378101327 0.0027758766033697518] 3 8986.819282531738s
2022-03-20 23:19:07.648943 (1.0, 100000.0, 11, 10.0, 0.3, 0.298, 2.0, 3) [0.2812407525361163 0.003532903702068903 0.008424689322868157] 3 730.9339578151703s
2022-03-20 23:29:48.032049 (1.0, 100000.0, 11, 10.0, 0.3, 0.298, 2.0, 3) [0.2774533472317019 0.008713753868126077 0.009108359497852579] 3 640.38068318367s
2022-03-20 23:40:15.862245 (1.0, 100000.0, 11, 10.0, 0.3, 0.298, 2.0, 3) [0.28283136308335094 0.0035100708378863407 0.008127733424103462] 3 627.8279016017914s
2022-03-20 23:51:30.105548 (1.0, 100000.0, 11, 10.0, 0.3, 0.301, 2.0, 3) [0.2736591237498908 0.007291765769116226 0.00991967715339403] 3 669.4293060302734s
2022-03-21 00:01:20.343603 (1.0, 100000.0, 11, 10.0, 0.3, 0.301, 2.0, 3) [0.273448023768803 0.0053014361812799594 0.009952379441685] 3 590.2360782623291s
2022-03-21 00:08:04.512233 (1.0, 100000.0, 13, 10.0, 0.3, 0.271, 2.0, 3) [0.2809532520018864 0.0038905389959011916 0.002747484968892486] 3 3375.823666572571s
2022-03-21 00:10:57.394687 (1.0, 100000.0, 11, 10.0, 0.3, 0.301, 2.0, 3) [0.2711172227179603 0.003591194884037747 0.010464743325299168] 3 577.0491697788239s
2022-03-21 00:23:27.478502 (1.0, 100000.0, 11, 10.0, 0.3, 0.304, 2.0, 3) [0.27133652576585854 0.005281791655061771 0.010427210482106535] 3 745.5603530406952s
2022-03-21 00:34:14.201808 (1.0, 100000.0, 11, 10.0, 0.3, 0.304, 2.0, 3) [0.2706777601945523 0.003304833640236177 0.010604012205624324] 3 646.721048116684s
2022-03-21 00:43:53.563692 (1.0, 100000.0, 11, 10.0, 0.3, 0.304, 2.0, 3) [0.2696292555670334 0.00315986991289982 0.010835838085443807] 3 579.3596746921539s
2022-03-21 00:51:53.558683 (1.0, 100000.0, 13, 10.0, 0.3, 0.271, 2.0, 3) [0.2757394143367459 0.006415207942074728 0.0031390816258616964] 3 2629.043926000595s
2022-03-21 00:54:52.449287 (1.0, 100000.0, 11, 10.0, 0.3, 0.306, 2.0, 3) [0.2685763458212136 0.004350945235139291 0.011105894811715668] 3 653.8437280654907s
2022-03-21 00:58:47.059183 (1.0, 100000.0, 15, 10.0, 0.3, 0.291, 2.0, 3) [0.22192029923027218 0.004330581306929374 0.005233157685818648] 3 8362.980456113815s
2022-03-21 01:04:40.616309 (1.0, 100000.0, 11, 10.0, 0.3, 0.306, 2.0, 3) [0.26736017471962803 0.005162990777804789 0.011397010535360099] 3 588.164778470993s
2022-03-21 01:15:01.026982 (1.0, 100000.0, 11, 10.0, 0.3, 0.306, 2.0, 3) [0.2666461499713625 0.00464791305510899 0.011611676828347187] 3 620.4083967208862s
2022-03-21 01:26:25.894293 (1.0, 100000.0, 11, 10.0, 0.3, 0.311, 2.0, 3) [0.26185186052554515 0.006066832072436793 0.012898528693027527] 3 680.1102435588837s
2022-03-21 01:27:28.729218 (1.0, 100000.0, 15, 10.0, 0.3, 0.291, 2.0, 3) [0.21953068603144657 0.004566439738175136 0.005622714449290625] 3 1721.6677613258362s
2022-03-21 01:35:55.445869 (1.0, 100000.0, 11, 10.0, 0.3, 0.311, 2.0, 3) [0.25728673194369384 0.004454051209605543 0.014203192716805918] 3 569.5494067668915s
2022-03-21 01:45:24.279060 (1.0, 100000.0, 11, 10.0, 0.3, 0.311, 2.0, 3) [0.26393725808272506 0.007683032247248925 0.012305851951336405] 3 568.8309907913208s
2022-03-21 01:56:55.799373 (1.0, 100000.0, 11, 10.0, 0.3, 0.318, 2.0, 3) [0.2515717252436109 0.005314398928334588 0.016112087056964857] 3 687.0461053848267s
2022-03-21 02:04:03.310129 (1.0, 100000.0, 13, 10.0, 0.3, 0.284, 2.0, 3) [0.2603257491117645 0.00828754015614598 0.004696172737844976] 3 4324.7754826545715s
2022-03-21 02:06:52.783602 (1.0, 100000.0, 11, 10.0, 0.3, 0.318, 2.0, 3) [0.252743875162131 0.006047779494221472 0.015676721223151273] 3 596.9819867610931s
2022-03-21 02:16:52.028420 (1.0, 100000.0, 11, 10.0, 0.3, 0.318, 2.0, 3) [0.2511067783493646 0.0037438827547728055 0.01626816701465831] 3 599.242555141449s
2022-03-21 02:26:55.940387 (1.0, 100000.0, 11, 10.0, 0.3, 0.331, 2.0, 3) [0.23712622207219894 0.003790032487912707 0.022139694848669657] 3 599.1549117565155s
2022-03-21 02:36:51.799964 (1.0, 100000.0, 11, 10.0, 0.3, 0.331, 2.0, 3) [0.23254059148394654 0.003723579218194236 0.02435906898955303] 3 595.8575537204742s
2022-03-21 02:47:34.409720 (1.0, 100000.0, 11, 10.0, 0.3, 0.331, 2.0, 3) [0.23668061947082084 0.0035928179206145576 0.02233773952967384] 3 642.607762336731s
2022-03-21 02:52:12.361083 (1.0, 100000.0, 15, 10.0, 0.3, 0.291, 2.0, 3) [0.22199362976207676 0.004727157066528395 0.005231794957885702] 3 5083.629604101181s
2022-03-21 03:17:51.897520 (1.0, 100000.0, 13, 10.0, 0.3, 0.284, 2.0, 3) [0.2630800928398073 0.004232499667333857 0.004370539555109876] 3 4428.585062980652s
2022-03-21 04:05:08.230126 (1.0, 100000.0, 15, 10.0, 0.3, 0.296, 2.0, 3) [0.20747694702057135 0.004977530043948655 0.008054676805221895] 3 4370.539378643036s
2022-03-21 05:07:17.087375 (1.0, 100000.0, 15, 10.0, 0.3, 0.296, 2.0, 3) [0.20731545284242966 0.00437944806908216 0.00808439990050582] 3 3728.854836463928s
2022-03-21 05:27:16.554184 (1.0, 100000.0, 15, 10.0, 0.3, 0.296, 2.0, 3) [0.2129796190018571 0.004512770157507947 0.006834603554165214] 3 1199.4643695354462s
2022-03-21 05:48:15.987716 (1.0, 100000.0, 15, 10.0, 0.3, 0.298, 2.0, 3) [0.20592736916545132 0.004700434729303293 0.008449318645150562] 3 1255.4373898506165s
2022-03-21 06:16:19.486857 (1.0, 100000.0, 15, 10.0, 0.3, 0.298, 2.0, 3) [0.2075473418010611 0.0051646711551614774 0.008051959496792462] 3 1683.4968304634094s
2022-03-21 06:36:55.214740 (1.0, 100000.0, 15, 10.0, 0.3, 0.298, 2.0, 3) [0.21032626161103718 0.004220636821015346 0.007406598600949542] 3 1235.7251415252686s
2022-03-21 07:07:54.372416 (1.0, 100000.0, 15, 10.0, 0.3, 0.301, 2.0, 3) [0.20255454961654135 0.005898829383513359 0.009330968201729037] 3 1854.603874206543s
2022-03-21 07:47:02.611943 (1.0, 100000.0, 13, 10.0, 0.3, 0.284, 2.0, 3) [0.2582856531711392 0.004237725671226949 0.004951031758767517] 3 16150.704268217087s
2022-03-21 08:04:32.827219 (1.0, 100000.0, 15, 10.0, 0.3, 0.301, 2.0, 3) [0.20661499743729855 0.004566634656785048 0.00830844961931274] 3 3398.452554702759s
2022-03-21 08:33:29.157880 (1.0, 100000.0, 15, 10.0, 0.3, 0.301, 2.0, 3) [0.19938885148030913 0.002571324967329679 0.010249906387973119] 3 1736.3282279968262s
2022-03-21 08:56:49.126383 (1.0, 100000.0, 15, 10.0, 0.3, 0.304, 2.0, 3) [0.20223732632467284 0.0035297382526419444 0.009438143890898032] 3 1395.5646121501923s
2022-03-21 09:13:35.430728 (1.0, 100000.0, 15, 10.0, 0.3, 0.304, 2.0, 3) [0.1990991828146345 0.00393011702949815 0.0103629246485767] 3 1006.302065372467s
2022-03-21 09:33:53.173085 (1.0, 100000.0, 15, 10.0, 0.3, 0.304, 2.0, 3) [0.19760061266467288 0.003809761950435256 0.010807542996263669] 3 1217.7399847507477s
2022-03-21 11:34:08.129845 (1.0, 100000.0, 15, 10.0, 0.3, 0.306, 2.0, 3) [0.19589993096854214 0.0022299197762722964 0.011376234590976232] 3 7210.740422487259s
2022-03-21 12:04:44.341059 (1.0, 100000.0, 15, 10.0, 0.3, 0.306, 2.0, 3) [0.19823080786597153 0.004221014074396526 0.010642156669393554] 3 1836.208842754364s
2022-03-21 12:34:40.184462 (1.0, 100000.0, 15, 10.0, 0.3, 0.306, 2.0, 3) [0.1922817063430338 0.0029578276719754047 0.012671228575507914] 3 1795.839801311493s
2022-03-21 13:05:10.552988 (1.0, 100000.0, 15, 10.0, 0.3, 0.311, 2.0, 3) [0.1892858545636768 0.0035072434420823258 0.013891177997223171] 3 1825.8416378498077s
2022-03-21 13:39:54.777726 (1.0, 100000.0, 15, 10.0, 0.3, 0.311, 2.0, 3) [0.1903479030548003 0.003860057624500186 0.013456543358237923] 3 2084.222853422165s
2022-03-21 14:40:06.958919 (1.0, 100000.0, 15, 10.0, 0.3, 0.311, 2.0, 3) [0.1888147214341465 0.0036152954561932205 0.01406021508982356] 3 3612.1790537834167s
2022-03-21 15:05:17.758987 (1.0, 100000.0, 15, 10.0, 0.3, 0.318, 2.0, 3) [0.17950512191142398 0.004971632132874464 0.018566845749074305] 3 1506.598299741745s
2022-03-21 15:40:35.249400 (1.0, 100000.0, 15, 10.0, 0.3, 0.318, 2.0, 3) [0.18278926338393006 0.005240169666853486 0.01687633686451501] 3 2117.4883377552032s
2022-03-21 16:22:28.945398 (1.0, 100000.0, 15, 10.0, 0.3, 0.318, 2.0, 3) [0.18214509666976475 0.0032023456284116622 0.01719239439660674] 3 2513.6728031635284s
2022-03-21 16:42:17.652378 (1.0, 100000.0, 15, 10.0, 0.3, 0.331, 2.0, 3) [0.16291364326502783 0.0033857694835479567 0.030427206558459395] 3 1184.0684220790863s
2022-03-21 17:15:46.404478 (1.0, 100000.0, 15, 10.0, 0.3, 0.331, 2.0, 3) [0.1682637945450625 0.00352666549620722 0.026059778205950415] 3 2008.7372376918793s
2022-03-21 17:53:58.840069 (1.0, 100000.0, 15, 10.0, 0.3, 0.331, 2.0, 3) [0.1698669573489976 0.005623120208507361 0.024819646831227605] 3 2292.416474342346s
2022-03-22 00:59:13.087846 (1.0, 100000.0, 13, 10.0, 0.3, 0.291, 2.0, 3) [0.2528671098355081 0.0049750853326326365 0.00570340672831529] 3 61925.30884003639s
2022-03-22 12:29:45.676243 (1.0, 100000.0, 13, 10.0, 0.3, 0.291, 2.0, 3) [0.24625382270507412 0.0033266757712539416 0.0067583565329325315] 3 41432.558579444885s
2022-03-22 12:54:06.700050 (1.0, 100000.0, 13, 10.0, 0.3, 0.291, 2.0, 3) [0.24985244515564345 0.0026165587651799035 0.0061670012230339724] 3 1461.018059015274s
2022-03-22 14:11:34.378276 (1.0, 100000.0, 13, 10.0, 0.3, 0.296, 2.0, 3) [0.24527329205165688 0.004032870002461559 0.006947037322809961] 3 4642.506627082825s
