2022-03-15 19:59:47.512825 (1.0, 100000.0, 11, 10.0, 0.3, 0.271, 2.0, 3) [0.3198401469217196 0.0034663295971124504 0.0035989167642930023] 1 449.04984617233276s
2022-03-15 20:06:10.478243 (1.0, 100000.0, 11, 10.0, 0.3, 0.284, 2.0, 3) [0.3004412004053977 0.004531875497859963 0.0055117405495112] 1 377.2027072906494s
2022-03-15 20:13:30.851662 (1.0, 100000.0, 11, 10.0, 0.3, 0.291, 2.0, 3) [0.2929631131774304 0.004269381729457861 0.006512033970874976] 1 435.0591711997986s
2022-03-15 20:15:30.083844 (1.0, 100000.0, 13, 10.0, 0.3, 0.271, 2.0, 3) [0.2785899670598265 0.0033816029792231974 0.002924184549271646] 1 1391.6414771080017s
2022-03-15 20:17:01.462739 (1.0, 100000.0, 15, 10.0, 0.3, 0.271, 2.0, 3) [0.24858820303099313 0.0044026414698192596 0.0023524210568490454] 1 1483.016368150711s
2022-03-15 20:27:08.371666 (1.0, 100000.0, 11, 10.0, 0.3, 0.271, 2.0, 3) [0.3235152604583975 0.005650580615228546 0.0033215260174224294] 1 308.2693111896515s
2022-03-15 20:38:49.090302 (1.0, 100000.0, 11, 10.0, 0.3, 0.271, 2.0, 3) [0.322060383113213 0.0073661211306471665 0.0034289441034739687] 1 350.920357465744s
2022-03-15 20:40:31.826957 (1.0, 100000.0, 13, 10.0, 0.3, 0.284, 2.0, 3) [0.25587092048619225 0.004200830374872752 0.005258391332384416] 1 1496.7511279582977s
2022-03-15 20:43:08.028797 (1.0, 100000.0, 15, 10.0, 0.3, 0.284, 2.0, 3) [0.2339376760838363 0.004264849329473781 0.003658655917087493] 1 1561.2256767749786s
2022-03-15 20:44:38.669964 (1.0, 100000.0, 11, 10.0, 0.3, 0.284, 2.0, 3) [0.2983057115895728 0.005445268445651463 0.005781044068852755] 1 344.3178405761719s
2022-03-15 20:50:33.744975 (1.0, 100000.0, 11, 10.0, 0.3, 0.291, 2.0, 3) [0.29147784965320617 0.005765531887583549 0.006714179664230991] 1 350.640008687973s
2022-03-15 20:56:33.054299 (1.0, 100000.0, 11, 10.0, 0.3, 0.296, 2.0, 3) [0.2843305929397427 0.005473879631544943 0.007862614300120868] 1 354.7356107234955s
2022-03-15 21:02:37.479627 (1.0, 100000.0, 11, 10.0, 0.3, 0.298, 2.0, 3) [0.2822802435024514 0.005484086228105097 0.008233679645992958] 1 360.04471015930176s
2022-03-15 21:06:33.722876 (1.0, 100000.0, 15, 10.0, 0.3, 0.291, 2.0, 3) [0.2144628243178604 0.006844140892992261 0.006532752945187469] 1 1400.3567605018616s
2022-03-15 21:07:47.116582 (1.0, 100000.0, 13, 10.0, 0.3, 0.291, 2.0, 3) [0.2480765283834316 0.0039529296507484326 0.006445492410837852] 1 1630.415293455124s
2022-03-15 21:08:37.311213 (1.0, 100000.0, 11, 10.0, 0.3, 0.301, 2.0, 3) [0.27933212223574644 0.004687615163931316 0.008785917693303356] 1 354.3146288394928s
2022-03-15 21:14:24.492611 (1.0, 100000.0, 11, 10.0, 0.3, 0.304, 2.0, 3) [0.2690514403433023 0.004615585147220078 0.010979611980191286] 1 343.03326964378357s
2022-03-15 21:20:22.531194 (1.0, 100000.0, 11, 10.0, 0.3, 0.306, 2.0, 3) [0.2707040206857461 0.0031539219134585116 0.010616994579827135] 1 352.73884630203247s
2022-03-15 21:21:39.733838 (1.0, 100000.0, 13, 10.0, 0.3, 0.296, 2.0, 3) [0.24568973191314203 0.003928951811155708 0.006873318446989009] 1 826.6603515148163s
2022-03-15 21:26:37.477698 (1.0, 100000.0, 11, 10.0, 0.3, 0.311, 2.0, 3) [0.25784275751558144 0.004384278832087612 0.014005967738939916] 1 370.0264039039612s
2022-03-15 21:30:57.718888 (1.0, 100000.0, 15, 10.0, 0.3, 0.296, 2.0, 3) [0.20965538275191276 0.003648411494240288 0.007544055146544697] 1 1456.8613131046295s
2022-03-15 21:32:26.297728 (1.0, 100000.0, 11, 10.0, 0.3, 0.318, 2.0, 3) [0.25653495610272664 0.007061964269913313 0.01448089642688609] 1 344.13357281684875s
2022-03-15 21:38:28.030680 (1.0, 100000.0, 11, 10.0, 0.3, 0.331, 2.0, 3) [0.23739397656564415 0.0067629373148221815 0.022047289932623736] 1 356.7655816078186s
2022-03-15 21:49:33.552033 (1.0, 100000.0, 13, 10.0, 0.3, 0.298, 2.0, 3) [0.2386984089560334 0.002960770875644529 0.008249451774861916] 1 1668.6896297931671s
2022-03-15 21:55:20.666716 (1.0, 100000.0, 15, 10.0, 0.3, 0.298, 2.0, 3) [0.2056800588398134 0.004545508239814104 0.008505687774219367] 1 1457.583675146103s
2022-03-15 22:15:13.218030 (1.0, 100000.0, 13, 10.0, 0.3, 0.301, 2.0, 3) [0.23387760057798404 0.00371154827961331 0.009328664240251276] 1 1534.7237248420715s
2022-03-15 22:18:26.577955 (1.0, 100000.0, 15, 10.0, 0.3, 0.301, 2.0, 3) [0.20392495334437158 0.007099182136024779 0.008962299380447519] 1 1380.5870966911316s
2022-03-15 22:30:57.260360 (1.0, 100000.0, 13, 10.0, 0.3, 0.304, 2.0, 3) [0.22668113359362127 0.003318793340489682 0.01120263198959763] 1 939.1320781707764s
2022-03-15 22:41:48.904512 (1.0, 100000.0, 15, 10.0, 0.3, 0.304, 2.0, 3) [0.19968097357059478 0.005995181661605967 0.010179217433993637] 1 1396.5589709281921s
2022-03-15 22:44:32.723147 (1.0, 100000.0, 13, 10.0, 0.3, 0.306, 2.0, 3) [0.2295388061467399 0.003858993077010949 0.010449888262848895] 1 810.5063352584839s
2022-03-15 23:07:52.322712 (1.0, 100000.0, 15, 10.0, 0.3, 0.306, 2.0, 3) [0.19789726615732395 0.00314701773507806 0.01073030750526074] 1 1558.1840212345123s
2022-03-15 23:16:55.125672 (1.0, 100000.0, 13, 10.0, 0.3, 0.311, 2.0, 3) [0.2213420707673185 0.004247801939031936 0.012920796003671907] 1 1937.5309436321259s
2022-03-15 23:32:22.133106 (1.0, 100000.0, 15, 10.0, 0.3, 0.311, 2.0, 3) [0.19036431939872472 0.0028995222107510983 0.013417469838143004] 1 1464.8503890037537s
2022-03-15 23:40:23.477034 (1.0, 100000.0, 13, 10.0, 0.3, 0.318, 2.0, 3) [0.21378147837675923 0.002428685293534369 0.01571275667561231] 1 1403.5427827835083s
2022-03-15 23:56:57.151572 (1.0, 100000.0, 15, 10.0, 0.3, 0.318, 2.0, 3) [0.1824187308420719 0.003326307597419081 0.017057198373646353] 1 1469.6042265892029s
2022-03-16 00:01:11.571323 (1.0, 100000.0, 13, 10.0, 0.3, 0.331, 2.0, 3) [0.19606254176629653 0.002916492406422796 0.02484336024651171] 1 1243.1035091876984s
2022-03-16 00:21:06.253095 (1.0, 100000.0, 15, 10.0, 0.3, 0.331, 2.0, 3) [0.16440407077572816 0.00383579285898383 0.02920373896841874] 1 1442.5850069522858s
