2022-03-19 04:52:07.787382 (1.0, 100000.0, 21, 10.0, 0.3, 0.271, 2.0, 3) [0.1893499854395033 0.004620955214006906 0.0014298389315354231] 3 4043.5306758880615s
2022-03-19 04:59:47.577711 (1.0, 100000.0, 22, 10.0, 0.3, 0.271, 2.0, 3) [0.18037102005132574 0.004963884392198402 0.0014512507708158001] 3 4503.3205308914185s
2022-03-19 05:23:22.563891 (1.0, 100000.0, 23, 10.0, 0.3, 0.271, 2.0, 3) [0.17785883808479044 0.0036086202256185858 0.001137926080558469] 3 5918.310532569885s
2022-03-19 05:27:03.450075 (1.0, 100000.0, 24, 10.0, 0.3, 0.271, 2.0, 3) [0.1662280218356324 0.0021834959088825076 0.0013863739999731967] 3 6139.211624622345s
2022-03-19 05:54:47.040180 (1.0, 100000.0, 21, 10.0, 0.3, 0.271, 2.0, 3) [0.1893702069557844 0.004774633800704696 0.001427271431907451] 3 3759.2500109672546s
2022-03-19 06:14:39.801800 (1.0, 100000.0, 22, 10.0, 0.3, 0.271, 2.0, 3) [0.1799970772097714 0.0031215172490962344 0.001474029256046681] 3 4492.221899032593s
2022-03-19 06:57:16.351100 (1.0, 100000.0, 21, 10.0, 0.3, 0.271, 2.0, 3) [0.18944308520228592 0.0027442220938949003 0.0014245500365907614] 3 3749.3085560798645s
2022-03-19 07:02:46.598020 (1.0, 100000.0, 23, 10.0, 0.3, 0.271, 2.0, 3) [0.17572967380313834 0.003731413788166945 0.0012513774468685683] 3 5964.031276941299s
2022-03-19 07:03:03.391478 (1.0, 100000.0, 24, 10.0, 0.3, 0.271, 2.0, 3) [0.17051058413566553 0.0029854277628842524 0.0011325707418874237] 3 5759.939077377319s
2022-03-19 07:29:32.499376 (1.0, 100000.0, 22, 10.0, 0.3, 0.271, 2.0, 3) [0.18286225156730776 0.004935161216659123 0.0013022364804099729] 3 4492.694830417633s
2022-03-19 08:01:34.188106 (1.0, 100000.0, 21, 10.0, 0.3, 0.284, 2.0, 3) [0.17053847707091774 0.003560471788571534 0.0031500709043772433] 3 3854.00320148468s
2022-03-19 08:38:13.936542 (1.0, 100000.0, 24, 10.0, 0.3, 0.271, 2.0, 3) [0.16745422867521895 0.0047526484058251234 0.0013094555683292024] 3 5710.542523860931s
2022-03-19 08:41:59.326759 (1.0, 100000.0, 23, 10.0, 0.3, 0.271, 2.0, 3) [0.1726829565831567 0.0024669691132713375 0.0014378110566819794] 3 5952.725604057312s
2022-03-19 08:47:44.326678 (1.0, 100000.0, 22, 10.0, 0.3, 0.284, 2.0, 3) [0.16280304790689223 0.00564874021928002 0.0031438715876543452] 3 4687.351447343826s
2022-03-19 09:07:49.662916 (1.0, 100000.0, 21, 10.0, 0.3, 0.284, 2.0, 3) [0.1715304596301149 0.003169525516717205 0.003021856322615837] 3 3975.47177028656s
2022-03-19 10:00:09.218764 (1.0, 100000.0, 22, 10.0, 0.3, 0.284, 2.0, 3) [0.1635662646041507 0.003941530469900047 0.0030346587514460096] 3 4344.889718770981s
2022-03-19 10:14:34.900402 (1.0, 100000.0, 21, 10.0, 0.3, 0.284, 2.0, 3) [0.16769091743320072 0.002864478959919652 0.0035432749100154197] 3 4005.2350273132324s
2022-03-19 10:19:14.698591 (1.0, 100000.0, 23, 10.0, 0.3, 0.284, 2.0, 3) [0.15519625998231706 0.004099424505001806 0.003216311851928967] 3 5831.249955415726s
2022-03-19 10:21:40.360109 (1.0, 100000.0, 24, 10.0, 0.3, 0.284, 2.0, 3) [0.1486282945152427 0.004293561629387212 0.0032330236854445594] 3 6202.38198018074s
2022-03-19 11:12:58.932081 (1.0, 100000.0, 22, 10.0, 0.3, 0.284, 2.0, 3) [0.15947621523531338 0.0025737497902680066 0.003630700542286251] 3 4369.710593223572s
2022-03-19 11:21:07.584218 (1.0, 100000.0, 21, 10.0, 0.3, 0.291, 2.0, 3) [0.15736611941963438 0.003032796925126363 0.005480938679076135] 3 3988.6768848896027s
2022-03-19 11:55:05.616726 (1.0, 100000.0, 23, 10.0, 0.3, 0.284, 2.0, 3) [0.15690365688342123 0.005110733980722788 0.0029737172265377173] 3 5750.915821075439s
2022-03-19 12:02:33.943886 (1.0, 100000.0, 24, 10.0, 0.3, 0.284, 2.0, 3) [0.14967067304255507 0.004584760604065751 0.0030772079073649594] 3 6053.581573009491s
2022-03-19 12:22:39.288134 (1.0, 100000.0, 21, 10.0, 0.3, 0.291, 2.0, 3) [0.1572359562751218 0.0035106554532058896 0.005499604985683046] 3 3691.7017662525177s
2022-03-19 12:28:56.217435 (1.0, 100000.0, 22, 10.0, 0.3, 0.291, 2.0, 3) [0.15095002851022585 0.0059160275077314 0.005283845798710225] 3 4552.493211746216s
2022-03-19 13:24:18.503404 (1.0, 100000.0, 21, 10.0, 0.3, 0.291, 2.0, 3) [0.16235676970901217 0.0038659000063172317 0.004436266291500762] 3 3699.212743997574s
2022-03-19 13:32:01.339031 (1.0, 100000.0, 23, 10.0, 0.3, 0.284, 2.0, 3) [0.15485570980441388 0.004549181993090205 0.0032636330619886236] 3 5815.719789266586s
2022-03-19 13:45:00.522385 (1.0, 100000.0, 24, 10.0, 0.3, 0.284, 2.0, 3) [0.15177340717324395 0.0035428923090162524 0.0027849264020616245] 3 6146.575562953949s
2022-03-19 13:46:18.840134 (1.0, 100000.0, 22, 10.0, 0.3, 0.291, 2.0, 3) [0.15286099902672612 0.0032369106062150052 0.004862252770781287] 3 4642.620513677597s
2022-03-19 14:31:07.349166 (1.0, 100000.0, 21, 10.0, 0.3, 0.296, 2.0, 3) [0.1526299875909448 0.0033976140555212323 0.0066730660156800025] 3 4005.007720708847s
2022-03-19 15:03:35.184776 (1.0, 100000.0, 22, 10.0, 0.3, 0.291, 2.0, 3) [0.15114831977806864 0.005297963582042823 0.005238860662691577] 3 4636.339024066925s
2022-03-19 15:10:47.495238 (1.0, 100000.0, 23, 10.0, 0.3, 0.291, 2.0, 3) [0.14199209016757455 0.002300723007153978 0.005883926470433853] 3 5921.790588617325s
2022-03-19 15:30:26.237245 (1.0, 100000.0, 24, 10.0, 0.3, 0.291, 2.0, 3) [0.14118657372713472 0.00302545727699863 0.004640374520875389] 3 6321.884612321854s
2022-03-19 15:33:08.621745 (1.0, 100000.0, 21, 10.0, 0.3, 0.296, 2.0, 3) [0.1491036272708788 0.003583898801360677 0.0077063947587095545] 3 3721.2558007240295s
2022-03-19 16:20:47.310247 (1.0, 100000.0, 22, 10.0, 0.3, 0.296, 2.0, 3) [0.14625028969980694 0.004160168470117778 0.006491658386872091] 3 4627.402264595032s
2022-03-19 16:35:06.790668 (1.0, 100000.0, 21, 10.0, 0.3, 0.296, 2.0, 3) [0.15371033099301845 0.003910050299368898 0.006366715061298562] 3 3718.163088083267s
2022-03-19 16:41:53.472006 (1.0, 100000.0, 23, 10.0, 0.3, 0.291, 2.0, 3) [0.1425765691289477 0.004105456503898455 0.005744025965459026] 3 5465.974492311478s
2022-03-19 17:13:41.582437 (1.0, 100000.0, 24, 10.0, 0.3, 0.291, 2.0, 3) [0.1376296902946251 0.0025437169703372824 0.0054661889676659884] 3 6195.336745977402s
2022-03-19 17:33:43.520860 (1.0, 100000.0, 22, 10.0, 0.3, 0.296, 2.0, 3) [0.14509611975379672 0.002735225995138472 0.006854010750747159] 3 4376.186311721802s
2022-03-19 17:41:13.312216 (1.0, 100000.0, 21, 10.0, 0.3, 0.298, 2.0, 3) [0.14717735111244912 0.0036717366720875107 0.008370426601921839] 3 3962.3997344970703s
2022-03-19 18:13:04.940698 (1.0, 100000.0, 23, 10.0, 0.3, 0.291, 2.0, 3) [0.14436197025872902 0.004982991857963096 0.005296159607871919] 3 5471.466140985489s
2022-03-19 18:45:12.941143 (1.0, 100000.0, 22, 10.0, 0.3, 0.296, 2.0, 3) [0.1412053322685434 0.00324325298780993 0.008086088332347962] 3 4289.416701555252s
2022-03-19 18:47:40.056397 (1.0, 100000.0, 21, 10.0, 0.3, 0.298, 2.0, 3) [0.14702039608966191 0.0045665469927349735 0.008434036446570054] 3 3986.7406692504883s
2022-03-19 18:56:49.495309 (1.0, 100000.0, 24, 10.0, 0.3, 0.291, 2.0, 3) [0.13660922382805257 0.002961577280794279 0.005741493733767858] 3 6187.907723903656s
2022-03-19 19:49:52.105199 (1.0, 100000.0, 23, 10.0, 0.3, 0.296, 2.0, 3) [0.14076354994536713 0.003074278672154622 0.006261809081547162] 3 5802.730241775513s
2022-03-19 19:54:57.816912 (1.0, 100000.0, 21, 10.0, 0.3, 0.298, 2.0, 3) [0.15140069690592567 0.003313317790929865 0.007034466210496509] 3 4037.7552013397217s
2022-03-19 20:02:07.778821 (1.0, 100000.0, 22, 10.0, 0.3, 0.298, 2.0, 3) [0.1389037837079173 0.0038486255891595107 0.008977624231164211] 3 4610.184808969498s
2022-03-19 20:40:45.544727 (1.0, 100000.0, 24, 10.0, 0.3, 0.296, 2.0, 3) [0.13021566155040865 0.0029499794106081652 0.007800032002686041] 3 6231.959876060486s
2022-03-19 20:57:20.756652 (1.0, 100000.0, 21, 10.0, 0.3, 0.301, 2.0, 3) [0.1458676041225322 0.004307612097747658 0.008866986637626284] 3 3738.751410007477s
2022-03-19 21:15:10.171477 (1.0, 100000.0, 22, 10.0, 0.3, 0.298, 2.0, 3) [0.14129783552138347 0.0031665200858775324 0.008080178057857506] 3 4382.390171051025s
2022-03-19 21:19:40.952307 (1.0, 100000.0, 23, 10.0, 0.3, 0.296, 2.0, 3) [0.13515150855898456 0.004908110602464461 0.008076452352708893] 3 5388.844713687897s
2022-03-19 22:01:39.094999 (1.0, 100000.0, 21, 10.0, 0.3, 0.301, 2.0, 3) [0.14716626457301976 0.004063327032229569 0.008379875275897964] 3 3858.3359880447388s
2022-03-19 22:30:55.293214 (1.0, 100000.0, 22, 10.0, 0.3, 0.298, 2.0, 3) [0.14182816941453094 0.002432973056215708 0.00790214041570156] 3 4545.1190576553345s
2022-03-19 22:34:36.995728 (1.0, 100000.0, 24, 10.0, 0.3, 0.296, 2.0, 3) [0.13024928177076248 0.0026772152533894845 0.00779723123552329] 3 6831.448647737503s
2022-03-19 22:52:05.829877 (1.0, 100000.0, 23, 10.0, 0.3, 0.296, 2.0, 3) [0.13684182895872873 0.0026457182727848555 0.007462152508883812] 3 5544.874472618103s
2022-03-19 23:05:58.698577 (1.0, 100000.0, 21, 10.0, 0.3, 0.301, 2.0, 3) [0.14877322735876677 0.0036428191404808607 0.007857680176852564] 3 3859.581215620041s
2022-03-19 23:56:26.394077 (1.0, 100000.0, 22, 10.0, 0.3, 0.301, 2.0, 3) [0.13937993137099455 0.004024079339567388 0.008782224591122807] 3 5126.820501565933s
2022-03-20 00:08:55.548817 (1.0, 100000.0, 21, 10.0, 0.3, 0.304, 2.0, 3) [0.14197436004089378 0.004701355726710476 0.010414536441347457] 3 3772.453622341156s
2022-03-20 00:32:18.252707 (1.0, 100000.0, 24, 10.0, 0.3, 0.296, 2.0, 3) [0.1280187387020143 0.003023021890526746 0.008656663357448479] 3 7061.253288507462s
2022-03-20 00:33:52.878835 (1.0, 100000.0, 23, 10.0, 0.3, 0.298, 2.0, 3) [0.13616971204360265 0.0028395679935037167 0.007721387706573909] 3 6102.635076999664s
2022-03-20 01:11:24.641233 (1.0, 100000.0, 21, 10.0, 0.3, 0.304, 2.0, 3) [0.1422219751180923 0.007029516540725725 0.01035732711136907] 3 3749.0899872779846s
2022-03-20 01:19:40.588860 (1.0, 100000.0, 22, 10.0, 0.3, 0.301, 2.0, 3) [0.14035715897704124 0.006627923271050693 0.008440125505441192] 3 4994.175090312958s
2022-03-20 02:13:47.390353 (1.0, 100000.0, 23, 10.0, 0.3, 0.298, 2.0, 3) [0.13839341376306896 0.004302738499794478 0.006970291044680027] 3 5994.509175539017s
2022-03-20 02:15:09.661564 (1.0, 100000.0, 21, 10.0, 0.3, 0.304, 2.0, 3) [0.140890797780767 0.0037390706903066245 0.010892873765486207] 3 3825.0171267986298s
2022-03-20 02:22:48.174774 (1.0, 100000.0, 24, 10.0, 0.3, 0.298, 2.0, 3) [0.13040541181327786 0.004610502275901496 0.007745554458406016] 3 6625.451768875122s
2022-03-20 02:42:23.479019 (1.0, 100000.0, 22, 10.0, 0.3, 0.301, 2.0, 3) [0.13965817693165286 0.005049653543118253 0.008678211588475513] 3 4962.887290716171s
2022-03-20 03:30:19.942876 (1.0, 100000.0, 21, 10.0, 0.3, 0.306, 2.0, 3) [0.13921015193823924 0.0028196132119733966 0.011706686666923446] 3 4506.180164337158s
2022-03-20 03:50:40.968110 (1.0, 100000.0, 23, 10.0, 0.3, 0.298, 2.0, 3) [0.13812784692515723 0.0038871704729610533 0.007052605238123997] 3 5813.574025154114s
2022-03-20 04:00:57.406311 (1.0, 100000.0, 24, 10.0, 0.3, 0.298, 2.0, 3) [0.13042527163010845 0.002081927154360844 0.0077314309192885065] 3 5889.228175878525s
2022-03-20 04:01:04.572640 (1.0, 100000.0, 22, 10.0, 0.3, 0.304, 2.0, 3) [0.13249009864870703 0.004346125785988335 0.011882698668476606] 3 4714.246396303177s
2022-03-20 04:37:44.473390 (1.0, 100000.0, 21, 10.0, 0.3, 0.306, 2.0, 3) [0.13959841045042504 0.0015724789327431637 0.01150269325774882] 3 4044.5280454158783s
2022-03-20 05:14:22.061179 (1.0, 100000.0, 22, 10.0, 0.3, 0.304, 2.0, 3) [0.1350941342497114 0.0037850449241884666 0.010638545917182867] 3 4397.485870838165s
2022-03-20 05:27:22.670269 (1.0, 100000.0, 23, 10.0, 0.3, 0.301, 2.0, 3) [0.1319638921181611 0.00373950449586907 0.009359363664312448] 3 5797.26545381546s
2022-03-20 05:39:15.946198 (1.0, 100000.0, 24, 10.0, 0.3, 0.298, 2.0, 3) [0.13161738660656647 0.002193498684742299 0.007317185690176231] 3 5898.536778926849s
2022-03-20 05:45:10.025588 (1.0, 100000.0, 21, 10.0, 0.3, 0.306, 2.0, 3) [0.1409540726303096 0.007026438475565527 0.010928047267531682] 3 4045.5485377311707s
2022-03-20 06:27:38.819592 (1.0, 100000.0, 22, 10.0, 0.3, 0.304, 2.0, 3) [0.13484854185222556 0.003971697996667674 0.01072551501090238] 3 4396.750042915344s
2022-03-20 06:52:39.512070 (1.0, 100000.0, 21, 10.0, 0.3, 0.311, 2.0, 3) [0.13267159676021315 0.0033642636950013166 0.015416627263853722] 3 4045.4672276973724s
2022-03-20 07:05:17.426316 (1.0, 100000.0, 23, 10.0, 0.3, 0.301, 2.0, 3) [0.12876530435860664 0.005101820896231952 0.010813407566615843] 3 5874.753926753998s
2022-03-20 07:29:50.681378 (1.0, 100000.0, 24, 10.0, 0.3, 0.301, 2.0, 3) [0.12554292079348936 0.0039236909051489485 0.009775262100815474] 3 6630.558940649033s
2022-03-20 07:46:55.886715 (1.0, 100000.0, 22, 10.0, 0.3, 0.306, 2.0, 3) [0.1322097410684837 0.004458271368900485 0.01201914834774453] 3 4752.3755033016205s
2022-03-20 07:59:58.945258 (1.0, 100000.0, 21, 10.0, 0.3, 0.311, 2.0, 3) [0.12891105790367338 0.002713416787937047 0.01794164917053677] 3 4039.420946121216s
2022-03-20 08:44:04.554723 (1.0, 100000.0, 23, 10.0, 0.3, 0.301, 2.0, 3) [0.13300086920677223 0.004949161307087317 0.00892222597158997] 3 5927.096531152725s
2022-03-20 09:07:35.702871 (1.0, 100000.0, 22, 10.0, 0.3, 0.306, 2.0, 3) [0.1309735711138972 0.0026269517535973024 0.012699456785847949] 3 4839.813149690628s
2022-03-20 09:08:30.681234 (1.0, 100000.0, 21, 10.0, 0.3, 0.311, 2.0, 3) [0.13186412322123606 0.0035252708910814665 0.01587014820467129] 3 4111.732155561447s
2022-03-20 09:21:32.086212 (1.0, 100000.0, 24, 10.0, 0.3, 0.301, 2.0, 3) [0.12668253348539707 0.0027018846969060553 0.009253683111606173] 3 6701.402560949326s
2022-03-20 10:14:35.002362 (1.0, 100000.0, 21, 10.0, 0.3, 0.318, 2.0, 3) [0.12475995047832682 0.0022737302226756516 0.021422708846262933] 3 3959.5962805747986s
2022-03-20 10:26:50.329803 (1.0, 100000.0, 23, 10.0, 0.3, 0.304, 2.0, 3) [0.12861388120068465 0.0026329918590029485 0.010898471076788065] 3 6161.147078752518s
2022-03-20 10:29:47.047519 (1.0, 100000.0, 22, 10.0, 0.3, 0.306, 2.0, 3) [0.12961635042537392 0.00360628673265666 0.01348754769889267] 3 4931.322909593582s
2022-03-20 11:16:12.544764 (1.0, 100000.0, 21, 10.0, 0.3, 0.318, 2.0, 3) [0.12212835339375015 0.004276089049711525 0.023852001789307995] 3 3697.53959274292s
2022-03-20 11:22:38.836886 (1.0, 100000.0, 24, 10.0, 0.3, 0.301, 2.0, 3) [0.12393531774422686 0.0027608618826730088 0.01055464511667011] 3 7266.720577001572s
2022-03-20 11:51:28.707634 (1.0, 100000.0, 22, 10.0, 0.3, 0.311, 2.0, 3) [0.1278036743575673 0.003511429915692158 0.014630794493898152] 3 4896.013153076172s
2022-03-20 12:09:08.306189 (1.0, 100000.0, 23, 10.0, 0.3, 0.304, 2.0, 3) [0.12732083323332058 0.0027601477195500876 0.011549425006142068] 3 6137.973924398422s
2022-03-20 12:17:44.848183 (1.0, 100000.0, 21, 10.0, 0.3, 0.318, 2.0, 3) [0.1238543947787021 0.003843311013931497 0.0222176238953017] 3 3692.2991349697113s
2022-03-20 13:06:15.977265 (1.0, 100000.0, 22, 10.0, 0.3, 0.311, 2.0, 3) [0.1249920292846268 0.0028157493714227578 0.016533725624210183] 3 4487.267148017883s
2022-03-20 13:26:20.677434 (1.0, 100000.0, 24, 10.0, 0.3, 0.304, 2.0, 3) [0.12226056099643622 0.003583571893524093 0.011474395390824258] 3 7415.693276166916s
2022-03-20 13:29:26.960021 (1.0, 100000.0, 21, 10.0, 0.3, 0.331, 2.0, 3) [0.11161697885603185 0.004470215011454729 0.0370033013367617] 3 4297.991926908493s
2022-03-20 13:51:30.111197 (1.0, 100000.0, 23, 10.0, 0.3, 0.304, 2.0, 3) [0.12883897963050703 0.0032164500638986694 0.010820743323202455] 3 6141.800307750702s
2022-03-20 14:20:56.133791 (1.0, 100000.0, 22, 10.0, 0.3, 0.311, 2.0, 3) [0.1237539250822994 0.005387325179771235 0.017453936225070285] 3 4480.150619983673s
2022-03-20 14:40:22.129368 (1.0, 100000.0, 21, 10.0, 0.3, 0.331, 2.0, 3) [0.10656634963634792 0.0035399286177284555 0.04546846667577882] 3 4255.167027711868s
2022-03-20 15:23:08.732570 (1.0, 100000.0, 24, 10.0, 0.3, 0.304, 2.0, 3) [0.12016811357259002 0.0019536431290474426 0.012629061627452202] 3 7008.05236530304s
2022-03-20 15:31:28.007428 (1.0, 100000.0, 23, 10.0, 0.3, 0.306, 2.0, 3) [0.12405823157822937 0.004368805949786375 0.013432004059950263] 3 5992.835382223129s
2022-03-20 15:40:51.705353 (1.0, 100000.0, 22, 10.0, 0.3, 0.318, 2.0, 3) [0.11594856535423728 0.003000538258600902 0.02453306135352944] 3 4791.119996070862s
2022-03-20 15:51:33.252840 (1.0, 100000.0, 21, 10.0, 0.3, 0.331, 2.0, 3) [0.11141003991548004 0.004938623773965381 0.037294192548565364] 3 4271.121061086655s
2022-03-20 16:56:51.037446 (1.0, 100000.0, 22, 10.0, 0.3, 0.318, 2.0, 3) [0.1167274892783536 0.00447585255254646 0.023720434434601298] 3 4559.32657289505s
2022-03-20 17:13:42.139095 (1.0, 100000.0, 23, 10.0, 0.3, 0.306, 2.0, 3) [0.12521598947425597 0.0030331301065612704 0.012739917410394985] 3 6134.1291670799255s
2022-03-20 17:21:02.068232 (1.0, 100000.0, 24, 10.0, 0.3, 0.304, 2.0, 3) [0.11991465368377856 0.0037217227218005297 0.01275336825967058] 3 7073.331049919128s
2022-03-20 18:12:45.075050 (1.0, 100000.0, 22, 10.0, 0.3, 0.318, 2.0, 3) [0.1182092496747123 0.00426788744113545 0.022204226883786784] 3 4554.033437728882s
2022-03-20 18:55:46.034671 (1.0, 100000.0, 23, 10.0, 0.3, 0.306, 2.0, 3) [0.12353928632462575 0.0038144806435378813 0.013732614419670488] 3 6123.892208337784s
2022-03-20 19:26:40.186099 (1.0, 100000.0, 24, 10.0, 0.3, 0.306, 2.0, 3) [0.12036681967283944 0.006474547628085833 0.012538604804409966] 3 7532.831796646118s
2022-03-20 19:35:01.915838 (1.0, 100000.0, 22, 10.0, 0.3, 0.331, 2.0, 3) [0.10395219474134665 0.002786781227850528 0.04136214454913671] 3 4930.44922542572s
2022-03-20 20:38:17.864087 (1.0, 100000.0, 23, 10.0, 0.3, 0.311, 2.0, 3) [0.1176178038444036 0.0032719669445044177 0.018022377655043983] 3 6146.779375553131s
2022-03-20 20:50:48.954725 (1.0, 100000.0, 22, 10.0, 0.3, 0.331, 2.0, 3) [0.10347861578038958 0.004896310618008141 0.04215818667752966] 3 4547.0358946323395s
2022-03-20 21:23:02.260698 (1.0, 100000.0, 24, 10.0, 0.3, 0.306, 2.0, 3) [0.11969622467344089 0.002774630585918197 0.012931673472945724] 3 6982.070560693741s
2022-03-20 22:06:11.156281 (1.0, 100000.0, 22, 10.0, 0.3, 0.331, 2.0, 3) [0.10177762023490435 0.0030997941377280936 0.045278832118255306] 3 4522.198068141937s
2022-03-20 22:18:27.500355 (1.0, 100000.0, 23, 10.0, 0.3, 0.311, 2.0, 3) [0.11851760195716882 0.0024179489074223704 0.01731658767538767] 3 6009.631332159042s
2022-03-20 23:18:53.636613 (1.0, 100000.0, 24, 10.0, 0.3, 0.306, 2.0, 3) [0.1200817884835241 0.004825982052602207 0.012688882326624245] 3 6951.372218847275s
2022-03-21 00:01:17.695442 (1.0, 100000.0, 23, 10.0, 0.3, 0.311, 2.0, 3) [0.12064645857176104 0.003847527696645414 0.01574239251644718] 3 6170.1917316913605s
2022-03-21 01:17:13.817122 (1.0, 100000.0, 24, 10.0, 0.3, 0.311, 2.0, 3) [0.11724193534737408 0.004096426604455136 0.014534132698506933] 3 7092.125990629196s
2022-03-21 01:46:17.670361 (1.0, 100000.0, 23, 10.0, 0.3, 0.318, 2.0, 3) [0.11226628688598453 0.0026415825491002912 0.023163410276160347] 3 6294.728222131729s
2022-03-21 03:14:02.655993 (1.0, 100000.0, 24, 10.0, 0.3, 0.311, 2.0, 3) [0.11263101400892207 0.002460728384415674 0.018136185981884868] 3 7008.83608007431s
2022-03-21 03:21:52.283201 (1.0, 100000.0, 23, 10.0, 0.3, 0.318, 2.0, 3) [0.10753455392405135 0.003707045743315006 0.028487101087362618] 3 5734.610118627548s
2022-03-21 04:57:28.819889 (1.0, 100000.0, 23, 10.0, 0.3, 0.318, 2.0, 3) [0.11269813596335769 0.002300261812660349 0.022596832355297747] 3 5736.533262491226s
2022-03-21 05:10:42.188404 (1.0, 100000.0, 24, 10.0, 0.3, 0.311, 2.0, 3) [0.11729114771639568 0.0029509167927768 0.014535167949121233] 3 6999.503542423248s
2022-03-21 06:47:23.869783 (1.0, 100000.0, 23, 10.0, 0.3, 0.331, 2.0, 3) [0.09803099830001315 0.0028512082333372797 0.04401743213082001] 3 6589.296777486801s
2022-03-21 07:14:04.148023 (1.0, 100000.0, 24, 10.0, 0.3, 0.318, 2.0, 3) [0.10320482754574772 0.0038894519686521736 0.028317141822063043] 3 7394.745934247971s
2022-03-21 08:36:39.859564 (1.0, 100000.0, 23, 10.0, 0.3, 0.331, 2.0, 3) [0.098422716110308 0.005256659483994893 0.04332057653035644] 3 6555.986259937286s
2022-03-21 09:14:58.275373 (1.0, 100000.0, 24, 10.0, 0.3, 0.318, 2.0, 3) [0.10754056395400989 0.0029531601476904265 0.02308375003847833] 3 7254.123532295227s
2022-03-21 10:24:24.610835 (1.0, 100000.0, 23, 10.0, 0.3, 0.331, 2.0, 3) [0.09699010552545864 0.0024080263292638663 0.04608140550016107] 3 6464.7481055259705s
2022-03-21 11:14:33.711916 (1.0, 100000.0, 24, 10.0, 0.3, 0.318, 2.0, 3) [0.10466844511417506 0.002921365141439976 0.02636824938659058] 3 7175.426854610443s
2022-03-21 13:19:23.299810 (1.0, 100000.0, 24, 10.0, 0.3, 0.331, 2.0, 3) [0.08583567483148195 0.0036188071681724884 0.06394247053347415] 3 7481.61553812027s
2022-03-21 15:17:39.104499 (1.0, 100000.0, 24, 10.0, 0.3, 0.331, 2.0, 3) [0.09208769750596484 0.004223405625621324 0.04791625030570925] 3 7095.800280570984s
2022-03-21 17:14:48.040694 (1.0, 100000.0, 24, 10.0, 0.3, 0.331, 2.0, 3) [0.09007442981543518 0.003342133017616741 0.05262088740780991] 3 7028.9112095832825s
