2021-08-12 23:47:49.287029 (1.0, 3000000.0, 6, 16.0, 0.3, 0.85, 6.0, 3) [0.4321394052774836 1.679694667913187] 1
2021-08-12 23:52:02.337036 (1.0, 3000000.0, 6, 16.0, 0.3, 0.9, 6.0, 3) [0.39851683749078326 1.6741223843392179] 1
2021-08-12 23:53:14.920937 (1.0, 3000000.0, 6, 16.0, 0.3, 0.89, 6.0, 3) [0.4036416688133534 1.674308592013886] 1
2021-08-12 23:53:23.309044 (1.0, 3000000.0, 6, 16.0, 0.3, 0.92, 6.0, 3) [0.38786380223253636 1.6715988029222004] 1
2021-08-13 00:45:27.835265 (1.0, 3000000.0, 7, 16.0, 0.3, 1.0, 6.0, 3) [0.2981510643811517 1.6724809140183809] 1
2021-08-13 00:54:44.953627 (1.0, 3000000.0, 7, 16.0, 0.3, 0.85, 6.0, 3) [0.37571680996952317 1.6878226890745192] 1
2021-08-13 00:59:18.931762 (1.0, 3000000.0, 7, 16.0, 0.3, 0.88, 6.0, 3) [0.35647985160890905 1.6847270754160459] 1
2021-08-13 00:59:47.282805 (1.0, 3000000.0, 7, 16.0, 0.3, 0.99, 6.0, 3) [0.301590012275691 1.6727875176686271] 1
2021-08-13 01:01:28.045365 (1.0, 3000000.0, 7, 16.0, 0.3, 0.92, 6.0, 3) [0.33293885162991566 1.6797251738706518] 1
2021-08-13 02:27:59.807123 (1.0, 3000000.0, 8, 16.0, 0.3, 0.81, 6.0, 3) [0.3592013142001774 1.7002482775735674] 1
2021-08-13 02:29:19.386502 (1.0, 3000000.0, 8, 16.0, 0.3, 0.84, 6.0, 3) [0.3363908125615209 1.6971124898708294] 1
2021-08-13 02:30:53.372166 (1.0, 3000000.0, 8, 16.0, 0.3, 0.95, 6.0, 3) [0.27793243645352894 1.6849433692625977] 1
2021-08-13 02:31:10.208093 (1.0, 3000000.0, 8, 16.0, 0.3, 0.91, 6.0, 3) [0.2967489099782864 1.6883526991490283] 1
2021-08-13 02:33:02.887235 (1.0, 3000000.0, 8, 16.0, 0.3, 0.85, 6.0, 3) [0.3316773814297012 1.6944088917816116] 1
2021-08-13 02:33:15.020862 (1.0, 3000000.0, 8, 16.0, 0.3, 0.92, 6.0, 3) [0.29154801430976374 1.685923143290915] 1
2021-08-13 04:29:10.653301 (1.0, 3000000.0, 9, 16.0, 0.3, 0.81, 6.0, 3) [0.3240534001396239 1.7056961672780764] 1
2021-08-13 04:30:13.341265 (1.0, 3000000.0, 9, 16.0, 0.3, 0.85, 6.0, 3) [0.29665095240778755 1.6990535328283667] 1
2021-08-13 04:34:05.163104 (1.0, 3000000.0, 9, 16.0, 0.3, 0.84, 6.0, 3) [0.3022644374720687 1.7014261534217896] 1
2021-08-13 04:38:10.305520 (1.0, 3000000.0, 9, 16.0, 0.3, 0.95, 6.0, 3) [0.2462117055920526 1.6874490133946782] 1
2021-08-13 06:59:17.581291 (1.0, 3000000.0, 6, 16.0, 0.3, 0.87, 6.0, 3) [0.4182853686973913 1.6776247463357732] 1
2021-08-13 07:09:05.961158 (1.0, 3000000.0, 6, 16.0, 0.3, 0.81, 6.0, 3) [0.4628319087674654 1.6845955198192608] 1
2021-08-13 07:15:41.142169 (1.0, 3000000.0, 6, 16.0, 0.3, 0.88, 6.0, 3) [0.40991833750995504 1.6764743712400356] 1
2021-08-13 07:16:03.794099 (1.0, 3000000.0, 6, 16.0, 0.3, 0.84, 6.0, 3) [0.439497549377402 1.6801835757744605] 1
2021-08-13 07:21:59.066112 (1.0, 3000000.0, 6, 16.0, 0.3, 1.0, 6.0, 3) [0.3480692088770672 1.6666298168061624] 1
2021-08-13 07:23:19.882922 (1.0, 3000000.0, 6, 16.0, 0.3, 0.86, 6.0, 3) [0.42572381094019335 1.6774683423284455] 1
2021-08-13 07:23:45.991310 (1.0, 3000000.0, 6, 16.0, 0.3, 0.99, 6.0, 3) [0.35251021688565454 1.6664196133843709] 1
2021-08-13 07:24:52.783556 (1.0, 3000000.0, 6, 16.0, 0.3, 0.83, 6.0, 3) [0.4468617703239469 1.6817902384196459] 1
2021-08-13 07:24:56.705606 (1.0, 3000000.0, 6, 16.0, 0.3, 0.82, 6.0, 3) [0.4554498661286858 1.6820254327280935] 1
2021-08-13 07:26:55.058839 (1.0, 3000000.0, 10, 16.0, 0.3, 0.8, 6.0, 3) [0.29963820038340044 1.7102298502616948] 1
2021-08-13 07:28:13.941698 (1.0, 3000000.0, 6, 16.0, 0.3, 0.94, 6.0, 3) [0.3750967748451284 1.6699158863057386] 1
2021-08-13 07:34:03.758430 (1.0, 3000000.0, 10, 16.0, 0.3, 0.83, 6.0, 3) [0.2806882567162335 1.706024453539559] 1
2021-08-13 07:35:34.237545 (1.0, 3000000.0, 10, 16.0, 0.3, 0.86, 6.0, 3) [0.2618656024378455 1.701672390317841] 1
2021-08-13 07:35:40.251812 (1.0, 3000000.0, 10, 16.0, 0.3, 0.82, 6.0, 3) [0.28716060586257747 1.707596632489127] 1
2021-08-13 07:37:02.968532 (1.0, 3000000.0, 10, 16.0, 0.3, 0.95, 6.0, 3) [0.22039978354946488 1.6912948335283113] 1
2021-08-13 07:39:23.189003 (1.0, 3000000.0, 10, 16.0, 0.3, 0.84, 6.0, 3) [0.27538732856118536 1.7045189769898055] 1
2021-08-13 10:25:08.659798 (1.0, 3000000.0, 7, 16.0, 0.3, 0.91, 6.0, 3) [0.3379712685372595 1.6809277538100189] 1
2021-08-13 10:28:11.405025 (1.0, 3000000.0, 7, 16.0, 0.3, 0.94, 6.0, 3) [0.3224657227411591 1.6774621710187398] 1
2021-08-13 10:30:58.676425 (1.0, 3000000.0, 7, 16.0, 0.3, 0.96, 6.0, 3) [0.3130578568236084 1.6763208504141718] 1
2021-08-13 10:34:19.843793 (1.0, 3000000.0, 7, 16.0, 0.3, 0.97, 6.0, 3) [0.3096368712273802 1.6743297814935754] 1
2021-08-13 10:34:47.413298 (1.0, 3000000.0, 7, 16.0, 0.3, 0.9, 6.0, 3) [0.3439170816705391 1.6824216216398102] 1
2021-08-13 10:35:18.686505 (1.0, 3000000.0, 7, 16.0, 0.3, 0.98, 6.0, 3) [0.30484968473206836 1.6736823072119631] 1
2021-08-13 10:37:39.295185 (1.0, 3000000.0, 7, 16.0, 0.3, 0.86, 6.0, 3) [0.36800578022467406 1.6868575917712696] 1
2021-08-13 10:38:22.714892 (1.0, 3000000.0, 7, 16.0, 0.3, 0.8, 6.0, 3) [0.4106592826904522 1.6944327872424665] 1
2021-08-13 10:38:53.282929 (1.0, 3000000.0, 7, 16.0, 0.3, 0.95, 6.0, 3) [0.31756583722796244 1.6760623034213515] 1
2021-08-13 10:40:39.042312 (1.0, 3000000.0, 7, 16.0, 0.3, 0.82, 6.0, 3) [0.39619774441116784 1.6915946433264881] 1
2021-08-13 11:50:54.135167 (1.0, 3000000.0, 11, 16.0, 0.3, 0.8, 6.0, 3) [0.2775399702548439 1.7133216270589688] 1
2021-08-13 11:56:36.174038 (1.0, 3000000.0, 11, 16.0, 0.3, 0.93, 6.0, 3) [0.20664099906572903 1.6958870965753683] 1
2021-08-13 11:59:55.322997 (1.0, 3000000.0, 11, 16.0, 0.3, 0.87, 6.0, 3) [0.23437232258098714 1.7034473062761823] 1
2021-08-13 12:30:58.610888 (1.0, 3000000.0, 8, 16.0, 0.3, 0.87, 6.0, 3) [0.3183970458641473 1.6927682602944869] 1
2021-08-13 12:31:57.920259 (1.0, 3000000.0, 8, 16.0, 0.3, 0.8, 6.0, 3) [0.36624279897853773 1.7010967770574716] 1
2021-08-13 12:47:48.059116 (1.0, 3000000.0, 8, 16.0, 0.3, 0.96, 6.0, 3) [0.27388260354978083 1.6824818157386257] 1
2021-08-13 12:53:30.348641 (1.0, 3000000.0, 12, 16.0, 0.3, 0.81, 6.0, 3) [0.2499974378912097 1.7148902114000126] 1
2021-08-13 12:54:02.903437 (1.0, 3000000.0, 12, 16.0, 0.3, 0.92, 6.0, 3) [0.192517799253511 1.6998956105403809] 1
2021-08-13 12:54:12.170250 (1.0, 3000000.0, 8, 16.0, 0.3, 0.94, 6.0, 3) [0.28188506623647697 1.684357021611729] 1
2021-08-13 12:54:28.893514 (1.0, 3000000.0, 8, 16.0, 0.3, 0.9, 6.0, 3) [0.3021655350654285 1.6890835006539135] 1
2021-08-13 12:54:37.386124 (1.0, 3000000.0, 8, 16.0, 0.3, 0.82, 6.0, 3) [0.35073438528113776 1.6991899974402913] 1
2021-08-13 12:55:00.486296 (1.0, 3000000.0, 12, 16.0, 0.3, 0.82, 6.0, 3) [0.24337249584124448 1.7131011098337763] 1
2021-08-13 13:03:14.521249 (1.0, 3000000.0, 12, 16.0, 0.3, 0.86, 6.0, 3) [0.22023313738066 1.7080004717306936] 1
2021-08-13 13:04:54.317859 (1.0, 3000000.0, 12, 16.0, 0.3, 0.8, 6.0, 3) [0.2564027567255152 1.715722676145615] 1
2021-08-13 13:05:43.462897 (1.0, 3000000.0, 12, 16.0, 0.3, 0.9, 6.0, 3) [0.20110158919735152 1.7028571075352201] 1
2021-08-13 13:07:38.071570 (1.0, 3000000.0, 12, 16.0, 0.3, 0.95, 6.0, 3) [0.18201161698562562 1.6954352256252891] 1
2021-08-13 13:08:11.341480 (1.0, 3000000.0, 12, 16.0, 0.3, 0.94, 6.0, 3) [0.1851336773309184 1.697402535719424] 1
2021-08-13 13:58:01.113200 (1.0, 3000000.0, 6, 16.0, 0.3, 0.96, 6.0, 3) [0.3668575312717895 1.6692235060642151] 1
2021-08-13 14:08:32.738433 (1.0, 3000000.0, 6, 16.0, 0.3, 0.98, 6.0, 3) [0.356608098886617 1.6666384779095182] 1
2021-08-13 14:10:26.209668 (1.0, 3000000.0, 6, 16.0, 0.3, 0.91, 6.0, 3) [0.3932359574508742 1.6735682304111397] 1
2021-08-13 18:34:04.902128 (1.0, 3000000.0, 13, 16.0, 0.3, 0.8, 6.0, 3) [0.23869512707799823 1.7179786861129058] 1
2021-08-13 18:37:48.985162 (1.0, 3000000.0, 9, 16.0, 0.3, 0.96, 6.0, 3) [0.24326500770099194 1.6867851118084209] 1
2021-08-13 18:38:10.364379 (1.0, 3000000.0, 9, 16.0, 0.3, 0.8, 6.0, 3) [0.3291681965019066 1.7066157673916913] 1
2021-08-13 18:41:53.479930 (1.0, 3000000.0, 13, 16.0, 0.3, 1.0, 6.0, 3) [0.16030312398026564 1.691955426541033] 1
2021-08-13 18:42:30.652530 (1.0, 3000000.0, 13, 16.0, 0.3, 0.97, 6.0, 3) [0.16300275301718933 1.69463622240222] 1
2021-08-13 18:44:58.396684 (1.0, 3000000.0, 13, 16.0, 0.3, 0.98, 6.0, 3) [0.16143217262328674 1.6942444989816197] 1
2021-08-13 18:46:44.839994 (1.0, 3000000.0, 13, 16.0, 0.3, 0.86, 6.0, 3) [0.20327446938143656 1.7093488156643089] 1
2021-08-13 18:47:10.876400 (1.0, 3000000.0, 13, 16.0, 0.3, 0.93, 6.0, 3) [0.17380488383863513 1.6999121884284587] 1
2021-08-13 18:47:36.509051 (1.0, 3000000.0, 9, 16.0, 0.3, 0.87, 6.0, 3) [0.28466348104767125 1.6973665201114092] 1
2021-08-13 18:48:31.178745 (1.0, 3000000.0, 9, 16.0, 0.3, 0.83, 6.0, 3) [0.30913560987414107 1.7020796557360336] 1
2021-08-13 19:03:47.660324 (1.0, 3000000.0, 9, 16.0, 0.3, 0.91, 6.0, 3) [0.2633359804397277 1.6921017529346998] 1
2021-08-13 19:08:38.683526 (1.0, 3000000.0, 9, 16.0, 0.3, 0.88, 6.0, 3) [0.2800387348809487 1.6964246677209325] 1
2021-08-13 19:08:46.939141 (1.0, 3000000.0, 9, 16.0, 0.3, 1.0, 6.0, 3) [0.23209816980872275 1.6826946837953474] 1
2021-08-13 19:08:47.326810 (1.0, 3000000.0, 9, 16.0, 0.3, 0.93, 6.0, 3) [0.2552664229398978 1.6890650668387681] 1
2021-08-13 19:09:50.953589 (1.0, 3000000.0, 9, 16.0, 0.3, 0.94, 6.0, 3) [0.25114871593723875 1.6891175970762686] 1
2021-08-13 19:11:48.709343 (1.0, 3000000.0, 9, 16.0, 0.3, 0.89, 6.0, 3) [0.2730158545973227 1.6944336528741952] 1
2021-08-13 20:04:02.244582 (1.0, 3000000.0, 6, 16.0, 0.3, 0.97, 6.0, 3) [0.3607719722470422 1.6681875319724841] 1
2021-08-13 20:08:19.614677 (1.0, 3000000.0, 6, 16.0, 0.3, 0.8, 6.0, 3) [0.4711027863884985 1.6841919022984606] 1
2021-08-13 20:12:52.528551 (1.0, 3000000.0, 6, 16.0, 0.3, 0.93, 6.0, 3) [0.3812377042489037 1.6719717339177256] 1
2021-08-13 20:13:31.970596 (1.0, 3000000.0, 6, 16.0, 0.3, 0.95, 6.0, 3) [0.37092700701314935 1.669331266913157] 1
2021-08-13 21:51:41.241414 (1.0, 3000000.0, 8, 16.0, 0.3, 0.83, 6.0, 3) [0.3449783316468555 1.697086027943703] 1
2021-08-13 21:54:55.132507 (1.0, 3000000.0, 8, 16.0, 0.3, 0.93, 6.0, 3) [0.2860549231670824 1.6851128762488528] 1
2021-08-13 21:57:50.752568 (1.0, 3000000.0, 8, 16.0, 0.3, 0.89, 6.0, 3) [0.3069580908887033 1.6897093436570558] 1
2021-08-13 22:30:05.200776 (1.0, 3000000.0, 10, 16.0, 0.3, 0.81, 6.0, 3) [0.29418320893233596 1.7086294883753936] 1
2021-08-13 22:31:22.683699 (1.0, 3000000.0, 10, 16.0, 0.3, 0.87, 6.0, 3) [0.25646348759155885 1.7010187075642755] 1
2021-08-13 22:32:33.801172 (1.0, 3000000.0, 10, 16.0, 0.3, 0.9, 6.0, 3) [0.24068456524888693 1.697354590576253] 1
2021-08-13 22:37:52.560532 (1.0, 3000000.0, 10, 16.0, 0.3, 0.92, 6.0, 3) [0.23265269481055195 1.6950695098568391] 1
2021-08-13 22:38:06.997613 (1.0, 3000000.0, 10, 16.0, 0.3, 0.99, 6.0, 3) [0.20988801772819926 1.6865905793307774] 1
2021-08-13 22:43:01.872050 (1.0, 3000000.0, 10, 16.0, 0.3, 1.0, 6.0, 3) [0.2078355897849563 1.6863343544817555] 1
2021-08-14 02:21:55.368664 (1.0, 3000000.0, 14, 16.0, 0.3, 0.83, 6.0, 3) [0.20557225091705417 1.7156678739348958] 1
2021-08-14 02:28:10.919697 (1.0, 3000000.0, 14, 16.0, 0.3, 0.92, 6.0, 3) [0.16412696138815913 1.7028568626003107] 1
2021-08-14 02:32:33.526832 (1.0, 3000000.0, 14, 16.0, 0.3, 0.96, 6.0, 3) [0.15208227230453 1.6981866407168804] 1
2021-08-14 02:34:06.491311 (1.0, 3000000.0, 14, 16.0, 0.3, 0.95, 6.0, 3) [0.155154242004602 1.6996039864233412] 1
2021-08-14 02:37:19.539473 (1.0, 3000000.0, 14, 16.0, 0.3, 0.82, 6.0, 3) [0.2115483259266077 1.7161516082867831] 1
2021-08-14 09:17:26.855353 (1.0, 3000000.0, 9, 16.0, 0.3, 0.86, 6.0, 3) [0.29020232790637646 1.6988318469983232] 1
2021-08-14 09:21:48.268934 (1.0, 3000000.0, 9, 16.0, 0.3, 0.99, 6.0, 3) [0.23359850627302822 1.6832903056091559] 1
2021-08-14 09:24:46.013141 (1.0, 3000000.0, 9, 16.0, 0.3, 0.97, 6.0, 3) [0.2392804827024772 1.6859843791526627] 1
2021-08-14 09:54:22.614629 (1.0, 3000000.0, 11, 16.0, 0.3, 0.86, 6.0, 3) [0.23932046851143388 1.7052819084943267] 1
2021-08-14 09:56:54.457253 (1.0, 3000000.0, 11, 16.0, 0.3, 0.82, 6.0, 3) [0.2634868677409885 1.7103348692543339] 1
2021-08-14 09:59:18.911082 (1.0, 3000000.0, 11, 16.0, 0.3, 0.88, 6.0, 3) [0.2298530380456718 1.7022143150658726] 1
2021-08-14 10:00:27.773274 (1.0, 3000000.0, 11, 16.0, 0.3, 1.0, 6.0, 3) [0.19012329541480308 1.688153057121061] 1
2021-08-14 10:01:42.074816 (1.0, 3000000.0, 11, 16.0, 0.3, 0.96, 6.0, 3) [0.1970426578720588 1.6922019649445568] 1
2021-08-14 10:02:01.303228 (1.0, 3000000.0, 11, 16.0, 0.3, 0.91, 6.0, 3) [0.21479388562894042 1.6986147212434719] 1
2021-08-14 10:02:13.291443 (1.0, 3000000.0, 11, 16.0, 0.3, 0.81, 6.0, 3) [0.26992940899858603 1.7114775007998284] 1
2021-08-14 10:03:42.538936 (1.0, 3000000.0, 11, 16.0, 0.3, 0.95, 6.0, 3) [0.19948065902978787 1.6936328237712135] 1
2021-08-14 10:03:44.771610 (1.0, 3000000.0, 11, 16.0, 0.3, 0.83, 6.0, 3) [0.256804528489962 1.7091772264184235] 1
2021-08-14 10:04:42.500440 (1.0, 3000000.0, 11, 16.0, 0.3, 0.94, 6.0, 3) [0.20376570263261076 1.6947795644502663] 1
2021-08-14 10:06:30.577375 (1.0, 3000000.0, 11, 16.0, 0.3, 0.85, 6.0, 3) [0.2453695477664526 1.7061865866054791] 1
2021-08-14 10:07:56.174215 (1.0, 3000000.0, 11, 16.0, 0.3, 0.84, 6.0, 3) [0.25068885464532614 1.7079384386471945] 1
2021-08-14 11:04:30.224829 (1.0, 3000000.0, 12, 16.0, 0.3, 0.98, 6.0, 3) [0.17551045848797597 1.6925908832377115] 1
2021-08-14 11:04:33.219168 (1.0, 3000000.0, 12, 16.0, 0.3, 0.97, 6.0, 3) [0.1772945989380002 1.6935583058979349] 1
2021-08-14 11:50:58.429327 (1.0, 3000000.0, 15, 16.0, 0.3, 0.82, 6.0, 3) [0.19823833027476012 1.7182809051358832] 1
2021-08-14 12:00:28.612456 (1.0, 3000000.0, 15, 16.0, 0.3, 0.99, 6.0, 3) [0.13854369938467467 1.6955864693873008] 1
2021-08-14 12:03:42.665678 (1.0, 3000000.0, 15, 16.0, 0.3, 0.86, 6.0, 3) [0.17670722864663463 1.7122698504581613] 1
2021-08-14 12:06:23.931657 (1.0, 3000000.0, 15, 16.0, 0.3, 0.91, 6.0, 3) [0.15475139227042295 1.7054536600221124] 1
2021-08-14 12:06:46.507484 (1.0, 3000000.0, 15, 16.0, 0.3, 0.93, 6.0, 3) [0.1493726916990888 1.7033780167010975] 1
2021-08-14 12:07:38.310402 (1.0, 3000000.0, 15, 16.0, 0.3, 0.85, 6.0, 3) [0.18196377057075594 1.7133824841781831] 1
2021-08-14 12:12:29.542904 (1.0, 3000000.0, 15, 16.0, 0.3, 0.84, 6.0, 3) [0.18705763591912244 1.7153743887937685] 1
2021-08-14 12:13:41.218904 (1.0, 3000000.0, 15, 16.0, 0.3, 0.96, 6.0, 3) [0.14150440977579262 1.6986661658961744] 1
2021-08-14 14:10:11.495196 (1.0, 3000000.0, 10, 16.0, 0.3, 0.91, 6.0, 3) [0.23718803218305484 1.69580453657736] 1
2021-08-14 14:14:17.381490 (1.0, 3000000.0, 10, 16.0, 0.3, 0.94, 6.0, 3) [0.22435003965973588 1.6923556490764895] 1
2021-08-14 14:22:12.579016 (1.0, 3000000.0, 10, 16.0, 0.3, 0.98, 6.0, 3) [0.21283586844142846 1.6875231247285702] 1
2021-08-14 21:15:16.209902 (1.0, 3000000.0, 9, 16.0, 0.3, 0.9, 6.0, 3) [0.26832631289136544 1.6930544551231024] 1
2021-08-14 21:17:48.799073 (1.0, 3000000.0, 9, 16.0, 0.3, 0.92, 6.0, 3) [0.25834869032097063 1.6910836969480534] 1
2021-08-14 21:20:38.245881 (1.0, 3000000.0, 9, 16.0, 0.3, 0.82, 6.0, 3) [0.3154934878747549 1.7041800756193166] 1
2021-08-14 21:22:59.531342 (1.0, 3000000.0, 9, 16.0, 0.3, 0.98, 6.0, 3) [0.2366168837068385 1.6849625970241775] 1
2021-08-14 21:24:21.169558 (1.0, 3000000.0, 13, 16.0, 0.3, 0.85, 6.0, 3) [0.20876356169688687 1.7112901702909737] 1
2021-08-14 21:25:11.732337 (1.0, 3000000.0, 13, 16.0, 0.3, 0.99, 6.0, 3) [0.16006550477905207 1.6925415193350664] 1
2021-08-14 21:49:50.185021 (1.0, 3000000.0, 13, 16.0, 0.3, 0.84, 6.0, 3) [0.21430017320675884 1.7124443772180618] 1
2021-08-14 21:52:12.752993 (1.0, 3000000.0, 13, 16.0, 0.3, 0.95, 6.0, 3) [0.16844311134137863 1.6976836461670983] 1
2021-08-14 23:04:20.315198 (1.0, 3000000.0, 8, 16.0, 0.3, 1.0, 6.0, 3) [0.26036806572943016 1.6792982834103845] 1
2021-08-14 23:10:26.112710 (1.0, 3000000.0, 8, 16.0, 0.3, 0.86, 6.0, 3) [0.32438007223101933 1.6943801217150436] 1
2021-08-14 23:12:51.496004 (1.0, 3000000.0, 8, 16.0, 0.3, 0.98, 6.0, 3) [0.2671185774651866 1.6812310903162424] 1
2021-08-14 23:15:36.877970 (1.0, 3000000.0, 8, 16.0, 0.3, 0.88, 6.0, 3) [0.31230795847498516 1.6903402825456235] 1
2021-08-14 23:17:48.431913 (1.0, 3000000.0, 8, 16.0, 0.3, 0.97, 6.0, 3) [0.2701276103789259 1.6814662459529164] 1
2021-08-14 23:26:33.796953 (1.0, 3000000.0, 8, 16.0, 0.3, 0.99, 6.0, 3) [0.26358775162205994 1.6793875707637473] 1
2021-08-15 00:02:41.228118 (1.0, 3000000.0, 7, 16.0, 0.3, 0.87, 6.0, 3) [0.3617040497986237 1.685241257824404] 1
2021-08-15 00:26:07.123171 (1.0, 3000000.0, 7, 16.0, 0.3, 0.83, 6.0, 3) [0.3889856458438062 1.68990056891887] 1
2021-08-15 00:27:18.670606 (1.0, 3000000.0, 16, 16.0, 0.3, 0.91, 6.0, 3) [0.14499357187030673 1.7067503199075309] 1
2021-08-15 00:28:26.045454 (1.0, 3000000.0, 7, 16.0, 0.3, 0.89, 6.0, 3) [0.3485767737337897 1.6836046296377487] 1
2021-08-15 00:32:21.449421 (1.0, 3000000.0, 7, 16.0, 0.3, 0.93, 6.0, 3) [0.32784608668474746 1.6783808787325265] 1
2021-08-15 00:33:29.573857 (1.0, 3000000.0, 7, 16.0, 0.3, 0.81, 6.0, 3) [0.4036020250528861 1.6932996020790176] 1
2021-08-15 00:35:30.582166 (1.0, 3000000.0, 7, 16.0, 0.3, 0.84, 6.0, 3) [0.3808705612858297 1.688277944304909] 1
2021-08-15 00:39:26.658562 (1.0, 3000000.0, 16, 16.0, 0.3, 0.99, 6.0, 3) [0.1297080959627617 1.6962539422479552] 1
2021-08-15 00:49:10.919662 (1.0, 3000000.0, 16, 16.0, 0.3, 0.93, 6.0, 3) [0.1382560457330078 1.7041165230686843] 1
2021-08-15 00:51:01.865849 (1.0, 3000000.0, 16, 16.0, 0.3, 0.96, 6.0, 3) [0.13198266559590147 1.6998501553212031] 1
2021-08-15 00:58:49.299959 (1.0, 3000000.0, 16, 16.0, 0.3, 0.95, 6.0, 3) [0.13371956706566465 1.7010070833755788] 1
2021-08-15 01:09:29.326918 (1.0, 3000000.0, 16, 16.0, 0.3, 0.94, 6.0, 3) [0.13645068082719577 1.7025279807975822] 1
2021-08-15 01:33:20.017764 (1.0, 3000000.0, 16, 16.0, 0.3, 0.85, 6.0, 3) [0.17040803182424336 1.7147984229335305] 1
2021-08-15 05:29:30.669732 (1.0, 3000000.0, 12, 16.0, 0.3, 0.84, 6.0, 3) [0.2319031037475346 1.7097283243596972] 1
2021-08-15 05:37:49.511363 (1.0, 3000000.0, 12, 16.0, 0.3, 0.85, 6.0, 3) [0.2266072531208604 1.7086895646573759] 1
2021-08-15 05:41:28.575862 (1.0, 3000000.0, 12, 16.0, 0.3, 1.0, 6.0, 3) [0.17327893639932698 1.6913350694546874] 1
2021-08-15 09:11:28.603604 (1.0, 3000000.0, 11, 16.0, 0.3, 0.89, 6.0, 3) [0.22369402537868024 1.7008554672235798] 1
2021-08-15 09:18:19.487095 (1.0, 3000000.0, 11, 16.0, 0.3, 0.97, 6.0, 3) [0.19465891108010092 1.6911911357965401] 1
2021-08-15 09:18:32.367894 (1.0, 3000000.0, 11, 16.0, 0.3, 0.99, 6.0, 3) [0.19049836412707824 1.6889091203668394] 1
2021-08-15 10:12:50.617815 (1.0, 3000000.0, 11, 16.0, 0.3, 0.9, 6.0, 3) [0.218796093118485 1.6992973712444615] 1
2021-08-15 10:33:33.068187 (1.0, 3000000.0, 11, 16.0, 0.3, 0.98, 6.0, 3) [0.19210365612480565 1.6904828224881305] 1
2021-08-15 10:36:27.927920 (1.0, 3000000.0, 11, 16.0, 0.3, 0.92, 6.0, 3) [0.21040071193545787 1.6973846196304572] 1
2021-08-15 11:09:36.721291 (1.0, 3000000.0, 14, 16.0, 0.3, 0.8, 6.0, 3) [0.22378757771338934 1.7199661867672289] 1
2021-08-15 11:10:28.652268 (1.0, 3000000.0, 14, 16.0, 0.3, 0.84, 6.0, 3) [0.19983959838373289 1.7138576827853125] 1
2021-08-15 11:37:02.527960 (1.0, 3000000.0, 14, 16.0, 0.3, 0.93, 6.0, 3) [0.1602563173907712 1.7023040383203356] 1
2021-08-15 11:49:16.611997 (1.0, 3000000.0, 14, 16.0, 0.3, 0.97, 6.0, 3) [0.15029465178299753 1.6963323240194568] 1
2021-08-15 11:56:32.517302 (1.0, 3000000.0, 14, 16.0, 0.3, 0.91, 6.0, 3) [0.16731696101304816 1.7043765507882167] 1
2021-08-15 12:05:09.935883 (1.0, 3000000.0, 14, 16.0, 0.3, 0.99, 6.0, 3) [0.14837712397638772 1.694605735574064] 1
2021-08-15 12:11:25.452724 (1.0, 3000000.0, 14, 16.0, 0.3, 0.94, 6.0, 3) [0.15764688864213233 1.7002147851057068] 1
2021-08-15 12:12:01.131307 (1.0, 3000000.0, 14, 16.0, 0.3, 0.98, 6.0, 3) [0.14889405211095402 1.6951064701628373] 1
2021-08-15 12:12:08.931213 (1.0, 3000000.0, 14, 16.0, 0.3, 0.85, 6.0, 3) [0.1945543195908935 1.7124168394873756] 1
2021-08-15 12:16:06.867783 (1.0, 3000000.0, 14, 16.0, 0.3, 1.0, 6.0, 3) [0.1486497324165211 1.6931978977165052] 1
2021-08-15 20:49:41.751756 (1.0, 3000000.0, 13, 16.0, 0.3, 0.9, 6.0, 3) [0.18474186838332673 1.7033315366528732] 1
2021-08-15 20:53:51.182236 (1.0, 3000000.0, 13, 16.0, 0.3, 0.87, 6.0, 3) [0.19833030323361434 1.7083333316544111] 1
2021-08-15 20:58:52.390498 (1.0, 3000000.0, 13, 16.0, 0.3, 0.88, 6.0, 3) [0.1926728353234694 1.7061985985683157] 1
2021-08-15 21:04:43.153129 (1.0, 3000000.0, 13, 16.0, 0.3, 0.81, 6.0, 3) [0.23231861756842473 1.716528350363121] 1
2021-08-15 21:07:58.253348 (1.0, 3000000.0, 13, 16.0, 0.3, 0.92, 6.0, 3) [0.17702544660905367 1.7010772795311255] 1
2021-08-15 21:33:11.274076 (1.0, 3000000.0, 13, 16.0, 0.3, 0.89, 6.0, 3) [0.18838848833364968 1.7049484603014813] 1
2021-08-16 03:45:21.126568 (1.0, 3000000.0, 15, 16.0, 0.3, 0.97, 6.0, 3) [0.13932126421517116 1.6980093624092194] 1
2021-08-16 03:46:39.314830 (1.0, 3000000.0, 15, 16.0, 0.3, 0.89, 6.0, 3) [0.16325560511631226 1.7079344811223003] 1
2021-08-16 03:59:51.808490 (1.0, 3000000.0, 15, 16.0, 0.3, 0.9, 6.0, 3) [0.15919547103109513 1.7067048652920445] 1
2021-08-16 04:04:05.952343 (1.0, 3000000.0, 15, 16.0, 0.3, 0.94, 6.0, 3) [0.14660742126520213 1.7013761286846703] 1
2021-08-16 09:04:35.068656 (1.0, 3000000.0, 10, 16.0, 0.3, 0.97, 6.0, 3) [0.2150860423133462 1.6894446912876986] 1
2021-08-16 09:26:02.808067 (1.0, 3000000.0, 10, 16.0, 0.3, 0.89, 6.0, 3) [0.24624641142618128 1.699356267696408] 1
2021-08-16 09:27:03.133502 (1.0, 3000000.0, 10, 16.0, 0.3, 0.88, 6.0, 3) [0.2509956117436319 1.6998293386227905] 1
2021-08-16 09:28:42.092381 (1.0, 3000000.0, 10, 16.0, 0.3, 0.85, 6.0, 3) [0.2683611935069751 1.7032142243310444] 1
2021-08-16 09:33:34.830445 (1.0, 3000000.0, 10, 16.0, 0.3, 0.93, 6.0, 3) [0.22778990271654562 1.6934805718593089] 1
2021-08-16 09:35:52.341057 (1.0, 3000000.0, 10, 16.0, 0.3, 0.96, 6.0, 3) [0.21720411910232088 1.6902170430545378] 1
2021-08-17 09:38:20.212221 (1.0, 3000000.0, 16, 16.0, 0.3, 0.88, 6.0, 3) [0.15676740772557196 1.7110033853765763] 1
2021-08-17 09:42:07.825805 (1.0, 3000000.0, 16, 16.0, 0.3, 0.8, 6.0, 3) [0.19911937504047772 1.7225861185030136] 1
2021-08-17 10:10:58.575671 (1.0, 3000000.0, 16, 16.0, 0.3, 0.82, 6.0, 3) [0.1872892289412102 1.719593156399793] 1
2021-08-17 10:14:19.656507 (1.0, 3000000.0, 16, 16.0, 0.3, 0.84, 6.0, 3) [0.17599863620928272 1.7161860603475294] 1
2021-08-17 10:21:20.806024 (1.0, 3000000.0, 16, 16.0, 0.3, 0.87, 6.0, 3) [0.1609909573446906 1.7119932855628108] 1
2021-08-17 10:30:47.694044 (1.0, 3000000.0, 16, 16.0, 0.3, 1.0, 6.0, 3) [0.1302296193692491 1.6948540662629243] 1
2021-08-17 18:39:57.762760 (1.0, 3000000.0, 13, 16.0, 0.3, 0.83, 6.0, 3) [0.2202134600344481 1.7132772574519706] 1
2021-08-17 18:44:42.187833 (1.0, 3000000.0, 13, 16.0, 0.3, 0.82, 6.0, 3) [0.22716562636087892 1.7153397144417086] 1
2021-08-17 18:59:21.474749 (1.0, 3000000.0, 13, 16.0, 0.3, 0.94, 6.0, 3) [0.17044291601702455 1.6987553475596553] 1
2021-08-17 19:00:10.320306 (1.0, 3000000.0, 13, 16.0, 0.3, 0.91, 6.0, 3) [0.18125806191689028 1.7028152845457738] 1
2021-08-17 19:04:34.479569 (1.0, 3000000.0, 13, 16.0, 0.3, 0.96, 6.0, 3) [0.16512120253539106 1.6962518376788918] 1
2021-08-19 00:54:58.316532 (1.0, 3000000.0, 12, 16.0, 0.3, 0.87, 6.0, 3) [0.21569500170620678 1.706335887601188] 1
2021-08-19 01:00:13.840516 (1.0, 3000000.0, 12, 16.0, 0.3, 0.91, 6.0, 3) [0.1967660754038834 1.7004630465940473] 1
2021-08-19 01:08:09.329738 (1.0, 3000000.0, 12, 16.0, 0.3, 0.93, 6.0, 3) [0.18907257518538328 1.6982703075182426] 1
2021-08-19 01:08:33.175277 (1.0, 3000000.0, 12, 16.0, 0.3, 0.88, 6.0, 3) [0.2099127435610258 1.704735134315867] 1
2021-08-19 01:09:16.814159 (1.0, 3000000.0, 12, 16.0, 0.3, 0.99, 6.0, 3) [0.17480345819735663 1.6914833371898355] 1
2021-08-19 01:17:26.487405 (1.0, 3000000.0, 12, 16.0, 0.3, 0.96, 6.0, 3) [0.17981652892219724 1.6945423518095248] 1
2021-08-19 01:17:32.312760 (1.0, 3000000.0, 12, 16.0, 0.3, 0.83, 6.0, 3) [0.23688635391875465 1.7116219283468077] 1
2021-08-19 01:18:55.020024 (1.0, 3000000.0, 12, 16.0, 0.3, 0.89, 6.0, 3) [0.2053312026614084 1.703730723304413] 1
2021-08-20 09:52:03.657558 (1.0, 3000000.0, 14, 16.0, 0.3, 0.9, 6.0, 3) [0.17091115770095958 1.7059182208605772] 1
2021-08-20 10:30:14.421565 (1.0, 3000000.0, 14, 16.0, 0.3, 0.81, 6.0, 3) [0.21733395899205404 1.7178728930354439] 1
2021-08-20 10:36:58.994076 (1.0, 3000000.0, 14, 16.0, 0.3, 0.86, 6.0, 3) [0.18897524785946582 1.7111856469507458] 1
2021-08-20 11:00:27.029627 (1.0, 3000000.0, 14, 16.0, 0.3, 0.87, 6.0, 3) [0.18448479995264205 1.7097877733575149] 1
2021-08-20 11:07:20.540944 (1.0, 3000000.0, 14, 16.0, 0.3, 0.88, 6.0, 3) [0.17938532489363637 1.7088996342051825] 1
2021-08-20 11:11:54.604233 (1.0, 3000000.0, 14, 16.0, 0.3, 0.89, 6.0, 3) [0.17507447409169472 1.7065539765848219] 1