2022-03-01 11:14:11.081074 (1.0, 500000.0, 6, 10.0, 0.3, 0.306, 2.0, 3) [0.474758201669874 0.002751713701653233 0.013906723782200833] 2 980.7752261161804s
2022-03-01 11:14:19.058717 (1.0, 500000.0, 6, 10.0, 0.3, 0.318, 2.0, 3) [0.45786032608272 0.001936911876025524 0.017023116009960832] 2 988.7545642852783s
2022-03-01 11:14:21.775324 (1.0, 500000.0, 6, 10.0, 0.3, 0.311, 2.0, 3) [0.4657286801070749 0.002167109004533562 0.01548113696039979] 2 991.4769856929779s
2022-03-01 11:14:46.079237 (1.0, 500000.0, 6, 10.0, 0.3, 0.331, 2.0, 3) [0.438154732872581 0.002713946439678158 0.021518020388458053] 2 1015.7573435306549s
2022-03-01 11:14:46.909476 (1.0, 500000.0, 6, 10.0, 0.3, 0.291, 2.0, 3) [0.5001906152687832 0.0034217842367595505 0.010249850509117154] 2 1016.6015865802765s
2022-03-01 11:16:37.359957 (1.0, 500000.0, 7, 10.0, 0.3, 0.318, 2.0, 3) [0.3943389554929656 0.003086675354836563 0.016483180383010165] 2 1127.0579500198364s
2022-03-01 11:16:39.646940 (1.0, 500000.0, 8, 10.0, 0.3, 0.331, 2.0, 3) [0.32940378470577825 0.0025694433796789075 0.02111537426218117] 2 1121.6292521953583s
2022-03-01 11:16:40.415359 (1.0, 500000.0, 7, 10.0, 0.3, 0.304, 2.0, 3) [0.41663515702012643 0.003373768941825034 0.012088155089345786] 2 1130.116426706314s
2022-03-01 11:16:40.884655 (1.0, 500000.0, 7, 10.0, 0.3, 0.271, 2.0, 3) [0.4667993461792752 0.0037711760688034753 0.005998586755854819] 2 1130.5818247795105s
2022-03-01 11:16:41.670469 (1.0, 500000.0, 7, 10.0, 0.3, 0.301, 2.0, 3) [0.41991714199125424 0.002865962404158646 0.011549369565700981] 2 1131.3723073005676s
2022-03-01 11:16:44.195738 (1.0, 500000.0, 8, 10.0, 0.3, 0.284, 2.0, 3) [0.3984485780170377 0.0037401209040789953 0.007016550905693725] 2 1126.076027393341s
2022-03-01 11:16:44.851692 (1.0, 500000.0, 8, 10.0, 0.3, 0.301, 2.0, 3) [0.3731050111165039 0.002207949635599375 0.010520015175533937] 2 1126.2394452095032s
2022-03-01 11:16:46.330479 (1.0, 500000.0, 8, 10.0, 0.3, 0.291, 2.0, 3) [0.3848896064485816 0.0021094543392947565 0.008695139337824594] 2 1127.7056879997253s
2022-03-01 11:19:39.342321 (1.0, 500000.0, 9, 10.0, 0.3, 0.296, 2.0, 3) [0.3439473120318262 0.0022343574762258055 0.008417612886097305] 2 1313.7633900642395s
2022-03-01 11:19:43.845642 (1.0, 500000.0, 9, 10.0, 0.3, 0.291, 2.0, 3) [0.34912275033406315 0.0033201945372492827 0.007670956755257868] 2 1315.426061630249s
2022-03-01 11:20:14.981891 (1.0, 500000.0, 9, 10.0, 0.3, 0.304, 2.0, 3) [0.3286984363040088 0.002274736632846898 0.011061203786156725] 2 1337.1884980201721s
2022-03-01 11:20:17.084414 (1.0, 500000.0, 9, 10.0, 0.3, 0.311, 2.0, 3) [0.3182472681526138 0.0020002066027734757 0.013344487374241645] 2 1338.8469519615173s
2022-03-01 11:20:17.979735 (1.0, 500000.0, 9, 10.0, 0.3, 0.331, 2.0, 3) [0.29177035993153466 0.001785195757993548 0.02143774903022463] 2 1339.9205808639526s
2022-03-01 11:28:08.130028 (1.0, 500000.0, 10, 10.0, 0.3, 0.304, 2.0, 3) [0.29661707956746913 0.0030827459514845036 0.010855868791791286] 2 1822.527112007141s
2022-03-01 11:28:14.434186 (1.0, 500000.0, 10, 10.0, 0.3, 0.306, 2.0, 3) [0.29613688110500275 0.0016648784422947445 0.010971957944071352] 2 1817.4946727752686s
2022-03-01 11:28:15.164101 (1.0, 500000.0, 10, 10.0, 0.3, 0.318, 2.0, 3) [0.2810000336272984 0.0032151617970354175 0.014860659947012283] 2 1817.9431126117706s
2022-03-01 11:28:18.421559 (1.0, 500000.0, 10, 10.0, 0.3, 0.331, 2.0, 3) [0.26075947959896995 0.002336224326713527 0.022175878096657522] 2 1821.3651413917542s
2022-03-01 11:28:32.350724 (1.0, 500000.0, 10, 10.0, 0.3, 0.284, 2.0, 3) [0.3243824316070764 0.003230258265345794 0.006236324722165872] 2 1838.667352437973s
2022-03-01 11:30:27.674420 (1.0, 500000.0, 6, 10.0, 0.3, 0.306, 2.0, 3) [0.4778454120279012 0.0024149028246661388 0.01341339145281317] 2 976.5912337303162s
2022-03-01 11:30:32.035640 (1.0, 500000.0, 6, 10.0, 0.3, 0.318, 2.0, 3) [0.4580451979145702 0.004622650078538107 0.016969764905775397] 2 972.9750709533691s
2022-03-01 11:30:37.167296 (1.0, 500000.0, 6, 10.0, 0.3, 0.311, 2.0, 3) [0.4691539635057905 0.0040470928487382155 0.014868288470395482] 2 975.390044927597s
2022-03-01 11:31:28.793576 (1.0, 500000.0, 6, 10.0, 0.3, 0.331, 2.0, 3) [0.4401741918097028 0.0031803405227647692 0.021020764253045505] 2 1002.7117648124695s
2022-03-01 11:31:32.801290 (1.0, 500000.0, 6, 10.0, 0.3, 0.291, 2.0, 3) [0.49576567017305984 0.0035060974849427952 0.010800294867429719] 2 1005.8896234035492s
2022-03-01 11:35:14.202758 (1.0, 500000.0, 7, 10.0, 0.3, 0.318, 2.0, 3) [0.393789213877572 0.0036545698889025756 0.016621306659624854] 2 1116.8407905101776s
2022-03-01 11:35:15.305729 (1.0, 500000.0, 8, 10.0, 0.3, 0.331, 2.0, 3) [0.32724019826913797 0.0018900446396634683 0.02180711085583192] 2 1115.6566388607025s
2022-03-01 11:35:19.719181 (1.0, 500000.0, 8, 10.0, 0.3, 0.301, 2.0, 3) [0.3717208913307882 0.0031189386912517498 0.010745968182926793] 2 1114.8654782772064s
2022-03-01 11:35:20.316307 (1.0, 500000.0, 7, 10.0, 0.3, 0.301, 2.0, 3) [0.42174158063447087 0.002660281001340079 0.011257764495051914] 2 1118.643892288208s
2022-03-01 11:35:20.457647 (1.0, 500000.0, 7, 10.0, 0.3, 0.271, 2.0, 3) [0.4665575858947696 0.002618082652766642 0.006018753016498855] 2 1119.5711753368378s
2022-03-01 11:35:21.466541 (1.0, 500000.0, 8, 10.0, 0.3, 0.284, 2.0, 3) [0.3950764966072224 0.001648748660858045 0.00739408276105202] 2 1117.2687375545502s
2022-03-01 11:35:22.366133 (1.0, 500000.0, 7, 10.0, 0.3, 0.304, 2.0, 3) [0.4153189655512808 0.00294827113982463 0.012318675267016556] 2 1121.949003458023s
2022-03-01 11:35:25.464600 (1.0, 500000.0, 8, 10.0, 0.3, 0.291, 2.0, 3) [0.38883352711383645 0.004182265341790125 0.008184205414464041] 2 1119.132232427597s
2022-03-01 11:35:45.905141 (1.0, 500000.0, 8, 10.0, 0.3, 0.298, 2.0, 3) [0.3740056799413691 0.0026987680521620297 0.010354959395911944] 2 2267.240062713623s
2022-03-01 11:35:51.471400 (1.0, 500000.0, 8, 10.0, 0.3, 0.311, 2.0, 3) [0.35592710195861116 0.0016154475761348814 0.013819014001676221] 2 2270.3906350135803s
2022-03-01 11:37:45.991235 (1.0, 500000.0, 11, 10.0, 0.3, 0.304, 2.0, 3) [0.27225904114539506 0.0019366535758110004 0.01023895977386122] 2 2393.2587411403656s
2022-03-01 11:37:50.422054 (1.0, 500000.0, 11, 10.0, 0.3, 0.291, 2.0, 3) [0.2922101612647785 0.00271028596177858 0.006614404934241801] 2 2391.755605697632s
2022-03-01 11:37:50.732767 (1.0, 500000.0, 11, 10.0, 0.3, 0.296, 2.0, 3) [0.2813720468671558 0.002440539986034093 0.008373237696315764] 2 2392.0692291259766s
2022-03-01 11:37:58.359396 (1.0, 500000.0, 11, 10.0, 0.3, 0.301, 2.0, 3) [0.2748073951097394 0.002461812147088431 0.009666503346068358] 2 2410.666164159775s
2022-03-01 11:38:05.174933 (1.0, 500000.0, 7, 10.0, 0.3, 0.296, 2.0, 3) [0.42601121149492055 0.0026995994989886074 0.010593002791218163] 2 2414.5340406894684s
2022-03-01 11:38:09.430588 (1.0, 500000.0, 7, 10.0, 0.3, 0.291, 2.0, 3) [0.4346776861243065 0.003342686345010543 0.009401539116875355] 2 2418.9704716205597s
2022-03-01 11:41:07.848680 (1.0, 500000.0, 9, 10.0, 0.3, 0.296, 2.0, 3) [0.33951044615175174 0.002850953376421726 0.009100871958797432] 2 1288.5043733119965s
2022-03-01 11:41:14.056709 (1.0, 500000.0, 9, 10.0, 0.3, 0.291, 2.0, 3) [0.34945211648380703 0.0022112705472995473 0.0076231699275383326] 2 1290.2091290950775s
2022-03-01 11:41:58.203034 (1.0, 500000.0, 9, 10.0, 0.3, 0.304, 2.0, 3) [0.3282210169205926 0.0030958313583345927 0.011145719574929106] 2 1303.2187168598175s
2022-03-01 11:42:01.499197 (1.0, 500000.0, 9, 10.0, 0.3, 0.311, 2.0, 3) [0.31847997412040097 0.0028166054897981034 0.013282291028283122] 2 1304.4125981330872s
2022-03-01 11:42:02.235114 (1.0, 500000.0, 9, 10.0, 0.3, 0.331, 2.0, 3) [0.2911938620443686 0.0024935259077847817 0.021636740867849745] 2 1304.2532088756561s
2022-03-01 11:49:34.097289 (1.0, 500000.0, 12, 10.0, 0.3, 0.301, 2.0, 3) [0.25531583185187917 0.002292788208123285 0.008914996498936036] 2 3108.4824204444885s
2022-03-01 11:49:34.348859 (1.0, 500000.0, 12, 10.0, 0.3, 0.318, 2.0, 3) [0.22775303812835146 0.002829882118365335 0.017191034771610013] 2 3102.2327630519867s
2022-03-01 11:49:42.032672 (1.0, 500000.0, 12, 10.0, 0.3, 0.296, 2.0, 3) [0.259014215061708 0.0034348322815569436 0.00814886870569397] 2 3104.8151428699493s
2022-03-01 11:49:42.600540 (1.0, 500000.0, 12, 10.0, 0.3, 0.284, 2.0, 3) [0.2771374247299968 0.0029438468379833853 0.005280332020939358] 2 3104.5271916389465s
2022-03-01 11:58:08.700837 (1.0, 500000.0, 10, 10.0, 0.3, 0.306, 2.0, 3) [0.29734424494900147 0.0038784002865504593 0.010714556036011689] 2 1794.2644340991974s
2022-03-01 11:58:09.810926 (1.0, 500000.0, 10, 10.0, 0.3, 0.318, 2.0, 3) [0.2771992772324002 0.0017650289473125935 0.015979650374876007] 2 1794.6446733474731s
2022-03-01 11:58:10.123782 (1.0, 500000.0, 10, 10.0, 0.3, 0.304, 2.0, 3) [0.298402460909245 0.002552376214414407 0.010479897052115607] 2 1801.991690158844s
2022-03-01 11:58:17.833862 (1.0, 500000.0, 10, 10.0, 0.3, 0.331, 2.0, 3) [0.2598434586927653 0.0019716213892200345 0.02257050912853225] 2 1799.4102487564087s
2022-03-01 11:58:40.729490 (1.0, 500000.0, 10, 10.0, 0.3, 0.284, 2.0, 3) [0.3285739065182611 0.0030638011904841915 0.005745503356729675] 2 1808.3766260147095s
2022-03-01 12:08:23.200843 (1.0, 500000.0, 13, 10.0, 0.3, 0.298, 2.0, 3) [0.23741550597410868 0.0026791199116930463 0.008500509958877682] 2 4225.29842376709s
2022-03-01 12:08:37.345820 (1.0, 500000.0, 13, 10.0, 0.3, 0.306, 2.0, 3) [0.22950865583321953 0.002327610886503471 0.010447517621352945] 2 4239.278990983963s
2022-03-01 12:08:43.974777 (1.0, 500000.0, 13, 10.0, 0.3, 0.296, 2.0, 3) [0.24149498851756784 0.0016870129289550892 0.007644135729523406] 2 4246.682709932327s
2022-03-01 12:09:04.287521 (1.0, 500000.0, 13, 10.0, 0.3, 0.291, 2.0, 3) [0.25071331565927063 0.0018460896511347793 0.006022329094456121] 2 4275.707821130753s
2022-03-01 12:09:11.328984 (1.0, 500000.0, 13, 10.0, 0.3, 0.311, 2.0, 3) [0.22024736190890132 0.0016456118252155634 0.013266522876205002] 2 4279.158830165863s
2022-03-01 12:09:53.835771 (1.0, 500000.0, 8, 10.0, 0.3, 0.298, 2.0, 3) [0.37646285299479504 0.002580388965765458 0.009961130882865554] 2 2047.928273677826s
2022-03-01 12:09:57.485337 (1.0, 500000.0, 8, 10.0, 0.3, 0.311, 2.0, 3) [0.3574489067094997 0.002785152542878912 0.01349590020302344] 2 2046.006424188614s
2022-03-01 12:16:22.873357 (1.0, 500000.0, 11, 10.0, 0.3, 0.291, 2.0, 3) [0.2920553657466215 0.0026806735975304593 0.006642715466299917] 2 2312.449001789093s
2022-03-01 12:16:23.208313 (1.0, 500000.0, 11, 10.0, 0.3, 0.296, 2.0, 3) [0.2820286913871939 0.0019455435904048722 0.008265242492079413] 2 2312.4734468460083s
2022-03-01 12:16:23.339747 (1.0, 500000.0, 11, 10.0, 0.3, 0.304, 2.0, 3) [0.27043739045292 0.002083932860014701 0.010649860264933662] 2 2317.3463768959045s
2022-03-01 12:16:52.423167 (1.0, 500000.0, 11, 10.0, 0.3, 0.301, 2.0, 3) [0.27520396716472556 0.002397077253780667 0.00959255634372734] 2 2334.0616750717163s
2022-03-01 12:18:08.421336 (1.0, 500000.0, 7, 10.0, 0.3, 0.296, 2.0, 3) [0.42540900647018925 0.0022158057631237855 0.010688524094218029] 2 2403.2444820404053s
2022-03-01 12:18:15.023702 (1.0, 500000.0, 7, 10.0, 0.3, 0.291, 2.0, 3) [0.4343154827604059 0.004278018844982183 0.009446357843237762] 2 2405.5905182361603s
2022-03-01 12:30:05.845924 (1.0, 500000.0, 8, 10.0, 0.3, 0.304, 2.0, 3) [0.3682768115022995 0.002611734058579249 0.011369347220115147] 2 5537.790099143982s
2022-03-01 12:30:39.762241 (1.0, 500000.0, 8, 10.0, 0.3, 0.318, 2.0, 3) [0.3456819162519805 0.002701757566421133 0.01625431521900834] 2 5556.424776554108s
2022-03-01 12:30:42.580212 (1.0, 500000.0, 8, 10.0, 0.3, 0.306, 2.0, 3) [0.3639466338326177 0.0028334157540842327 0.01216378436610501] 2 5557.707236766815s
2022-03-01 12:31:11.852630 (1.0, 500000.0, 8, 10.0, 0.3, 0.271, 2.0, 3) [0.41508633992934896 0.005771870985868505 0.0053729613549188615] 2 5587.622063159943s
2022-03-01 12:31:17.523709 (1.0, 500000.0, 8, 10.0, 0.3, 0.296, 2.0, 3) [0.37784645442471804 0.0025889467143465155 0.009745059025335834] 2 5594.076661348343s
2022-03-01 12:32:59.093718 (1.0, 500000.0, 11, 10.0, 0.3, 0.331, 2.0, 3) [0.23666836629208854 0.001216969312988112 0.022331142852356968] 2 5699.02096247673s
2022-03-01 12:32:59.134975 (1.0, 500000.0, 11, 10.0, 0.3, 0.298, 2.0, 3) [0.27829279113253486 0.0015187872110681685 0.008962609936664213] 2 5700.793252706528s
2022-03-01 12:38:19.014692 (1.0, 500000.0, 12, 10.0, 0.3, 0.301, 2.0, 3) [0.25525674670816634 0.0026702854630346854 0.00893534480949355] 2 2924.9156188964844s
2022-03-01 12:38:19.376621 (1.0, 500000.0, 12, 10.0, 0.3, 0.318, 2.0, 3) [0.22862630044698212 0.002448500759519484 0.01684176066590216] 2 2925.0257902145386s
2022-03-01 12:38:30.856597 (1.0, 500000.0, 12, 10.0, 0.3, 0.296, 2.0, 3) [0.2606967545274679 0.0016722661737088296 0.007829762808961431] 2 2928.8213427066803s
2022-03-01 12:38:30.960580 (1.0, 500000.0, 12, 10.0, 0.3, 0.284, 2.0, 3) [0.27733385685612544 0.0028672197291221644 0.005255111061933466] 2 2928.357882976532s
2022-03-01 12:38:41.676195 (1.0, 500000.0, 7, 10.0, 0.3, 0.331, 2.0, 3) [0.3741381120845829 0.002021694764241136 0.021831485396619162] 2 6048.940040588379s
2022-03-01 12:38:55.599823 (1.0, 500000.0, 7, 10.0, 0.3, 0.311, 2.0, 3) [0.4062233238652881 0.002878522415528674 0.013989671579423628] 2 6063.069855451584s
2022-03-01 12:39:01.536618 (1.0, 500000.0, 6, 10.0, 0.3, 0.298, 2.0, 3) [0.48915984740130014 0.00325732319221633 0.011700681543391031] 2 6068.291194677353s
2022-03-01 12:39:06.075719 (1.0, 500000.0, 7, 10.0, 0.3, 0.306, 2.0, 3) [0.41297229850351813 0.002423214284764459 0.012730674504840606] 2 6074.270393848419s
2022-03-01 12:39:21.722507 (1.0, 500000.0, 7, 10.0, 0.3, 0.284, 2.0, 3) [0.4453897205099187 0.002340330429667928 0.008093287900801969] 2 6090.721959352493s
2022-03-01 12:39:25.282173 (1.0, 500000.0, 7, 10.0, 0.3, 0.298, 2.0, 3) [0.423598315430147 0.0024543335991773535 0.01096650651427748] 2 6093.915505647659s
2022-03-01 12:39:31.657071 (1.0, 500000.0, 6, 10.0, 0.3, 0.271, 2.0, 3) [0.5307932580955553 0.0032476636695644686 0.007100627912598213] 2 6098.32221031189s
2022-03-01 12:39:37.483685 (1.0, 500000.0, 6, 10.0, 0.3, 0.301, 2.0, 3) [0.47942259962304395 0.0032767526350601837 0.013128226021019835] 2 6105.635364532471s
2022-03-01 12:40:08.731593 (1.0, 500000.0, 6, 10.0, 0.3, 0.296, 2.0, 3) [0.4920103796058835 0.0027864260278293923 0.011313223181273034] 2 6137.583624124527s
2022-03-01 12:40:26.446003 (1.0, 500000.0, 6, 10.0, 0.3, 0.284, 2.0, 3) [0.5115514259436656 0.003266028188608973 0.008954609571388638] 2 6154.66930937767s
2022-03-01 12:40:57.292411 (1.0, 500000.0, 6, 10.0, 0.3, 0.304, 2.0, 3) [0.4795218980305324 0.0037512944385078412 0.013135694592348056] 2 6184.381922006607s
2022-03-01 12:54:26.445319 (1.0, 500000.0, 12, 10.0, 0.3, 0.304, 2.0, 3) [0.24894226033986605 0.0034496082492214706 0.01036712642069584] 2 6998.66149187088s
2022-03-01 12:54:47.111404 (1.0, 500000.0, 12, 10.0, 0.3, 0.291, 2.0, 3) [0.26726507851017106 0.002525503181372154 0.006690673760862063] 2 7006.344257593155s
2022-03-01 13:09:35.658586 (1.0, 500000.0, 14, 10.0, 0.3, 0.284, 2.0, 3) [0.24363845007272758 0.0029295953249259977 0.0044441606696787395] 2 7894.606401443481s
2022-03-01 13:10:17.834314 (1.0, 500000.0, 14, 10.0, 0.3, 0.311, 2.0, 3) [0.2032931437453735 0.0024065464729692114 0.013700508139997842] 2 7936.785167694092s
2022-03-01 13:10:17.882798 (1.0, 500000.0, 14, 10.0, 0.3, 0.306, 2.0, 3) [0.21242753617439056 0.0015659427520798692 0.010635984677033777] 2 7936.827845811844s
2022-03-01 13:10:22.512068 (1.0, 500000.0, 14, 10.0, 0.3, 0.296, 2.0, 3) [0.227062484593232 0.0033562112351518893 0.007063299063376756] 2 7941.460425615311s
2022-03-01 13:12:02.042371 (1.0, 500000.0, 14, 10.0, 0.3, 0.271, 2.0, 3) [0.2653668957085702 0.003078525261296931 0.0024223498142840767] 2 8040.989337205887s
2022-03-01 13:12:09.023922 (1.0, 500000.0, 13, 10.0, 0.3, 0.298, 2.0, 3) [0.23786926612951131 0.0022175759124046118 0.00839735877245875] 2 3825.8211550712585s
2022-03-01 13:12:28.816162 (1.0, 500000.0, 13, 10.0, 0.3, 0.306, 2.0, 3) [0.22753772590946086 0.002216029040377605 0.010985495582930268] 2 3831.4681026935577s
2022-03-01 13:12:43.959139 (1.0, 500000.0, 13, 10.0, 0.3, 0.296, 2.0, 3) [0.2435783353191969 0.001924108081862882 0.007260975260580298] 2 3839.982150554657s
2022-03-01 13:13:22.844428 (1.0, 500000.0, 13, 10.0, 0.3, 0.291, 2.0, 3) [0.25007927088208487 0.0032468631236449185 0.006130460063320459] 2 3858.554657459259s
2022-03-01 13:13:35.310310 (1.0, 500000.0, 13, 10.0, 0.3, 0.311, 2.0, 3) [0.22217935844567208 0.002154194083985125 0.0126369215968993] 2 3863.9792082309723s
2022-03-01 13:19:16.172903 (1.0, 500000.0, 9, 10.0, 0.3, 0.271, 2.0, 3) [0.38021298061096515 0.0031071953926161476 0.004387542960575674] 2 8470.957231283188s
2022-03-01 13:20:08.322632 (1.0, 500000.0, 9, 10.0, 0.3, 0.306, 2.0, 3) [0.32494150651816567 0.002022263100284432 0.011824537097799369] 2 8524.49409365654s
2022-03-01 13:20:13.588226 (1.0, 500000.0, 9, 10.0, 0.3, 0.301, 2.0, 3) [0.33280304978268366 0.0024768151854675357 0.010270178022907953] 2 8529.714119434357s
2022-03-01 13:20:20.712881 (1.0, 500000.0, 9, 10.0, 0.3, 0.298, 2.0, 3) [0.3366792877673537 0.0033339390837519396 0.009576429668564923] 2 8536.764706850052s
2022-03-01 13:20:37.690740 (1.0, 500000.0, 9, 10.0, 0.3, 0.284, 2.0, 3) [0.35632849486496154 0.0032657602259982873 0.006727414722047034] 2 8566.492248535156s
2022-03-01 13:20:53.235934 (1.0, 500000.0, 9, 10.0, 0.3, 0.318, 2.0, 3) [0.30733423757959333 0.002466952707513798 0.016204271944899665] 2 8569.210716962814s
2022-03-01 13:43:25.197363 (1.0, 500000.0, 11, 10.0, 0.3, 0.331, 2.0, 3) [0.23557609602217988 0.002670397357012218 0.022866482556442223] 2 4226.101046562195s
2022-03-01 13:43:28.963789 (1.0, 500000.0, 11, 10.0, 0.3, 0.298, 2.0, 3) [0.2783724437418036 0.0028098714239616377 0.008941681604082766] 2 4229.826660394669s
2022-03-01 13:56:31.015641 (1.0, 500000.0, 8, 10.0, 0.3, 0.304, 2.0, 3) [0.36545453043176224 0.002844994705231397 0.011868575105270522] 2 5185.153786420822s
2022-03-01 13:57:33.655949 (1.0, 500000.0, 8, 10.0, 0.3, 0.318, 2.0, 3) [0.34837830741937864 0.0019234014498911898 0.015612320662097681] 2 5213.878418922424s
2022-03-01 13:57:39.453263 (1.0, 500000.0, 8, 10.0, 0.3, 0.306, 2.0, 3) [0.36116984665331153 0.003744018796172304 0.012697180277652917] 2 5216.859553337097s
2022-03-01 13:57:54.566829 (1.0, 500000.0, 8, 10.0, 0.3, 0.296, 2.0, 3) [0.37774483814479815 0.0025397002358255863 0.009758902252457045] 2 5197.0392944812775s
2022-03-01 13:58:07.912655 (1.0, 500000.0, 8, 10.0, 0.3, 0.271, 2.0, 3) [0.41558481588510493 0.003595257247657974 0.005329380541538513] 2 5216.054159164429s
2022-03-01 14:04:07.330849 (1.0, 500000.0, 10, 10.0, 0.3, 0.291, 2.0, 3) [0.31773927311907696 0.004953767491034599 0.00713077029712968] 2 11163.508199930191s
2022-03-01 14:06:27.506048 (1.0, 500000.0, 10, 10.0, 0.3, 0.301, 2.0, 3) [0.30101841253742984 0.001485905579475569 0.009939301648266292] 2 11303.67182803154s
2022-03-01 14:06:44.465768 (1.0, 500000.0, 10, 10.0, 0.3, 0.271, 2.0, 3) [0.3482202872792782 0.0028133272856962666 0.003878361518842065] 2 11319.12279844284s
2022-03-01 14:07:35.619510 (1.0, 500000.0, 10, 10.0, 0.3, 0.311, 2.0, 3) [0.2890555074918142 0.002498491685719884 0.012630789436627833] 2 11389.38715839386s
2022-03-01 14:10:54.790487 (1.0, 500000.0, 10, 10.0, 0.3, 0.296, 2.0, 3) [0.30807387144248227 0.0019344167300232977 0.008637492498587727] 2 11569.678308486938s
2022-03-01 14:11:01.373476 (1.0, 500000.0, 10, 10.0, 0.3, 0.298, 2.0, 3) [0.30844910712193685 0.002162725877621966 0.008588611830799783] 2 11575.861973285675s
2022-03-01 14:16:17.935354 (1.0, 500000.0, 7, 10.0, 0.3, 0.331, 2.0, 3) [0.37705074447918074 0.0030733921974624104 0.02097249344478374] 2 5856.253298997879s
2022-03-01 14:16:34.490389 (1.0, 500000.0, 7, 10.0, 0.3, 0.311, 2.0, 3) [0.4059497214911721 0.002375499799533635 0.01403544962660652] 2 5858.882589101791s
2022-03-01 14:16:44.614849 (1.0, 500000.0, 7, 10.0, 0.3, 0.306, 2.0, 3) [0.4144324151442544 0.003119124311492199 0.012473493364770506] 2 5858.530472755432s
2022-03-01 14:16:50.225269 (1.0, 500000.0, 7, 10.0, 0.3, 0.284, 2.0, 3) [0.44858046088964837 0.002863698246929307 0.007744536245326792] 2 5848.49590420723s
2022-03-01 14:16:57.643615 (1.0, 500000.0, 7, 10.0, 0.3, 0.298, 2.0, 3) [0.42359703186268444 0.0030757752229445025 0.010962561565836554] 2 5852.34753036499s
2022-03-01 14:18:17.765841 (1.0, 500000.0, 6, 10.0, 0.3, 0.298, 2.0, 3) [0.4881605662869212 0.0023453492542278983 0.011849762233792383] 2 5956.198465585709s
2022-03-01 14:18:50.013398 (1.0, 500000.0, 6, 10.0, 0.3, 0.271, 2.0, 3) [0.5317474675157168 0.0032378713003020482 0.007034729079892263] 2 5958.338738441467s
2022-03-01 14:19:01.813781 (1.0, 500000.0, 6, 10.0, 0.3, 0.301, 2.0, 3) [0.48579292762669246 0.0034870136624007573 0.012195391615878595] 2 5964.309926986694s
2022-03-01 14:19:38.048701 (1.0, 500000.0, 6, 10.0, 0.3, 0.304, 2.0, 3) [0.48080864226513825 0.003258457644925809 0.012934558438452894] 2 5920.749576330185s
2022-03-01 14:19:56.001847 (1.0, 500000.0, 6, 10.0, 0.3, 0.284, 2.0, 3) [0.5107270184217216 0.0034104109775522327 0.009040440880690854] 2 5969.537059545517s
2022-03-01 14:19:57.049333 (1.0, 500000.0, 6, 10.0, 0.3, 0.296, 2.0, 3) [0.48956332728703505 0.0025595706924910087 0.011642856403177384] 2 5988.304282903671s
2022-03-01 14:35:54.528993 (1.0, 500000.0, 12, 10.0, 0.3, 0.304, 2.0, 3) [0.24925043746753545 0.0013918827405036127 0.010299739437455097] 2 6088.081669807434s
2022-03-01 14:36:09.052849 (1.0, 500000.0, 12, 10.0, 0.3, 0.291, 2.0, 3) [0.2677155084125019 0.003067944428876335 0.006621478345013301] 2 6081.933715581894s
2022-03-01 14:43:00.174787 (1.0, 500000.0, 11, 10.0, 0.3, 0.311, 2.0, 3) [0.26276381671111265 0.0025606166513111503 0.012620002667441742] 2 13496.465574741364s
2022-03-01 14:54:05.201845 (1.0, 500000.0, 11, 10.0, 0.3, 0.306, 2.0, 3) [0.26736912530420076 0.0017091225799887428 0.011394327183017652] 2 14161.492148160934s
2022-03-01 14:57:35.906295 (1.0, 500000.0, 11, 10.0, 0.3, 0.284, 2.0, 3) [0.302120413519601 0.0022278878808307135 0.005320751085723772] 2 14372.221991062164s
2022-03-01 14:57:56.301899 (1.0, 500000.0, 11, 10.0, 0.3, 0.271, 2.0, 3) [0.32164258841909066 0.0022176812335016564 0.0034603233308701364] 2 14392.367912769318s
2022-03-01 15:00:14.077968 (1.0, 500000.0, 11, 10.0, 0.3, 0.318, 2.0, 3) [0.25356653758140885 0.0027668346031603478 0.015439732695704547] 2 14548.082628250122s
2022-03-01 15:21:41.287656 (1.0, 500000.0, 14, 10.0, 0.3, 0.284, 2.0, 3) [0.24415096676386033 0.0034437233859576297 0.004383107321033196] 2 7925.6269907951355s
2022-03-01 15:21:52.362023 (1.0, 500000.0, 14, 10.0, 0.3, 0.311, 2.0, 3) [0.20527831337626268 0.0019766981583908497 0.012986658963414385] 2 7894.525641202927s
2022-03-01 15:21:55.685808 (1.0, 500000.0, 14, 10.0, 0.3, 0.306, 2.0, 3) [0.21023053906435932 0.0018613824674055402 0.011299870995027095] 2 7897.79717373848s
2022-03-01 15:22:21.649376 (1.0, 500000.0, 14, 10.0, 0.3, 0.296, 2.0, 3) [0.22504385929733486 0.002918625339421477 0.007469181138306802] 2 7919.132817029953s
2022-03-01 15:25:41.079277 (1.0, 500000.0, 14, 10.0, 0.3, 0.271, 2.0, 3) [0.26289495247086064 0.00238927641135895 0.0025911957224079548] 2 8019.03257226944s
2022-03-01 15:29:34.936791 (1.0, 500000.0, 9, 10.0, 0.3, 0.301, 2.0, 3) [0.33369250664982153 0.002210192692240842 0.010113609447422576] 2 7761.336507320404s
2022-03-01 15:31:47.874475 (1.0, 500000.0, 9, 10.0, 0.3, 0.284, 2.0, 3) [0.3585674559997065 0.0022212927714281537 0.006468744945895608] 2 7870.169382572174s
2022-03-01 15:32:23.087390 (1.0, 500000.0, 9, 10.0, 0.3, 0.271, 2.0, 3) [0.37798757146776923 0.0031632197609208147 0.004557882604960367] 2 7986.911606550217s
2022-03-01 15:32:45.247594 (1.0, 500000.0, 9, 10.0, 0.3, 0.306, 2.0, 3) [0.32589012538125955 0.003292514848459794 0.011628292340850796] 2 7956.909379482269s
2022-03-01 15:32:46.299312 (1.0, 500000.0, 9, 10.0, 0.3, 0.298, 2.0, 3) [0.338931786554382 0.003387281731864831 0.009202897326111287] 2 7945.57275223732s
2022-03-01 15:33:12.565318 (1.0, 500000.0, 9, 10.0, 0.3, 0.318, 2.0, 3) [0.30774893192460057 0.002202475443860676 0.016090568544090914] 2 7939.325672149658s
2022-03-01 15:53:46.428264 (1.0, 500000.0, 12, 10.0, 0.3, 0.311, 2.0, 3) [0.24053095772662106 0.0034391799576249608 0.012698455109033764] 2 17742.84331560135s
2022-03-01 15:54:28.045076 (1.0, 500000.0, 12, 10.0, 0.3, 0.306, 2.0, 3) [0.24646289020781328 0.0016160567113175477 0.011012340853580153] 2 17784.549406051636s
2022-03-01 16:00:10.254750 (1.0, 500000.0, 12, 10.0, 0.3, 0.271, 2.0, 3) [0.2973952650616958 0.0024381307024228128 0.0032472167260827866] 2 18126.944823026657s
2022-03-01 16:00:24.437546 (1.0, 500000.0, 12, 10.0, 0.3, 0.298, 2.0, 3) [0.26004820832590597 0.0016790351957032975 0.007967080727922939] 2 18141.016772270203s
2022-03-01 16:07:21.988868 (1.0, 500000.0, 12, 10.0, 0.3, 0.331, 2.0, 3) [0.2117404087213473 0.0018601834931280892 0.025194619212375504] 2 18576.01709961891s
2022-03-01 16:52:39.046548 (1.0, 500000.0, 10, 10.0, 0.3, 0.301, 2.0, 3) [0.3019130069107145 0.00258494006793415 0.009782287755012744] 2 9971.521719694138s
2022-03-01 16:53:12.787746 (1.0, 500000.0, 10, 10.0, 0.3, 0.296, 2.0, 3) [0.3082008594491097 0.0025838177779946864 0.0086203977518352] 2 9737.991505622864s
2022-03-01 16:53:18.545332 (1.0, 500000.0, 10, 10.0, 0.3, 0.271, 2.0, 3) [0.3467278156931434 0.0023168701406435844 0.0039923334241014395] 2 9994.061793327332s
2022-03-01 16:54:02.338317 (1.0, 500000.0, 10, 10.0, 0.3, 0.291, 2.0, 3) [0.31612172186802034 0.0026635601070588836 0.007356376575771828] 2 10194.998682975769s
2022-03-01 16:54:45.970424 (1.0, 500000.0, 10, 10.0, 0.3, 0.311, 2.0, 3) [0.2889858713263634 0.0016873419158484272 0.0126486233671391] 2 10030.346252679825s
2022-03-01 16:55:08.931616 (1.0, 500000.0, 10, 10.0, 0.3, 0.298, 2.0, 3) [0.30520838796249344 0.0032819612729546297 0.009139407684047533] 2 9847.549242973328s
2022-03-01 18:10:02.090117 (1.0, 500000.0, 11, 10.0, 0.3, 0.311, 2.0, 3) [0.26435024477241487 0.001907596967682473 0.012201086769156013] 2 12421.906932353973s
2022-03-01 18:18:36.068809 (1.0, 500000.0, 11, 10.0, 0.3, 0.306, 2.0, 3) [0.2701778822663369 0.0017959076569510732 0.010720913372479466] 2 12270.84979391098s
2022-03-01 18:23:57.379186 (1.0, 500000.0, 11, 10.0, 0.3, 0.271, 2.0, 3) [0.3205276224443029 0.0035524967753126136 0.003546459229893389] 2 12361.064608335495s
2022-03-01 18:25:03.762960 (1.0, 500000.0, 11, 10.0, 0.3, 0.318, 2.0, 3) [0.25239241926457956 0.003502774774413107 0.015831068299056245] 2 12289.674317836761s
2022-03-01 18:25:30.432241 (1.0, 500000.0, 11, 10.0, 0.3, 0.284, 2.0, 3) [0.3004362666410682 0.0027819800294951774 0.005512140774563281] 2 12474.523252725601s
2022-03-01 18:48:42.423600 (1.0, 500000.0, 13, 10.0, 0.3, 0.271, 2.0, 3) [0.2799051876120875 0.002287518325378237 0.0028232520978506374] 2 28236.48351073265s
2022-03-01 18:49:30.089304 (1.0, 500000.0, 13, 10.0, 0.3, 0.304, 2.0, 3) [0.2305010644894976 0.0023999377949310663 0.010176443826240415] 2 28301.793388605118s
2022-03-01 18:50:18.622648 (1.0, 500000.0, 13, 10.0, 0.3, 0.301, 2.0, 3) [0.23320691525363302 0.0016103764735287923 0.009478521773333186] 2 28332.69756579399s
2022-03-01 18:51:15.288170 (1.0, 500000.0, 13, 10.0, 0.3, 0.284, 2.0, 3) [0.2606898707271207 0.001728634706596926 0.004648533292763268] 2 28389.611340761185s
2022-03-01 18:53:58.840468 (1.0, 500000.0, 13, 10.0, 0.3, 0.318, 2.0, 3) [0.2118605212571555 0.0022979080198983304 0.0165021955488606] 2 28552.910557746887s
2022-03-01 19:02:58.707198 (1.0, 500000.0, 13, 10.0, 0.3, 0.331, 2.0, 3) [0.1946023070821485 0.0023084078535149694 0.025735148969400497] 2 29092.985360860825s
2022-03-01 20:13:34.361624 (1.0, 500000.0, 12, 10.0, 0.3, 0.331, 2.0, 3) [0.21455400113487355 0.003098773181100639 0.02359272382963452] 2 14772.364371299744s
2022-03-01 20:14:08.740401 (1.0, 500000.0, 12, 10.0, 0.3, 0.306, 2.0, 3) [0.24668555119412477 0.0034128078016746363 0.010960837812555123] 2 15580.686830282211s
2022-03-01 20:14:58.026862 (1.0, 500000.0, 12, 10.0, 0.3, 0.298, 2.0, 3) [0.2581705713883769 0.002138252171054733 0.008319998131334617] 2 15273.583786725998s
2022-03-01 20:16:57.360096 (1.0, 500000.0, 12, 10.0, 0.3, 0.311, 2.0, 3) [0.2385042645029976 0.0021106676505826673 0.013324257414624912] 2 15790.921354532242s
2022-03-01 20:19:45.167160 (1.0, 500000.0, 12, 10.0, 0.3, 0.271, 2.0, 3) [0.30023984634215645 0.0021778345505964708 0.003036556787088172] 2 15574.904278993607s
2022-03-02 01:51:07.594320 (1.0, 500000.0, 14, 10.0, 0.3, 0.298, 2.0, 3) [0.2241497159891656 0.002924012393231437 0.007663715383975268] 2 53584.63723683357s
2022-03-02 01:56:22.315004 (1.0, 500000.0, 14, 10.0, 0.3, 0.331, 2.0, 3) [0.17990286232072233 0.0015304288868572696 0.02627942775593333] 2 53899.464322566986s
2022-03-02 01:57:43.630750 (1.0, 500000.0, 14, 10.0, 0.3, 0.304, 2.0, 3) [0.21443359179818555 0.0024451465405528543 0.01005051228405951] 2 53980.86754465103s
2022-03-02 02:01:34.946128 (1.0, 500000.0, 14, 10.0, 0.3, 0.301, 2.0, 3) [0.2180020106233526 0.002572079907064228 0.009097879541683283] 2 54212.44631743431s
2022-03-02 02:02:00.801520 (1.0, 500000.0, 13, 10.0, 0.3, 0.271, 2.0, 3) [0.2804078443667785 0.0029571403280788493 0.002786217228397106] 2 25998.360882520676s
2022-03-02 02:08:41.298716 (1.0, 500000.0, 14, 10.0, 0.3, 0.291, 2.0, 3) [0.23201074841256125 0.003206489067395124 0.006151904079023424] 2 54638.65174341202s
2022-03-02 02:11:02.848899 (1.0, 500000.0, 14, 10.0, 0.3, 0.318, 2.0, 3) [0.19581866479752497 0.0022273790677856853 0.016896597978368285] 2 54780.00822162628s
2022-03-02 02:12:16.053168 (1.0, 500000.0, 13, 10.0, 0.3, 0.304, 2.0, 3) [0.2314378672851957 0.0022592989136796544 0.009931925522720582] 2 26565.939398527145s
2022-03-02 02:14:19.574154 (1.0, 500000.0, 13, 10.0, 0.3, 0.301, 2.0, 3) [0.23391720951224312 0.0017519671226808493 0.009316237007836214] 2 26640.92933821678s
2022-03-02 02:17:18.452448 (1.0, 500000.0, 13, 10.0, 0.3, 0.284, 2.0, 3) [0.25858765980857606 0.0022892510815372765 0.004909580128346088] 2 26763.157586574554s
2022-03-02 02:18:57.174283 (1.0, 500000.0, 13, 10.0, 0.3, 0.318, 2.0, 3) [0.21102789935315927 0.0023079626258336356 0.016847539120805007] 2 26698.321127653122s
2022-03-02 02:21:00.619270 (1.0, 500000.0, 13, 10.0, 0.3, 0.331, 2.0, 3) [0.1967048473103898 0.0013510392751551127 0.024423923347550308] 2 26281.88203048706s
2022-03-02 16:44:46.494232 (1.0, 500000.0, 14, 10.0, 0.3, 0.331, 2.0, 3) [0.1775920789300086 0.002168150778652587 0.02800910126836522] 2 53304.17276787758s
2022-03-02 16:48:04.713821 (1.0, 500000.0, 14, 10.0, 0.3, 0.298, 2.0, 3) [0.22392301751793778 0.001786323507433514 0.007718974134012908] 2 53817.116649627686s
2022-03-02 16:54:55.207009 (1.0, 500000.0, 14, 10.0, 0.3, 0.301, 2.0, 3) [0.2179381630431243 0.0019231422241353575 0.009118534249353966] 2 53600.251341581345s
2022-03-02 16:58:06.079253 (1.0, 500000.0, 14, 10.0, 0.3, 0.304, 2.0, 3) [0.21399852455070817 0.0020756161847838186 0.010177187110616312] 2 54022.41570210457s
2022-03-02 16:59:14.905695 (1.0, 500000.0, 14, 10.0, 0.3, 0.291, 2.0, 3) [0.2316006228511667 0.001565359183770214 0.006219512672500105] 2 53433.597930669785s
2022-03-02 16:59:48.796841 (1.0, 500000.0, 14, 10.0, 0.3, 0.318, 2.0, 3) [0.19614095198916093 0.0016645427669304898 0.016746664446559954] 2 53325.93868136406s
2022-03-03 17:41:09.312533 (1.0, 500000.0, 6, 10.0, 0.3, 0.284, 2.0, 3) [0.5089737237548874 0.0016986980246245843 0.009229933520452495] 1 975.6449782848358s
2022-03-03 17:41:10.207032 (1.0, 500000.0, 6, 10.0, 0.3, 0.311, 2.0, 3) [0.46682883358827515 0.002420385711848863 0.015277252701092727] 1 976.504949092865s
2022-03-03 17:41:10.584840 (1.0, 500000.0, 6, 10.0, 0.3, 0.331, 2.0, 3) [0.4370004818510137 0.002276693294993394 0.021790719312865345] 1 976.9184024333954s
2022-03-03 17:41:10.686521 (1.0, 500000.0, 6, 10.0, 0.3, 0.296, 2.0, 3) [0.49001610288887437 0.0035750441148140505 0.011572943380093232] 1 976.9769396781921s
2022-03-03 17:41:18.640901 (1.0, 500000.0, 6, 10.0, 0.3, 0.298, 2.0, 3) [0.4874703582965505 0.002246041745143807 0.0119376029516418] 1 984.8527364730835s
2022-03-03 17:41:43.809616 (1.0, 500000.0, 7, 10.0, 0.3, 0.331, 2.0, 3) [0.37461334562459314 0.0028701467845652995 0.021687156236351444] 1 1006.2841203212738s
2022-03-03 17:41:48.015812 (1.0, 500000.0, 7, 10.0, 0.3, 0.298, 2.0, 3) [0.4252990143848904 0.0022370267203171445 0.01071820722115167] 1 1010.3521752357483s
2022-03-03 17:41:50.136963 (1.0, 500000.0, 7, 10.0, 0.3, 0.301, 2.0, 3) [0.42238848017440883 0.0037004898621604138 0.011158929334599266] 1 1012.6210708618164s
2022-03-03 17:41:50.526222 (1.0, 500000.0, 7, 10.0, 0.3, 0.271, 2.0, 3) [0.46552969519982207 0.0033039724708588633 0.0061009170364338845] 1 1013.0059497356415s
2022-03-03 17:43:10.260685 (1.0, 500000.0, 7, 10.0, 0.3, 0.311, 2.0, 3) [0.40261972991352457 0.005984407619749294 0.014682981806517482] 1 1092.7487301826477s
2022-03-03 17:44:14.525419 (1.0, 500000.0, 8, 10.0, 0.3, 0.301, 2.0, 3) [0.3722815403765727 0.002869139886694714 0.010656480448975313] 1 1156.7491755485535s
2022-03-03 17:44:16.242605 (1.0, 500000.0, 8, 10.0, 0.3, 0.304, 2.0, 3) [0.36566077173384254 0.002504521303730431 0.011825209658651737] 1 1158.7357621192932s
2022-03-03 17:44:16.306103 (1.0, 500000.0, 8, 10.0, 0.3, 0.298, 2.0, 3) [0.3763529588457448 0.0026931641325909136 0.009984898116891374] 1 1158.5382375717163s
2022-03-03 17:44:16.677981 (1.0, 500000.0, 8, 10.0, 0.3, 0.331, 2.0, 3) [0.327562066139458 0.0026066630609866037 0.021703395865169024] 1 1159.0135514736176s
2022-03-03 17:44:25.050646 (1.0, 500000.0, 8, 10.0, 0.3, 0.271, 2.0, 3) [0.41756402315638486 0.002416006022037656 0.005166724779991785] 1 1167.5321731567383s
2022-03-03 17:47:28.591400 (1.0, 500000.0, 9, 10.0, 0.3, 0.311, 2.0, 3) [0.31815621317282666 0.002343726543081377 0.013359088590630312] 1 1351.047322511673s
2022-03-03 17:47:34.795395 (1.0, 500000.0, 9, 10.0, 0.3, 0.291, 2.0, 3) [0.3485156708698478 0.0021190050731533143 0.0077531110743617555] 1 1357.2902221679688s
2022-03-03 17:47:35.935491 (1.0, 500000.0, 9, 10.0, 0.3, 0.306, 2.0, 3) [0.3237447828001937 0.002033818045174733 0.0120771234283035] 1 1358.1618466377258s
2022-03-03 17:52:41.775887 (1.0, 500000.0, 10, 10.0, 0.3, 0.318, 2.0, 3) [0.27616412746173846 0.0027118045752626344 0.016302632161670536] 1 1664.2093517780304s
2022-03-03 17:52:51.234564 (1.0, 500000.0, 10, 10.0, 0.3, 0.306, 2.0, 3) [0.29362893612988833 0.003392751014395849 0.011528400082251665] 1 1673.591425895691s
2022-03-03 17:52:53.674158 (1.0, 500000.0, 10, 10.0, 0.3, 0.311, 2.0, 3) [0.28687063079549524 0.0027033582307034233 0.013195281733976973] 1 1676.0054845809937s
2022-03-03 18:00:22.151885 (1.0, 500000.0, 11, 10.0, 0.3, 0.291, 2.0, 3) [0.2903982619882507 0.0022087553003107157 0.0068829187329824595] 1 2124.644056558609s
2022-03-03 18:00:22.457728 (1.0, 500000.0, 11, 10.0, 0.3, 0.301, 2.0, 3) [0.2753816038126726 0.0014278296402505828 0.009553385427666577] 1 2124.802187681198s
2022-03-03 18:00:26.821459 (1.0, 500000.0, 11, 10.0, 0.3, 0.311, 2.0, 3) [0.26204949609790806 0.001620724716297977 0.012815971162685355] 1 2129.1820085048676s
2022-03-03 18:00:26.988589 (1.0, 500000.0, 11, 10.0, 0.3, 0.296, 2.0, 3) [0.28113897410843974 0.002442145830491576 0.00842249885860989] 1 2129.240219593048s
2022-03-03 18:00:35.530087 (1.0, 500000.0, 11, 10.0, 0.3, 0.318, 2.0, 3) [0.25199650497953463 0.0015076798432825513 0.015967957848348684] 1 2138.033171892166s
2022-03-03 18:09:02.969713 (1.0, 500000.0, 9, 10.0, 0.3, 0.284, 2.0, 3) [0.35841744863025177 0.0021929607521027857 0.0064841473331722025] 1 2644.698142528534s
2022-03-03 18:09:05.968195 (1.0, 500000.0, 9, 10.0, 0.3, 0.301, 2.0, 3) [0.3328886713487855 0.0023369316355303397 0.010246133936702772] 1 2647.8479347229004s
2022-03-03 18:10:32.846217 (1.0, 500000.0, 9, 10.0, 0.3, 0.318, 2.0, 3) [0.3100072060666977 0.004880972912122623 0.01547626319580926] 1 2735.135885477066s
2022-03-03 18:10:34.672359 (1.0, 500000.0, 9, 10.0, 0.3, 0.298, 2.0, 3) [0.3373275992391098 0.0020393724352687115 0.009463804153304873] 1 2736.7656688690186s
2022-03-03 18:13:49.538451 (1.0, 500000.0, 12, 10.0, 0.3, 0.291, 2.0, 3) [0.2676917323532648 0.0012925854759381903 0.006621788778056889] 1 2931.78076505661s
2022-03-03 18:13:49.955846 (1.0, 500000.0, 12, 10.0, 0.3, 0.306, 2.0, 3) [0.24535519678028397 0.002780236468637936 0.011300258250010785] 1 2932.428986787796s
2022-03-03 18:13:51.733203 (1.0, 500000.0, 12, 10.0, 0.3, 0.271, 2.0, 3) [0.29876544038228914 0.001960635023080237 0.0031454572405446176] 1 2933.9878962039948s
2022-03-03 18:13:54.407342 (1.0, 500000.0, 12, 10.0, 0.3, 0.284, 2.0, 3) [0.2788966532360316 0.0029750485372686732 0.005063385627377152] 1 2936.851152896881s
2022-03-03 18:14:43.908036 (1.0, 500000.0, 12, 10.0, 0.3, 0.311, 2.0, 3) [0.24026969171556575 0.00254032087018766 0.012778768960519356] 1 2986.3545904159546s
2022-03-03 18:19:11.115387 (1.0, 500000.0, 10, 10.0, 0.3, 0.304, 2.0, 3) [0.29853998918145047 0.002911807785082512 0.010454543938413684] 1 3253.1171827316284s
2022-03-03 18:19:14.707276 (1.0, 500000.0, 10, 10.0, 0.3, 0.271, 2.0, 3) [0.3494143703250148 0.0036929153343143914 0.0037869763227837824] 1 3257.114827632904s
2022-03-03 18:19:56.167823 (1.0, 500000.0, 10, 10.0, 0.3, 0.301, 2.0, 3) [0.30288300385830635 0.002234560668807717 0.009596526495924532] 1 3298.454134464264s
2022-03-03 18:19:58.634856 (1.0, 500000.0, 10, 10.0, 0.3, 0.298, 2.0, 3) [0.304566183565139 0.002204158661889602 0.009256778330500193] 1 3300.7567989826202s
2022-03-03 18:31:50.901138 (1.0, 500000.0, 13, 10.0, 0.3, 0.311, 2.0, 3) [0.2204497625441521 0.0024383326636711103 0.013200009302781387] 1 4013.32098531723s
2022-03-03 18:31:57.509930 (1.0, 500000.0, 13, 10.0, 0.3, 0.318, 2.0, 3) [0.2120770432371981 0.0021469425502830134 0.016399827490850054] 1 4019.983222961426s
2022-03-03 18:31:57.509664 (1.0, 500000.0, 13, 10.0, 0.3, 0.331, 2.0, 3) [0.19409970726572312 0.0020206483253116074 0.026076418726697567] 1 4019.938866376877s
2022-03-03 18:50:38.644496 (1.0, 500000.0, 9, 10.0, 0.3, 0.331, 2.0, 3) [0.29078910321601287 0.00326875960191038 0.02178042044915245] 1 5140.385029792786s
2022-03-03 18:51:27.412368 (1.0, 500000.0, 9, 10.0, 0.3, 0.271, 2.0, 3) [0.38070885437739077 0.0028381188594112025 0.004344481557121019] 1 5189.255459308624s
2022-03-03 18:51:35.798868 (1.0, 500000.0, 9, 10.0, 0.3, 0.304, 2.0, 3) [0.3287067138842312 0.00242676715697049 0.01105132037949999] 1 5198.1033618450165s
2022-03-03 18:51:45.760376 (1.0, 500000.0, 9, 10.0, 0.3, 0.296, 2.0, 3) [0.3399579325225804 0.0022718716138004505 0.009024552693296587] 1 5207.766189336777s
2022-03-03 18:52:54.362135 (1.0, 500000.0, 14, 10.0, 0.3, 0.271, 2.0, 3) [0.26427877938892813 0.0016552588793365566 0.0024959562018699523] 1 5276.481850147247s
2022-03-03 18:52:58.633334 (1.0, 500000.0, 14, 10.0, 0.3, 0.318, 2.0, 3) [0.19568700760785945 0.0021789835672238115 0.01694215348174452] 1 5280.770210027695s
2022-03-03 18:53:09.081945 (1.0, 500000.0, 14, 10.0, 0.3, 0.284, 2.0, 3) [0.2415100166720977 0.002399988100098808 0.004711146904961136] 1 5291.506947994232s
2022-03-03 18:55:33.729199 (1.0, 500000.0, 7, 10.0, 0.3, 0.291, 2.0, 3) [0.43566312217435255 0.0032647920755393455 0.009285402495826134] 1 5435.54926776886s
2022-03-03 18:55:35.822517 (1.0, 500000.0, 7, 10.0, 0.3, 0.318, 2.0, 3) [0.3956382239064239 0.002400449480273515 0.01619938530596029] 1 5436.84935593605s
2022-03-03 18:55:37.822800 (1.0, 500000.0, 7, 10.0, 0.3, 0.304, 2.0, 3) [0.41604501352318934 0.0034825359884043793 0.012200375514966715] 1 5439.343629837036s
2022-03-03 18:55:38.229612 (1.0, 500000.0, 7, 10.0, 0.3, 0.296, 2.0, 3) [0.4286372024373623 0.00227159806848725 0.010233666645592006] 1 5439.756633043289s
2022-03-03 18:55:41.539653 (1.0, 500000.0, 7, 10.0, 0.3, 0.306, 2.0, 3) [0.41387016306207647 0.0037773570216492014 0.012565093625796268] 1 5442.9953689575195s
2022-03-03 18:55:41.539653 (1.0, 500000.0, 7, 10.0, 0.3, 0.284, 2.0, 3) [0.44527509781198477 0.004649856138107192 0.008100096184083928] 1 5443.127083778381s
2022-03-03 19:06:14.054991 (1.0, 500000.0, 6, 10.0, 0.3, 0.271, 2.0, 3) [0.528647857003753 0.003149699252072994 0.007285888228870884] 1 6079.436577320099s
2022-03-03 19:06:28.404256 (1.0, 500000.0, 6, 10.0, 0.3, 0.318, 2.0, 3) [0.45668456929431683 0.0022475088455207117 0.01724121841994661] 1 6094.015407323837s
2022-03-03 19:06:49.421284 (1.0, 500000.0, 6, 10.0, 0.3, 0.304, 2.0, 3) [0.47762013371750606 0.0028649496306962685 0.013426863263304034] 1 6115.197693109512s
2022-03-03 19:06:50.679449 (1.0, 500000.0, 6, 10.0, 0.3, 0.291, 2.0, 3) [0.4983862366385489 0.005024461426467975 0.010472808960820668] 1 6116.333555936813s
2022-03-03 19:07:01.106057 (1.0, 500000.0, 6, 10.0, 0.3, 0.306, 2.0, 3) [0.4754340276961011 0.002655481343309198 0.013780635153406655] 1 6127.110992193222s
2022-03-03 19:07:08.488775 (1.0, 500000.0, 6, 10.0, 0.3, 0.301, 2.0, 3) [0.4824429886221855 0.00383117794076542 0.012666121007339184] 1 6134.6748921871185s
2022-03-03 19:08:36.576055 (1.0, 500000.0, 8, 10.0, 0.3, 0.296, 2.0, 3) [0.3780326558429413 0.002042736128410663 0.00972016535764502] 1 6217.23898768425s
2022-03-03 19:08:54.128532 (1.0, 500000.0, 8, 10.0, 0.3, 0.284, 2.0, 3) [0.39566135718507023 0.0020042828173442453 0.007333700914031041] 1 6235.366422176361s
2022-03-03 19:08:56.446035 (1.0, 500000.0, 8, 10.0, 0.3, 0.306, 2.0, 3) [0.36369564323301085 0.002454635749536624 0.01221306626088878] 1 6237.840679168701s
2022-03-03 19:08:57.369460 (1.0, 500000.0, 8, 10.0, 0.3, 0.291, 2.0, 3) [0.38696118654313255 0.003303091159007625 0.0084379392269449] 1 6238.704076051712s
2022-03-03 19:08:58.226016 (1.0, 500000.0, 8, 10.0, 0.3, 0.311, 2.0, 3) [0.35715900368457876 0.0031697074641706367 0.013563354220347192] 1 6240.2609276771545s
2022-03-03 19:09:51.170460 (1.0, 500000.0, 8, 10.0, 0.3, 0.318, 2.0, 3) [0.34652496351597367 0.0021378146003283014 0.016075008276704935] 1 6292.9066298007965s
2022-03-03 19:13:11.273817 (1.0, 500000.0, 10, 10.0, 0.3, 0.291, 2.0, 3) [0.3148078692240547 0.0018874939055968183 0.00754609681340698] 1 6493.37277173996s
2022-03-03 19:14:02.300866 (1.0, 500000.0, 10, 10.0, 0.3, 0.296, 2.0, 3) [0.309978624968081 0.001709873101529167 0.008329371227197393] 1 6544.019166707993s
2022-03-03 19:15:02.177124 (1.0, 500000.0, 10, 10.0, 0.3, 0.284, 2.0, 3) [0.32755053635164366 0.00237248366517552 0.005858603488336287] 1 6604.096041202545s
2022-03-03 19:15:26.925404 (1.0, 500000.0, 10, 10.0, 0.3, 0.331, 2.0, 3) [0.2617403674954058 0.0030580037055521767 0.021777985760686996] 1 6628.942538738251s
2022-03-03 20:06:42.619617 (1.0, 500000.0, 13, 10.0, 0.3, 0.296, 2.0, 3) [0.24328646321943626 0.002030152873792825 0.007308211451389744] 1 9704.848784446716s
2022-03-03 20:06:43.486334 (1.0, 500000.0, 13, 10.0, 0.3, 0.301, 2.0, 3) [0.23439620802382172 0.002561425052151935 0.009201390568453217] 1 9705.861666679382s
2022-03-03 20:08:09.159731 (1.0, 500000.0, 13, 10.0, 0.3, 0.298, 2.0, 3) [0.24111705302335196 0.0025952990900929614 0.007743138419862257] 1 9791.43654537201s
2022-03-03 20:08:15.750979 (1.0, 500000.0, 13, 10.0, 0.3, 0.271, 2.0, 3) [0.27955863852774404 0.0027143886523977325 0.0028487238044200246] 1 9798.078761577606s
2022-03-03 20:45:13.704531 (1.0, 500000.0, 14, 10.0, 0.3, 0.298, 2.0, 3) [0.22508811069835905 0.002141405556815701 0.007476983574024065] 1 12015.44698023796s
2022-03-03 20:45:15.597652 (1.0, 500000.0, 14, 10.0, 0.3, 0.331, 2.0, 3) [0.17874810793109183 0.0025271618187250834 0.027109660456292237] 1 12017.553932905197s
2022-03-03 20:51:16.886215 (1.0, 500000.0, 14, 10.0, 0.3, 0.301, 2.0, 3) [0.21837029099184765 0.0022009648061340117 0.009009443502818806] 1 12378.625577926636s
2022-03-03 20:51:21.160266 (1.0, 500000.0, 14, 10.0, 0.3, 0.311, 2.0, 3) [0.2040991549164851 0.0019152065441433459 0.013406432456822654] 1 12383.084042549133s
2022-03-03 21:42:48.768367 (1.0, 500000.0, 11, 10.0, 0.3, 0.271, 2.0, 3) [0.3219869678829553 0.0024876873075226034 0.003434916322458604] 1 15469.867599725723s
2022-03-03 21:44:12.386238 (1.0, 500000.0, 11, 10.0, 0.3, 0.306, 2.0, 3) [0.26972882812354687 0.0027998269233957995 0.01083467919439001] 1 15553.537137269974s
2022-03-03 21:47:21.624500 (1.0, 500000.0, 11, 10.0, 0.3, 0.304, 2.0, 3) [0.2739082759032303 0.0027488921114332938 0.009882750928662759] 1 15742.971409320831s
2022-03-03 21:50:53.761306 (1.0, 500000.0, 11, 10.0, 0.3, 0.284, 2.0, 3) [0.3004782969765178 0.0014447170320573406 0.005513478163328684] 1 15955.939000368118s
2022-03-03 21:52:30.927195 (1.0, 500000.0, 11, 10.0, 0.3, 0.331, 2.0, 3) [0.2366958662317893 0.002508969634779622 0.022311933865929764] 1 16052.396623373032s
2022-03-03 21:53:33.866500 (1.0, 500000.0, 11, 10.0, 0.3, 0.298, 2.0, 3) [0.28056924542743816 0.002187140466651037 0.00853641770942958] 1 16115.46555519104s
2022-03-03 22:24:13.790071 (1.0, 500000.0, 13, 10.0, 0.3, 0.304, 2.0, 3) [0.23115973953741437 0.0023723608890104902 0.010005351230079744] 1 17955.37394118309s
2022-03-03 22:26:43.333963 (1.0, 500000.0, 13, 10.0, 0.3, 0.306, 2.0, 3) [0.22944702736396222 0.001976043960763551 0.010470689259730178] 1 18105.53755903244s
2022-03-03 22:32:19.668449 (1.0, 500000.0, 13, 10.0, 0.3, 0.284, 2.0, 3) [0.2593607949622795 0.003169470041712907 0.004813162702198919] 1 18441.556109905243s
2022-03-03 22:34:19.375364 (1.0, 500000.0, 13, 10.0, 0.3, 0.291, 2.0, 3) [0.2509984250560081 0.0025053655933343984 0.005986440524661468] 1 18561.40566134453s
2022-03-03 22:57:32.847331 (1.0, 500000.0, 12, 10.0, 0.3, 0.296, 2.0, 3) [0.260048306355679 0.0020460668331747037 0.007949630626062128] 1 19953.962702274323s
2022-03-03 22:57:39.927720 (1.0, 500000.0, 12, 10.0, 0.3, 0.318, 2.0, 3) [0.23238590855881922 0.0024469414963907837 0.015438605398588432] 1 19961.20051264763s
2022-03-03 23:05:58.079083 (1.0, 500000.0, 12, 10.0, 0.3, 0.304, 2.0, 3) [0.2505784729039781 0.002901503064919782 0.009990403349283451] 1 20458.9748814106s
2022-03-03 23:08:29.742820 (1.0, 500000.0, 12, 10.0, 0.3, 0.331, 2.0, 3) [0.21481966347697623 0.0021985482202161433 0.02345556898558896] 1 20610.815618038177s
2022-03-03 23:12:16.204203 (1.0, 500000.0, 12, 10.0, 0.3, 0.298, 2.0, 3) [0.2563966471687732 0.0022026522277814 0.008677620062195766] 1 20838.445734739304s
2022-03-03 23:14:05.015175 (1.0, 500000.0, 12, 10.0, 0.3, 0.301, 2.0, 3) [0.2567366719575788 0.0031787979744333766 0.008633701098153935] 1 20946.49901151657s
2022-03-03 23:38:43.407423 (1.0, 500000.0, 14, 10.0, 0.3, 0.296, 2.0, 3) [0.22627693886314074 0.0016590816078990312 0.007223907144194219] 1 22425.062109947205s
2022-03-03 23:38:50.234768 (1.0, 500000.0, 14, 10.0, 0.3, 0.306, 2.0, 3) [0.209924099561849 0.0019906158850158855 0.011378987539037693] 1 22432.127945184708s
2022-03-03 23:39:24.347347 (1.0, 500000.0, 14, 10.0, 0.3, 0.291, 2.0, 3) [0.23288994979246283 0.0023932047955187506 0.006001665254075509] 1 22466.179379940033s
2022-03-03 23:39:30.280022 (1.0, 500000.0, 14, 10.0, 0.3, 0.304, 2.0, 3) [0.2153457379560615 0.002556001675834197 0.009807649313240643] 1 22472.180607557297s
2022-03-05 16:34:17.751385 (1.0, 500000.0, 15, 10.0, 0.3, 0.298, 2.0, 3) [0.20871527378515914 0.0016167178979231804 0.0077780628258415346] 1 11182.186665058136s
2022-03-05 16:34:25.478441 (1.0, 500000.0, 15, 10.0, 0.3, 0.271, 2.0, 3) [0.24805637381329376 0.0010182924570022627 0.0023871944115765853] 1 11189.8851583004s
2022-03-05 16:35:09.441040 (1.0, 500000.0, 15, 10.0, 0.3, 0.284, 2.0, 3) [0.2283310635802541 0.0023684230239952534 0.004315046855542182] 1 11233.807987451553s
2022-03-05 17:47:45.990460 (1.0, 500000.0, 16, 10.0, 0.3, 0.306, 2.0, 3) [0.18536517592707769 0.0016293732356099588 0.01079316928965377] 1 15590.358828306198s
2022-03-05 17:51:46.046326 (1.0, 500000.0, 16, 10.0, 0.3, 0.304, 2.0, 3) [0.18833683170094176 0.001513279663037049 0.009811462534417803] 1 15830.401822328568s
2022-03-05 17:53:06.486660 (1.0, 500000.0, 16, 10.0, 0.3, 0.284, 2.0, 3) [0.21561725137423507 0.001302759333388667 0.004102915568308304] 1 15910.79626917839s
2022-03-05 19:19:23.478502 (1.0, 500000.0, 17, 10.0, 0.3, 0.271, 2.0, 3) [0.22399355278244876 0.0024293181160664878 0.0020039363438509954] 1 21087.612045288086s
2022-03-05 20:26:51.452179 (1.0, 500000.0, 15, 10.0, 0.3, 0.296, 2.0, 3) [0.20945929177907593 0.0026916799890594405 0.007590440977269621] 1 25135.63536453247s
2022-03-05 20:26:59.680336 (1.0, 500000.0, 15, 10.0, 0.3, 0.318, 2.0, 3) [0.18055813334190654 0.0014352366317516344 0.018021456664854166] 1 25143.994123458862s
2022-03-05 20:29:30.432721 (1.0, 500000.0, 15, 10.0, 0.3, 0.331, 2.0, 3) [0.1648613948145535 0.0012461991512511244 0.028727081961861665] 1 25294.59534215927s
2022-03-05 20:30:21.695752 (1.0, 500000.0, 15, 10.0, 0.3, 0.301, 2.0, 3) [0.20508396104280147 0.0020404818875838877 0.008664728886820653] 1 25345.98042201996s
2022-03-05 21:31:55.378231 (1.0, 500000.0, 18, 10.0, 0.3, 0.301, 2.0, 3) [0.1694953653474094 0.002395393825925962 0.00907925388034216] 1 29039.470987796783s
2022-03-05 21:32:13.865981 (1.0, 500000.0, 18, 10.0, 0.3, 0.291, 2.0, 3) [0.18300168631968125 0.00399622579097804 0.005590095981941922] 1 29057.945112466812s
2022-03-05 21:33:25.360637 (1.0, 500000.0, 18, 10.0, 0.3, 0.331, 2.0, 3) [0.1345559612759155 0.0023709359219989635 0.0317670309547975] 1 29129.44117283821s
2022-03-05 21:34:11.593911 (1.0, 500000.0, 18, 10.0, 0.3, 0.311, 2.0, 3) [0.15727512087424156 0.0011247937539074632 0.014092558446651936] 1 29175.61881017685s
2022-03-05 21:36:17.276957 (1.0, 500000.0, 18, 10.0, 0.3, 0.296, 2.0, 3) [0.17527094889987674 0.0018183934594608476 0.007378938282858842] 1 29301.33508849144s
2022-03-05 22:56:08.946359 (1.0, 500000.0, 16, 10.0, 0.3, 0.331, 2.0, 3) [0.15419576437369845 0.002174112323756635 0.02906592633070893] 1 34093.064145326614s
2022-03-05 22:56:19.935924 (1.0, 500000.0, 16, 10.0, 0.3, 0.271, 2.0, 3) [0.23677453661190065 0.001481668057827845 0.0020880979532788375] 1 34104.258325099945s
2022-03-06 00:15:01.999458 (1.0, 500000.0, 19, 10.0, 0.3, 0.311, 2.0, 3) [0.14993647066519505 0.0016407516718381138 0.013607611830867394] 1 38770.51030921936s
2022-03-06 00:18:54.390671 (1.0, 500000.0, 19, 10.0, 0.3, 0.291, 2.0, 3) [0.17478288126777586 0.0021684494822628523 0.005298500128620209] 1 39002.953644275665s
2022-03-06 00:19:18.258672 (1.0, 500000.0, 19, 10.0, 0.3, 0.301, 2.0, 3) [0.16007482644189847 0.001975250633781937 0.009247907843118915] 1 39026.45197725296s
2022-03-06 00:20:46.636631 (1.0, 500000.0, 19, 10.0, 0.3, 0.296, 2.0, 3) [0.1673728347433777 0.0024228766916069545 0.007013719940292281] 1 39114.35280108452s
2022-03-06 00:21:11.728608 (1.0, 500000.0, 19, 10.0, 0.3, 0.284, 2.0, 3) [0.1845353439771094 0.0020501962626960166 0.0036586756893522256] 1 39139.604892253876s
2022-03-06 02:16:32.255849 (1.0, 500000.0, 17, 10.0, 0.3, 0.318, 2.0, 3) [0.1591139642419468 0.0021560545098093763 0.018108029222993212] 1 46116.1120967865s
2022-03-06 02:17:27.453276 (1.0, 500000.0, 17, 10.0, 0.3, 0.301, 2.0, 3) [0.17798712724874105 0.003558462203621855 0.009548659634512027] 1 46171.479110240936s
2022-03-06 02:18:04.934800 (1.0, 500000.0, 17, 10.0, 0.3, 0.311, 2.0, 3) [0.16830749149783863 0.0021434037888726663 0.013277868840337487] 1 46208.75442862511s
2022-03-06 02:18:08.849263 (1.0, 500000.0, 17, 10.0, 0.3, 0.331, 2.0, 3) [0.14283156387989068 0.0018913314095854166 0.03136857472093416] 1 46212.85400080681s
2022-03-06 02:21:13.103094 (1.0, 500000.0, 17, 10.0, 0.3, 0.291, 2.0, 3) [0.19280882399692165 0.0014464906924002284 0.00577808118180497] 1 46396.96300292015s
2022-03-06 02:21:33.172481 (1.0, 500000.0, 17, 10.0, 0.3, 0.304, 2.0, 3) [0.17501414654817668 0.0016900216823556098 0.010573858266057385] 1 46417.18786239624s
2022-03-06 02:27:01.401611 (1.0, 500000.0, 17, 10.0, 0.3, 0.284, 2.0, 3) [0.20392545209228957 0.0016686034899768634 0.003962836546120753] 1 46745.21686029434s
2022-03-06 02:28:32.766678 (1.0, 500000.0, 17, 10.0, 0.3, 0.296, 2.0, 3) [0.18760095941439173 0.0018928051660535834 0.006901377067681313] 1 46836.784118652344s
2022-03-06 02:30:09.382043 (1.0, 500000.0, 17, 10.0, 0.3, 0.298, 2.0, 3) [0.1848700974907215 0.002032457656945536 0.007570196562670564] 1 46933.22165060043s
2022-03-06 02:34:21.938737 (1.0, 500000.0, 17, 10.0, 0.3, 0.306, 2.0, 3) [0.17321419163916343 0.0014456888255299039 0.011241212152607368] 1 47185.90571784973s
2022-03-06 03:03:24.554624 (1.0, 500000.0, 15, 10.0, 0.3, 0.304, 2.0, 3) [0.2021612963736236 0.0013779169968816901 0.009464535638060746] 1 48928.434081077576s
2022-03-06 03:04:21.790852 (1.0, 500000.0, 15, 10.0, 0.3, 0.311, 2.0, 3) [0.1900616475205893 0.0014856293166462112 0.013567883373967471] 1 48985.85090637207s
2022-03-06 03:08:53.226326 (1.0, 500000.0, 15, 10.0, 0.3, 0.291, 2.0, 3) [0.2184447362360495 0.0017040314503754658 0.00580656491386016] 1 49257.36344766617s
2022-03-06 03:09:31.284979 (1.0, 500000.0, 15, 10.0, 0.3, 0.306, 2.0, 3) [0.19598672430530928 0.001795200006302941 0.011358031583557153] 1 49295.57534861565s
2022-03-06 03:36:33.726912 (1.0, 500000.0, 16, 10.0, 0.3, 0.296, 2.0, 3) [0.19761536918018457 0.0034140615682078583 0.007286160992091905] 1 50917.72034192085s
2022-03-06 03:36:58.631044 (1.0, 500000.0, 16, 10.0, 0.3, 0.301, 2.0, 3) [0.19306261250145926 0.0009723212720947739 0.008438742106368037] 1 50942.754375457764s
2022-03-06 03:38:44.075597 (1.0, 500000.0, 16, 10.0, 0.3, 0.298, 2.0, 3) [0.19454594771040232 0.002463439992999623 0.008040236254838332] 1 51048.16968226433s
2022-03-06 03:39:27.107523 (1.0, 500000.0, 16, 10.0, 0.3, 0.291, 2.0, 3) [0.20414976774138976 0.002103021549684688 0.005918195644230216] 1 51091.23658967018s
2022-03-06 03:41:14.677409 (1.0, 500000.0, 16, 10.0, 0.3, 0.311, 2.0, 3) [0.17800848274625428 0.0021059509685199857 0.01363369666218504] 1 51198.986094236374s
2022-03-06 03:43:17.151269 (1.0, 500000.0, 16, 10.0, 0.3, 0.318, 2.0, 3) [0.16755985057003636 0.002497364121670273 0.018988085190573857] 1 51321.44581770897s
2022-03-06 04:56:43.977829 (1.0, 500000.0, 20, 10.0, 0.3, 0.298, 2.0, 3) [0.1555545630621944 0.0019822445492685297 0.008045121164850854] 1 50741.517798662186s
2022-03-06 05:02:50.585361 (1.0, 500000.0, 20, 10.0, 0.3, 0.291, 2.0, 3) [0.16573949252901224 0.002383053480957484 0.005354952944505116] 1 51108.03634047508s
2022-03-06 05:03:22.666331 (1.0, 500000.0, 20, 10.0, 0.3, 0.318, 2.0, 3) [0.13065249487405828 0.001984529852802259 0.021686904564609845] 1 51140.1298930645s
2022-03-06 05:05:16.118769 (1.0, 500000.0, 20, 10.0, 0.3, 0.296, 2.0, 3) [0.15989802862744742 0.0033986056949793847 0.006766011516300058] 1 51253.523862838745s
2022-03-06 05:13:58.021202 (1.0, 500000.0, 20, 10.0, 0.3, 0.271, 2.0, 3) [0.19375370224642924 0.002899298420354992 0.0017489575058321194] 1 51775.387031793594s
2022-03-06 10:19:39.902931 (1.0, 500000.0, 21, 10.0, 0.3, 0.284, 2.0, 3) [0.16869780019987046 0.0015990807662890805 0.0033972207628372632] 1 67434.76704668999s
2022-03-06 10:19:40.586918 (1.0, 500000.0, 21, 10.0, 0.3, 0.291, 2.0, 3) [0.1589975001414192 0.0016814197636343627 0.005104934199994004] 1 67435.38940477371s
2022-03-06 10:22:37.337166 (1.0, 500000.0, 21, 10.0, 0.3, 0.311, 2.0, 3) [0.1325379999610768 0.0015002184381974829 0.015457547587294536] 1 67612.11240625381s
2022-03-06 10:32:22.917823 (1.0, 500000.0, 21, 10.0, 0.3, 0.301, 2.0, 3) [0.1446116181231525 0.002002087452838119 0.00932815857802067] 1 68197.6568107605s
2022-03-06 10:35:02.320349 (1.0, 500000.0, 21, 10.0, 0.3, 0.306, 2.0, 3) [0.13890834596924642 0.0021879932471801085 0.011842921889528962] 1 68357.08159041405s
2022-03-06 15:52:18.313423 (1.0, 500000.0, 22, 10.0, 0.3, 0.301, 2.0, 3) [0.13867449532359102 0.0017830079321764995 0.009072826076784017] 1 86685.40085577965s
2022-03-06 16:08:02.273406 (1.0, 500000.0, 22, 10.0, 0.3, 0.306, 2.0, 3) [0.13140208523058894 0.0021093281130076568 0.0124698175488391] 1 87629.3065071106s
2022-03-06 16:11:34.191864 (1.0, 500000.0, 22, 10.0, 0.3, 0.271, 2.0, 3) [0.18263464979727037 0.0024377437795992667 0.0013140603106824012] 1 87841.16360902786s
2022-03-06 16:20:27.384399 (1.0, 500000.0, 22, 10.0, 0.3, 0.331, 2.0, 3) [0.10305736732342441 0.0013858101428198537 0.042923353017188824] 1 88374.34893608093s
2022-03-06 16:39:58.617704 (1.0, 500000.0, 22, 10.0, 0.3, 0.304, 2.0, 3) [0.13300160574715536 0.0015447107594633552 0.01160930791697328] 1 89545.53886842728s
2022-03-07 15:46:29.256245 (1.0, 500000.0, 18, 10.0, 0.3, 0.271, 2.0, 3) [0.21505913025053752 0.0014426375912867282 0.0017667000707083946] 1 181112.4119539261s
2022-03-07 16:07:56.510050 (1.0, 500000.0, 18, 10.0, 0.3, 0.306, 2.0, 3) [0.1639643271384515 0.0016142818498785993 0.011087981182917976] 1 182399.94176530838s
2022-03-07 16:13:39.613769 (1.0, 500000.0, 18, 10.0, 0.3, 0.284, 2.0, 3) [0.19514311101047543 0.001967892678534099 0.003617561069301917] 1 182743.1923160553s
2022-03-07 16:17:29.725596 (1.0, 500000.0, 18, 10.0, 0.3, 0.304, 2.0, 3) [0.1652800504429088 0.001985682035708773 0.010565264388901482] 1 182973.4609799385s
2022-03-07 16:37:47.853623 (1.0, 500000.0, 18, 10.0, 0.3, 0.318, 2.0, 3) [0.14656142831092256 0.0013280301664997762 0.02065151352049624] 1 184191.6271648407s
2022-03-07 16:39:58.991840 (1.0, 500000.0, 18, 10.0, 0.3, 0.298, 2.0, 3) [0.1756402615048613 0.001596192836468885 0.007297343611271447] 1 184322.97649645805s
