2021-12-21 05:30:17.536714 (1.0, 1200000.0, 8, 16.0, 0.3, 0.8, 6.0, 3) [0.3657057149838441 0.0029091753797312594 0.0119392207032084] 1
2021-12-21 05:30:28.859671 (1.0, 1200000.0, 8, 16.0, 0.3, 0.92, 6.0, 3) [0.29278442332469845 0.0013151078240249243 0.038695373290078466] 1
2021-12-21 05:31:36.762787 (1.0, 1200000.0, 8, 16.0, 0.3, 0.82, 6.0, 3) [0.3517702853905147 0.0020121089485502157 0.014933369033445037] 1
2021-12-21 05:32:42.612736 (1.0, 1200000.0, 8, 16.0, 0.3, 0.78, 6.0, 3) [0.3816786926865884 0.0019929713514908018 0.0092374363651360741] 1
2021-12-21 05:34:06.030636 (1.0, 1200000.0, 8, 16.0, 0.3, 0.93, 6.0, 3) [0.2860014879354266 0.0013811804121470316 0.04301190329634863] 1
2021-12-21 05:56:20.779061 (1.0, 1200000.0, 8, 16.0, 0.3, 0.96, 6.0, 3) [0.2738638556657537 0.0016480863268156804 0.052485972680936646] 1
2021-12-21 08:58:03.946156 (1.0, 1200000.0, 8, 16.0, 0.3, 0.88, 6.0, 3) [0.31213588892706157 0.0014460816795979535 0.028243958616166423] 1
2021-12-21 08:58:14.318557 (1.0, 1200000.0, 8, 16.0, 0.3, 0.91, 6.0, 3) [0.29529178373780796 0.001257894780823689 0.036992823323066519] 1
2021-12-21 08:58:59.484175 (1.0, 1200000.0, 8, 16.0, 0.3, 0.77, 6.0, 3) [0.39109032516048753 0.0023320626853953657 0.0079481421638026711] 1
2021-12-21 09:00:51.352637 (1.0, 1200000.0, 8, 16.0, 0.3, 0.87, 6.0, 3) [0.3188276891296111 0.0020221628482093045 0.025362690562138086] 1
2021-12-21 09:05:08.865932 (1.0, 1200000.0, 8, 16.0, 0.3, 0.83, 6.0, 3) [0.34515220160801463 0.0024772274755991463 0.016613108419738391] 1
2021-12-21 09:06:37.120125 (1.0, 1200000.0, 8, 16.0, 0.3, 0.95, 6.0, 3) [0.2783464202436401 0.001223133882022306 0.048820701753673479] 1
2021-12-21 09:08:29.276504 (1.0, 1200000.0, 8, 16.0, 0.3, 0.94, 6.0, 3) [0.28141879385387053 0.0014021668419030566 0.046378757493495848] 1
2021-12-21 09:08:45.533350 (1.0, 1200000.0, 8, 16.0, 0.3, 0.86, 6.0, 3) [0.3257588031540755 0.0016061370812427429 0.022706401657484922] 1
2021-12-21 17:38:48.974409 (1.0, 1200000.0, 9, 16.0, 0.3, 0.79, 6.0, 3) [0.3363692584315713 0.0024138408641396422 0.009712292481330877] 1
2021-12-21 17:39:46.075151 (1.0, 1200000.0, 9, 16.0, 0.3, 0.85, 6.0, 3) [0.29702351797301846 0.0010356930800244401 0.019795156604050446] 1
2021-12-21 17:39:46.133181 (1.0, 1200000.0, 9, 16.0, 0.3, 0.81, 6.0, 3) [0.3236186203806615 0.001629231625948264 0.012238322905450474] 1
2021-12-21 17:41:40.598339 (1.0, 1200000.0, 9, 16.0, 0.3, 0.97, 6.0, 3) [0.23900572605135956 0.001069248657854955 0.056905584406827997] 1
2021-12-21 18:51:43.329901 (1.0, 1200000.0, 10, 16.0, 0.3, 0.92, 6.0, 3) [0.23166919503437228 0.0011877781296427438 0.040404523499942203] 1
2021-12-21 18:54:41.621773 (1.0, 1200000.0, 10, 16.0, 0.3, 0.84, 6.0, 3) [0.27437882189127893 0.0013302393060106602 0.017143007385152134] 1
2021-12-21 22:22:08.254182 (1.0, 1200000.0, 9, 16.0, 0.3, 0.95, 6.0, 3) [0.2462609499436215 0.0012000962171484478 0.04975821782936278] 1
2021-12-21 22:22:21.274496 (1.0, 1200000.0, 9, 16.0, 0.3, 0.88, 6.0, 3) [0.27951185456374267 0.0015881463297878545 0.027200481105929174] 1
2021-12-21 22:32:34.214526 (1.0, 1200000.0, 11, 16.0, 0.3, 0.77, 6.0, 3) [0.2986329014951058 0.0012832120352615042 0.0057830306533499043] 1
2021-12-21 22:33:16.071242 (1.0, 1200000.0, 11, 16.0, 0.3, 0.79, 6.0, 3) [0.2838134733011336 0.0012688327741743803 0.0080156261410118824] 1
2021-12-21 22:34:16.900819 (1.0, 1200000.0, 9, 16.0, 0.3, 0.93, 6.0, 3) [0.25448034711070516 0.0010326416106930102 0.042795069608603645] 1
2021-12-21 22:35:28.197583 (1.0, 1200000.0, 9, 16.0, 0.3, 0.83, 6.0, 3) [0.30972922005071174 0.0020832129932003641 0.015722976940307585] 1
2021-12-21 22:36:07.615811 (1.0, 1200000.0, 9, 16.0, 0.3, 0.92, 6.0, 3) [0.2587719245339775 0.0015648582733970816 0.039609342518625551] 1
2021-12-21 22:36:26.200557 (1.0, 1200000.0, 11, 16.0, 0.3, 0.83, 6.0, 3) [0.2565527594692608 0.00095719586576472075 0.014622771283184417] 1
2021-12-21 22:36:42.333207 (1.0, 1200000.0, 11, 16.0, 0.3, 0.87, 6.0, 3) [0.23419456968115218 0.00098724127427595788 0.023978954171878817] 1
2021-12-21 22:37:52.810221 (1.0, 1200000.0, 9, 16.0, 0.3, 0.77, 6.0, 3) [0.35109831492266563 0.0027461411698765986 0.0074420991028001111] 1
2021-12-21 22:38:01.847900 (1.0, 1200000.0, 11, 16.0, 0.3, 0.93, 6.0, 3) [0.20745883851559113 0.0013913518466180451 0.043347946974243809] 1
2021-12-21 22:42:43.471447 (1.0, 1200000.0, 11, 16.0, 0.3, 0.91, 6.0, 3) [0.21484146830722986 0.0013447680316088905 0.036777171441853364] 1
2021-12-21 22:44:01.491303 (1.0, 1200000.0, 9, 16.0, 0.3, 0.8, 6.0, 3) [0.33107299060224915 0.0014434811908427899 0.010708165126195523] 1
2021-12-21 22:46:10.419003 (1.0, 1200000.0, 9, 16.0, 0.3, 0.91, 6.0, 3) [0.2636333075960202 0.0012512720503496211 0.036239933537142451] 1
2021-12-21 22:46:25.023601 (1.0, 1200000.0, 9, 16.0, 0.3, 0.96, 6.0, 3) [0.24216027052913605 0.0015090430394239282 0.053586354663765316] 1
2021-12-21 22:56:43.816559 (1.0, 1200000.0, 9, 16.0, 0.3, 0.78, 6.0, 3) [0.3462440262292097 0.00092826425202903223 0.0081396577191477915] 1
2021-12-21 22:57:56.432234 (1.0, 1200000.0, 9, 16.0, 0.3, 0.9, 6.0, 3) [0.2685324569151632 0.0018610299388409333 0.03311825467982165] 1
2021-12-21 22:58:45.701622 (1.0, 1200000.0, 9, 16.0, 0.3, 0.82, 6.0, 3) [0.3150343409503784 0.0011541880422136286 0.014282737311888496] 1
2021-12-22 00:04:07.536270 (1.0, 1200000.0, 8, 16.0, 0.3, 0.84, 6.0, 3) [0.3373930239586366 0.0012096511093115617 0.018814097535573136] 1
2021-12-22 00:05:24.241607 (1.0, 1200000.0, 8, 16.0, 0.3, 0.89, 6.0, 3) [0.307003979147054 0.0011108890220965695 0.030649651892662572] 1
2021-12-22 00:08:25.614878 (1.0, 1200000.0, 8, 16.0, 0.3, 0.79, 6.0, 3) [0.373953825609938 0.0029878744643337396 0.010455588643859665] 1
2021-12-22 00:08:37.231739 (1.0, 1200000.0, 8, 16.0, 0.3, 0.85, 6.0, 3) [0.33110883463541935 0.0014535644557702016 0.02082800594678192] 1
2021-12-22 00:09:55.495206 (1.0, 1200000.0, 8, 16.0, 0.3, 0.97, 6.0, 3) [0.2697004186251301 0.00080206946769026475 0.056241684382061188] 1
2021-12-22 00:10:52.425611 (1.0, 1200000.0, 8, 16.0, 0.3, 0.81, 6.0, 3) [0.3577942939704695 0.0014338672838345289 0.013559150410189258] 1
2021-12-22 00:11:29.578357 (1.0, 1200000.0, 8, 16.0, 0.3, 0.9, 6.0, 3) [0.30127137281365485 0.0019182461604606057 0.033621988704950506] 1
2021-12-22 00:30:52.370016 (1.0, 1200000.0, 10, 16.0, 0.3, 0.81, 6.0, 3) [0.29431053241103394 0.0013724806944664656 0.011494351374867127] 1
2021-12-22 00:31:33.690553 (1.0, 1200000.0, 10, 16.0, 0.3, 0.95, 6.0, 3) [0.22115335093944716 0.0017862810278047902 0.050132409784055421] 1
2021-12-22 00:32:26.225875 (1.0, 1200000.0, 10, 16.0, 0.3, 0.79, 6.0, 3) [0.3074052054546683 0.0011563601793957287 0.0088313830848818428] 1
2021-12-22 00:32:46.878342 (1.0, 1200000.0, 10, 16.0, 0.3, 0.78, 6.0, 3) [0.31736203939391433 0.0013103816165532091 0.0072440240153897094] 1
2021-12-22 00:32:55.065920 (1.0, 1200000.0, 10, 16.0, 0.3, 0.77, 6.0, 3) [0.32472253537066725 0.0018763938935273598 0.0062476443342873609] 1
2021-12-22 00:32:57.575111 (1.0, 1200000.0, 10, 16.0, 0.3, 0.83, 6.0, 3) [0.2808266297435826 0.0013895574839344735 0.015053888482268086] 1
2021-12-22 00:37:56.290133 (1.0, 1200000.0, 10, 16.0, 0.3, 0.96, 6.0, 3) [0.2175375438396733 0.0010418989212444289 0.053979990470218273] 1
2021-12-22 00:38:17.567330 (1.0, 1200000.0, 10, 16.0, 0.3, 0.91, 6.0, 3) [0.23649335310625078 0.0012805180312552801 0.036728625745157603] 1
2021-12-22 00:38:24.430828 (1.0, 1200000.0, 10, 16.0, 0.3, 0.85, 6.0, 3) [0.26823604043968385 0.0016651494244924222 0.019394571596107302] 1
2021-12-22 00:38:37.718289 (1.0, 1200000.0, 10, 16.0, 0.3, 0.9, 6.0, 3) [0.24119405378405903 0.0010786324365908444 0.033388101609393664] 1
2021-12-22 00:38:44.576663 (1.0, 1200000.0, 10, 16.0, 0.3, 0.86, 6.0, 3) [0.26193019987975324 0.0014321554658588049 0.022010696343058831] 1
2021-12-22 00:38:57.744547 (1.0, 1200000.0, 10, 16.0, 0.3, 0.88, 6.0, 3) [0.25208758899232814 0.0016680578960228075 0.026812179298027584] 1
2021-12-22 00:42:08.287335 (1.0, 1200000.0, 10, 16.0, 0.3, 0.82, 6.0, 3) [0.28622160086346626 0.0016272803475680983 0.0135064958288026] 1
2021-12-22 00:49:05.070681 (1.0, 1200000.0, 10, 16.0, 0.3, 0.94, 6.0, 3) [0.2222991812479848 0.0017346935493740476 0.048762666145401729] 1
2021-12-22 01:01:42.067180 (1.0, 1200000.0, 10, 16.0, 0.3, 0.89, 6.0, 3) [0.2471601808777073 0.0018702414755785957 0.029664585939955308] 1
2021-12-22 01:03:09.228513 (1.0, 1200000.0, 10, 16.0, 0.3, 0.93, 6.0, 3) [0.2275590801665068 0.0012503750737708245 0.043954006964610631] 1
2021-12-22 01:30:01.421512 (1.0, 1200000.0, 12, 16.0, 0.3, 0.8, 6.0, 3) [0.25663251964769324 0.00093275455100779836 0.008713777249181166] 1
2021-12-22 01:30:12.404118 (1.0, 1200000.0, 12, 16.0, 0.3, 0.79, 6.0, 3) [0.2632337083155558 0.0013694796481176915 0.0074302854690923509] 1
2021-12-22 05:50:37.185266 (1.0, 1200000.0, 10, 16.0, 0.3, 0.87, 6.0, 3) [0.25702858753531777 0.0030175040248307371 0.024273597486290616] 1
2021-12-22 05:52:26.795091 (1.0, 1200000.0, 10, 16.0, 0.3, 0.97, 6.0, 3) [0.21463446040978576 0.00093712206722310445 0.057280881851603127] 1
2021-12-22 05:53:18.003826 (1.0, 1200000.0, 10, 16.0, 0.3, 0.8, 6.0, 3) [0.3014499163299621 0.0012492757579092137 0.0099655488490184383] 1
2021-12-22 06:31:05.702122 (1.0, 1200000.0, 11, 16.0, 0.3, 0.82, 6.0, 3) [0.26362135792517744 0.0016949199032004979 0.012516557030527465] 1
2021-12-22 06:31:29.420230 (1.0, 1200000.0, 11, 16.0, 0.3, 0.81, 6.0, 3) [0.2704776838568986 0.0016485780952944589 0.010761509376186326] 1
2021-12-22 06:39:32.546932 (1.0, 1200000.0, 11, 16.0, 0.3, 0.9, 6.0, 3) [0.2195437033025866 0.00095049307950919822 0.033133429413188357] 1
2021-12-22 06:40:48.236087 (1.0, 1200000.0, 11, 16.0, 0.3, 0.85, 6.0, 3) [0.24503105242541706 0.0012043099343299719 0.018864066763381263] 1
2021-12-22 06:43:13.916942 (1.0, 1200000.0, 11, 16.0, 0.3, 0.97, 6.0, 3) [0.19481111822404706 0.0010111976757817226 0.057638551123526949] 1
2021-12-22 06:43:52.676878 (1.0, 1200000.0, 11, 16.0, 0.3, 0.88, 6.0, 3) [0.22963228438333075 0.0012290316519633577 0.02653899969516128] 1
2021-12-22 06:58:02.525233 (1.0, 1200000.0, 11, 16.0, 0.3, 0.92, 6.0, 3) [0.21135913464814343 0.0022760582025907199 0.039740679124371084] 1
2021-12-22 06:58:04.001169 (1.0, 1200000.0, 11, 16.0, 0.3, 0.86, 6.0, 3) [0.23973248409843523 0.0010671028522853555 0.021216432211489156] 1
2021-12-22 11:02:10.576588 (1.0, 1200000.0, 12, 16.0, 0.3, 0.84, 6.0, 3) [0.2300793128705676 0.0018365286396263482 0.016506631927470865] 1
2021-12-22 11:02:32.176226 (1.0, 1200000.0, 12, 16.0, 0.3, 0.77, 6.0, 3) [0.2770036731229939 0.0022488198904151847 0.0053346434290815472] 1
2021-12-22 11:03:31.361979 (1.0, 1200000.0, 12, 16.0, 0.3, 0.93, 6.0, 3) [0.1889330993581716 0.0011973014553277686 0.044533051318358961] 1
2021-12-22 11:03:38.524577 (1.0, 1200000.0, 12, 16.0, 0.3, 0.86, 6.0, 3) [0.22062584176732186 0.0018607082132366789 0.020735078914563797] 1
2021-12-22 11:17:02.760097 (1.0, 1200000.0, 12, 16.0, 0.3, 0.91, 6.0, 3) [0.1967828607738075 0.00092563260265586739 0.036816608398967242] 1
2021-12-22 11:18:05.411016 (1.0, 1200000.0, 12, 16.0, 0.3, 0.89, 6.0, 3) [0.2052478641211107 0.0016390944463339498 0.030024996577370008] 1
2021-12-22 11:18:07.858978 (1.0, 1200000.0, 12, 16.0, 0.3, 0.83, 6.0, 3) [0.2380636745202028 0.0024997790137649815 0.01364175694367302] 1
2021-12-22 11:19:11.444029 (1.0, 1200000.0, 12, 16.0, 0.3, 0.78, 6.0, 3) [0.269680628513375 0.0013143061527343492 0.0063658051040604239] 1
2021-12-22 11:19:37.794176 (1.0, 1200000.0, 12, 16.0, 0.3, 0.87, 6.0, 3) [0.21480487788603364 0.001426242319690746 0.023830788997077332] 1
2021-12-22 11:19:40.489746 (1.0, 1200000.0, 12, 16.0, 0.3, 0.88, 6.0, 3) [0.21062345649983785 0.00089173198171891253 0.026411748766878962] 1
2021-12-22 11:20:16.570118 (1.0, 1200000.0, 12, 16.0, 0.3, 0.81, 6.0, 3) [0.2503811906408336 0.0014211754137294526 0.010137793488870844] 1
2021-12-22 11:20:34.430153 (1.0, 1200000.0, 12, 16.0, 0.3, 0.85, 6.0, 3) [0.22634260806405054 0.0014101139901616648 0.018072726991138547] 1
2021-12-22 11:22:04.430247 (1.0, 1200000.0, 12, 16.0, 0.3, 0.9, 6.0, 3) [0.2011135645627025 0.0016458216643656513 0.0331822155772689] 1
2021-12-22 11:24:11.564563 (1.0, 1200000.0, 12, 16.0, 0.3, 0.96, 6.0, 3) [0.18045101924809798 0.0017408884520622491 0.054898873900024778] 1
2021-12-22 11:24:45.592272 (1.0, 1200000.0, 12, 16.0, 0.3, 0.94, 6.0, 3) [0.18547654045940545 0.0013035269321353777 0.048470033833617143] 1
2021-12-22 11:25:46.114988 (1.0, 1200000.0, 12, 16.0, 0.3, 0.97, 6.0, 3) [0.17784684593278807 0.0016353699164263827 0.058587484036377924] 1
2021-12-22 12:47:09.789536 (1.0, 1200000.0, 13, 16.0, 0.3, 0.82, 6.0, 3) [0.2250660461220736 0.0015762462804757148 0.011828641186915487] 1
2021-12-22 12:54:05.106694 (1.0, 1200000.0, 13, 16.0, 0.3, 0.77, 6.0, 3) [0.2613103642956519 0.0011115496296202905 0.0046137569004647151] 1
2021-12-22 12:55:28.703865 (1.0, 1200000.0, 13, 16.0, 0.3, 0.81, 6.0, 3) [0.2328552869552199 0.0015808273558941515 0.0096696158235897618] 1
2021-12-22 12:59:50.126859 (1.0, 1200000.0, 9, 16.0, 0.3, 0.86, 6.0, 3) [0.2908129661883571 0.0023142764692679575 0.022148680537770995] 1
2021-12-22 13:00:29.133196 (1.0, 1200000.0, 9, 16.0, 0.3, 0.87, 6.0, 3) [0.28453765009337645 0.0016531242283841859 0.024794594068989657] 1
2021-12-22 13:02:45.494520 (1.0, 1200000.0, 9, 16.0, 0.3, 0.89, 6.0, 3) [0.27353120207848 0.001225974149766265 0.030302035447694914] 1
2021-12-22 13:04:05.129911 (1.0, 1200000.0, 9, 16.0, 0.3, 0.84, 6.0, 3) [0.30309834774641936 0.0014109621814407387 0.017726531936130545] 1
2021-12-22 13:05:14.386952 (1.0, 1200000.0, 9, 16.0, 0.3, 0.94, 6.0, 3) [0.2504023320179819 0.0012717125555204048 0.046051855029884209] 1
2021-12-22 13:17:39.248383 (1.0, 1200000.0, 13, 16.0, 0.3, 0.91, 6.0, 3) [0.1811499607288142 0.00092202209916495293 0.037243021522700634] 1
2021-12-22 21:16:09.609862 (1.0, 1200000.0, 12, 16.0, 0.3, 0.95, 6.0, 3) [0.1835135180126838 0.0011066516701063336 0.050948117168549863] 1
2021-12-22 21:16:20.548669 (1.0, 1200000.0, 12, 16.0, 0.3, 0.82, 6.0, 3) [0.24279539908460204 0.0013727853255038572 0.012152660384201503] 1
2021-12-22 21:20:17.348790 (1.0, 1200000.0, 12, 16.0, 0.3, 0.92, 6.0, 3) [0.19285190832662144 0.0010613568574991755 0.040533347800219686] 1
2021-12-22 22:09:15.631363 (1.0, 1200000.0, 14, 16.0, 0.3, 0.84, 6.0, 3) [0.19991773670956614 0.0018464023166148043 0.015260557397232005] 1
2021-12-22 22:12:04.179181 (1.0, 1200000.0, 14, 16.0, 0.3, 0.78, 6.0, 3) [0.23764813504235197 0.0011848139500048168 0.0052944836391344277] 1
2021-12-22 22:14:53.761588 (1.0, 1200000.0, 14, 16.0, 0.3, 0.82, 6.0, 3) [0.21168694267276783 0.0020925098977192637 0.010977405558798423] 1
2021-12-22 22:15:47.990924 (1.0, 1200000.0, 14, 16.0, 0.3, 0.96, 6.0, 3) [0.1530383637291871 0.00093182983256565272 0.057283565523883091] 1
2021-12-22 22:16:22.718098 (1.0, 1200000.0, 14, 16.0, 0.3, 0.85, 6.0, 3) [0.19415593077131352 0.0011452815136531443 0.017948966727671479] 1
2021-12-22 22:25:45.539338 (1.0, 1200000.0, 14, 16.0, 0.3, 0.9, 6.0, 3) [0.17265192807844626 0.0012888970159805181 0.032834329781843599] 1
2021-12-23 01:56:44.775063 (1.0, 1200000.0, 13, 16.0, 0.3, 0.9, 6.0, 3) [0.1844919136120392 0.0016729789536837809 0.034080916711338498] 1
2021-12-23 01:56:58.815080 (1.0, 1200000.0, 13, 16.0, 0.3, 0.86, 6.0, 3) [0.20352975912385127 0.001588939940362371 0.020769348144373218] 1
2021-12-23 02:11:16.518532 (1.0, 1200000.0, 13, 16.0, 0.3, 0.78, 6.0, 3) [0.2537121569307505 0.0016927930512282182 0.0056207453855021232] 1
2021-12-23 02:12:03.460264 (1.0, 1200000.0, 13, 16.0, 0.3, 0.94, 6.0, 3) [0.17072083251788142 0.0011776264074574627 0.049002281076809345] 1
2021-12-23 02:18:15.994160 (1.0, 1200000.0, 13, 16.0, 0.3, 0.84, 6.0, 3) [0.21435653531890728 0.0012308245937602195 0.015656351255659746] 1
2021-12-23 02:19:31.515857 (1.0, 1200000.0, 13, 16.0, 0.3, 0.88, 6.0, 3) [0.19356226372927363 0.001137612466126537 0.026916992207708511] 1
2021-12-23 02:20:28.528458 (1.0, 1200000.0, 13, 16.0, 0.3, 0.95, 6.0, 3) [0.16761518148790486 0.0014977622008579227 0.053153412611725223] 1
2021-12-23 02:20:52.956455 (1.0, 1200000.0, 13, 16.0, 0.3, 0.92, 6.0, 3) [0.17604356007086003 0.001814199552114569 0.042461467165156218] 1
2021-12-23 02:21:52.236496 (1.0, 1200000.0, 13, 16.0, 0.3, 0.8, 6.0, 3) [0.23980529443341467 0.0012717712244620465 0.0080754890725491055] 1
2021-12-23 02:21:58.627155 (1.0, 1200000.0, 13, 16.0, 0.3, 0.85, 6.0, 3) [0.20817070990875305 0.0012814218219069874 0.01839441191471616] 1
2021-12-23 02:25:44.763752 (1.0, 1200000.0, 13, 16.0, 0.3, 0.89, 6.0, 3) [0.18829120052516635 0.0010063515143574008 0.030866377476081629] 1
2021-12-23 02:26:19.359707 (1.0, 1200000.0, 13, 16.0, 0.3, 0.93, 6.0, 3) [0.17378490967718235 0.001486086646267822 0.045150543059474864] 1
2021-12-23 10:30:44.930132 (1.0, 1200000.0, 15, 16.0, 0.3, 0.81, 6.0, 3) [0.2046146729512836 0.0011343268453245482 0.0088704575964995754] 1
2021-12-23 15:10:28.185752 (1.0, 1200000.0, 14, 16.0, 0.3, 0.91, 6.0, 3) [0.1671692699219093 0.0013152195823132897 0.038249314098280911] 1
2021-12-23 15:11:20.833174 (1.0, 1200000.0, 14, 16.0, 0.3, 0.89, 6.0, 3) [0.1760043544331617 0.0019267497608445206 0.029884088263193612] 1
2021-12-23 15:11:42.565200 (1.0, 1200000.0, 14, 16.0, 0.3, 0.92, 6.0, 3) [0.16388544641515276 0.0013342791362683573 0.041952729951199023] 1
2021-12-23 15:13:12.253796 (1.0, 1200000.0, 14, 16.0, 0.3, 0.95, 6.0, 3) [0.1560279042222827 0.0008424237953838545 0.052583670851317169] 1
2021-12-23 15:19:26.039138 (1.0, 1200000.0, 14, 16.0, 0.3, 0.86, 6.0, 3) [0.18986070553963827 0.001234273528818477 0.020240875982124571] 1
2021-12-23 15:19:39.897465 (1.0, 1200000.0, 14, 16.0, 0.3, 0.8, 6.0, 3) [0.22405816916368357 0.0011401355793022082 0.0077476964848023199] 1
2021-12-23 15:36:37.526309 (1.0, 1200000.0, 14, 16.0, 0.3, 0.94, 6.0, 3) [0.15674758478279335 0.0010027855135312787 0.05130033055108258] 1
2021-12-23 15:38:02.929178 (1.0, 1200000.0, 14, 16.0, 0.3, 0.77, 6.0, 3) [0.24566725269748477 0.001365507153604336 0.0042306408560788423] 1
2021-12-23 19:29:23.887046 (1.0, 1200000.0, 11, 16.0, 0.3, 0.84, 6.0, 3) [0.25230825036511056 0.0019710171322921571 0.016092043471945244] 1
2021-12-23 19:29:48.900798 (1.0, 1200000.0, 11, 16.0, 0.3, 0.8, 6.0, 3) [0.27735957341083783 0.0013463818988396674 0.0092457614565242575] 1
2021-12-23 19:39:10.047029 (1.0, 1200000.0, 11, 16.0, 0.3, 0.78, 6.0, 3) [0.2911811727866094 0.0016723471493771821 0.0068154381743031111] 1
2021-12-23 19:40:07.541564 (1.0, 1200000.0, 11, 16.0, 0.3, 0.96, 6.0, 3) [0.1976468364426288 0.0011534316180080424 0.053999240458466477] 1
2021-12-23 19:42:26.184403 (1.0, 1200000.0, 11, 16.0, 0.3, 0.89, 6.0, 3) [0.2241776283819455 0.0011205307702812314 0.029912447739815669] 1
2021-12-23 19:45:37.934591 (1.0, 1200000.0, 11, 16.0, 0.3, 0.95, 6.0, 3) [0.1996125064701971 0.00083970581738487587 0.051633678153134438] 1
2021-12-23 19:46:21.321625 (1.0, 1200000.0, 11, 16.0, 0.3, 0.94, 6.0, 3) [0.20300328715929236 0.0012161359898213828 0.047779229563386691] 1
2021-12-24 01:28:22.226813 (1.0, 1200000.0, 16, 16.0, 0.3, 0.87, 6.0, 3) [0.16141821942609397 0.00091915209496751336 0.023484955041585747] 1
2021-12-24 01:31:13.002780 (1.0, 1200000.0, 16, 16.0, 0.3, 0.81, 6.0, 3) [0.19377616398813047 0.0014664642811013694 0.0083317017453000391] 1
2021-12-24 01:33:48.730062 (1.0, 1200000.0, 16, 16.0, 0.3, 0.94, 6.0, 3) [0.13553632747256145 0.00064523832609890972 0.053816289216046649] 1
2021-12-24 01:34:54.666112 (1.0, 1200000.0, 16, 16.0, 0.3, 0.96, 6.0, 3) [0.13211109703425128 0.0016468118670590461 0.060368119727506407] 1
2021-12-24 01:35:50.980242 (1.0, 1200000.0, 16, 16.0, 0.3, 0.82, 6.0, 3) [0.18728367092432469 0.0018874315655727073 0.010251314943441857] 1
2021-12-24 01:36:26.672088 (1.0, 1200000.0, 16, 16.0, 0.3, 0.95, 6.0, 3) [0.13350933645724822 0.0010136293562604335 0.05755250519484463] 1
2021-12-24 07:59:35.024142 (1.0, 1200000.0, 15, 16.0, 0.3, 0.83, 6.0, 3) [0.19348969051310042 0.0016050786835239792 0.01239574300477202] 1
2021-12-24 08:02:05.505229 (1.0, 1200000.0, 15, 16.0, 0.3, 0.96, 6.0, 3) [0.14141195065117193 0.0012081135291592486 0.059485032351808728] 1
2021-12-24 08:09:59.025847 (1.0, 1200000.0, 15, 16.0, 0.3, 0.91, 6.0, 3) [0.15612813813722737 0.00083217874375697738 0.038134069245583671] 1
2021-12-24 08:11:11.524485 (1.0, 1200000.0, 15, 16.0, 0.3, 0.97, 6.0, 3) [0.13968759494033484 0.0010868709180594832 0.06286380079867844] 1
2021-12-24 08:11:46.350586 (1.0, 1200000.0, 15, 16.0, 0.3, 0.79, 6.0, 3) [0.21813836027490896 0.0015931574249580384 0.0059092270348292337] 1
2021-12-24 08:13:12.746577 (1.0, 1200000.0, 15, 16.0, 0.3, 0.86, 6.0, 3) [0.17668313299465443 0.0015443274386205583 0.020527737023524981] 1
2021-12-24 08:13:45.909627 (1.0, 1200000.0, 15, 16.0, 0.3, 0.87, 6.0, 3) [0.1726419297855515 0.0011553296550082476 0.023196849260884028] 1
2021-12-24 08:14:55.624053 (1.0, 1200000.0, 15, 16.0, 0.3, 0.94, 6.0, 3) [0.14613280219457908 0.0013748252993543689 0.051492399365188034] 1
2021-12-24 08:16:09.032020 (1.0, 1200000.0, 15, 16.0, 0.3, 0.82, 6.0, 3) [0.19734278991745594 0.00096490492211465399 0.011028325688893703] 1
2021-12-24 08:16:56.340447 (1.0, 1200000.0, 15, 16.0, 0.3, 0.85, 6.0, 3) [0.18252879348620393 0.0012866429586232569 0.017234715932269738] 1
2021-12-24 08:19:04.435333 (1.0, 1200000.0, 15, 16.0, 0.3, 0.95, 6.0, 3) [0.14377906932627535 0.001242271657525703 0.055389505665843122] 1
2021-12-24 08:20:14.588051 (1.0, 1200000.0, 15, 16.0, 0.3, 0.78, 6.0, 3) [0.22299089859739207 0.001494262858291332 0.0050968448119888361] 1
2021-12-24 08:23:32.976129 (1.0, 1200000.0, 15, 16.0, 0.3, 0.9, 6.0, 3) [0.16035724791472045 0.0011379983964080603 0.033597440874825787] 1
2021-12-24 08:24:25.051914 (1.0, 1200000.0, 15, 16.0, 0.3, 0.77, 6.0, 3) [0.23159200870447197 0.0011437448576053356 0.0039439128404866941] 1
2021-12-24 08:24:40.545612 (1.0, 1200000.0, 15, 16.0, 0.3, 0.8, 6.0, 3) [0.2103758915396065 0.0011443289315263548 0.0074511895729965395] 1
2021-12-24 08:24:58.968076 (1.0, 1200000.0, 15, 16.0, 0.3, 0.92, 6.0, 3) [0.15141087681090334 0.0012665485036793957 0.043777955065644907] 1
2021-12-24 08:26:02.188799 (1.0, 1200000.0, 15, 16.0, 0.3, 0.84, 6.0, 3) [0.18822527670547534 0.0014687924705400171 0.014537385154535214] 1
2021-12-24 08:26:44.860241 (1.0, 1200000.0, 15, 16.0, 0.3, 0.93, 6.0, 3) [0.14864423706760357 0.00054524929036924409 0.047655350888677485] 1
2021-12-24 09:13:49.471459 (1.0, 1200000.0, 15, 16.0, 0.3, 0.89, 6.0, 3) [0.16317611412169503 0.0012853868222867655 0.030806173581694702] 1
2021-12-24 09:14:40.552394 (1.0, 1200000.0, 15, 16.0, 0.3, 0.88, 6.0, 3) [0.16691076134429583 0.0017662562120730676 0.027521871002034248] 1
2021-12-24 16:01:15.665235 (1.0, 1200000.0, 13, 16.0, 0.3, 0.96, 6.0, 3) [0.16593818715714148 0.0012078085387129994 0.055874583853031026] 1
2021-12-24 16:07:36.602871 (1.0, 1200000.0, 13, 16.0, 0.3, 0.87, 6.0, 3) [0.1969840012365154 0.0014132938959932305 0.024569453466634559] 1
2021-12-24 16:11:06.793335 (1.0, 1200000.0, 13, 16.0, 0.3, 0.97, 6.0, 3) [0.1632737230753146 0.0012017353245645898 0.05982483089613979] 1
2021-12-24 16:12:45.454549 (1.0, 1200000.0, 13, 16.0, 0.3, 0.79, 6.0, 3) [0.24590311612546153 0.0011581935382814943 0.0068885683413567782] 1
2021-12-24 16:13:29.884998 (1.0, 1200000.0, 13, 16.0, 0.3, 0.83, 6.0, 3) [0.21969874568679781 0.0016385982023171882 0.013619278885053543] 1
2021-12-25 05:40:02.691982 (1.0, 1200000.0, 16, 16.0, 0.3, 0.91, 6.0, 3) [0.14457190788744284 0.00094214052083688735 0.040218640745825325] 1
2021-12-25 05:41:01.077720 (1.0, 1200000.0, 16, 16.0, 0.3, 0.97, 6.0, 3) [0.13060356553354185 0.0011898440377255898 0.063479648222176305] 1
2021-12-25 05:51:48.497786 (1.0, 1200000.0, 16, 16.0, 0.3, 0.79, 6.0, 3) [0.20627597504222756 0.0017062102858701857 0.0055762007539338207] 1
2021-12-25 05:52:30.596797 (1.0, 1200000.0, 16, 16.0, 0.3, 0.78, 6.0, 3) [0.21361366319049596 0.0015635819924246935 0.0044112461661244828] 1
2021-12-25 05:53:18.447383 (1.0, 1200000.0, 16, 16.0, 0.3, 0.83, 6.0, 3) [0.18005287116390334 0.00142041865717433 0.01289722394352979] 1
2021-12-25 05:53:47.162717 (1.0, 1200000.0, 16, 16.0, 0.3, 0.84, 6.0, 3) [0.17583170005041102 0.0021200756781351742 0.014790424849419411] 1
2021-12-25 05:55:58.121970 (1.0, 1200000.0, 16, 16.0, 0.3, 0.77, 6.0, 3) [0.21893328367895407 0.00084954514076716902 0.0037142680285973265] 1
2021-12-25 05:59:18.236782 (1.0, 1200000.0, 16, 16.0, 0.3, 0.9, 6.0, 3) [0.14856490449348497 0.0012173243558158797 0.035399559927843327] 1
2021-12-26 20:04:12.314083 (1.0, 1200000.0, 14, 16.0, 0.3, 0.81, 6.0, 3) [0.21802841935257247 0.0017030517245702629 0.0091840483245107882] 1
2021-12-26 20:15:02.407225 (1.0, 1200000.0, 14, 16.0, 0.3, 0.87, 6.0, 3) [0.1835506933397504 0.0016229085399822472 0.024131316803216448] 1
2021-12-26 20:23:17.218093 (1.0, 1200000.0, 14, 16.0, 0.3, 0.97, 6.0, 3) [0.1498033710697509 0.001495905359372637 0.062700460042452125] 1
2021-12-26 20:24:56.261013 (1.0, 1200000.0, 14, 16.0, 0.3, 0.88, 6.0, 3) [0.17923471641948208 0.0014725852442379222 0.027238430212877609] 1
2021-12-26 20:25:58.933915 (1.0, 1200000.0, 14, 16.0, 0.3, 0.79, 6.0, 3) [0.23013001003705605 0.0015375645107837555 0.0065371651657313255] 1
2021-12-26 20:27:30.096480 (1.0, 1200000.0, 14, 16.0, 0.3, 0.83, 6.0, 3) [0.20525928903903295 0.001107312456942004 0.013146485347093614] 1
2021-12-26 20:32:19.743710 (1.0, 1200000.0, 14, 16.0, 0.3, 0.93, 6.0, 3) [0.1605272177131045 0.0013315412064377971 0.046114060433013665] 1
