2022-01-25 19:40:58.779031 (1.0, 200000.0, 16, 10.0, 0.3, 0.6, 6.0, 3) [0.1968490039645625 0.0020008958462190444 0.0076055639384779274] 1
2022-01-25 19:41:28.604455 (1.0, 200000.0, 16, 10.0, 0.3, 0.62, 6.0, 3) [0.172118271984072 0.0023510186578847773 0.016754290954410965] 1
2022-01-25 19:42:51.045046 (1.0, 200000.0, 16, 10.0, 0.3, 0.7, 6.0, 3) [0.09782130369954622 0.0023041659363856504 0.17351921220734848] 1
2022-01-25 19:42:52.081457 (1.0, 200000.0, 16, 10.0, 0.3, 0.67, 6.0, 3) [0.11895776896779846 0.0033059811503045296 0.089716227763127765] 1
2022-01-25 19:44:18.034475 (1.0, 200000.0, 16, 10.0, 0.3, 0.69, 6.0, 3) [0.10565540386270333 0.002646943616129225 0.13593910241717419] 1
2022-01-25 20:24:36.092199 (1.0, 200000.0, 18, 10.0, 0.3, 0.63, 6.0, 3) [0.14353600439812803 0.0020434268214748054 0.023512561053536832] 1
2022-01-25 20:25:26.835061 (1.0, 200000.0, 18, 10.0, 0.3, 0.62, 6.0, 3) [0.15172999086934463 0.0023269085583538253 0.017488035848948133] 1
2022-01-25 20:27:20.354059 (1.0, 200000.0, 18, 10.0, 0.3, 0.61, 6.0, 3) [0.16684474477887315 0.0036877392186643672 0.010167967747597368] 1
2022-01-25 20:27:48.378333 (1.0, 200000.0, 18, 10.0, 0.3, 0.65, 6.0, 3) [0.12119858453186651 0.0053986207286226256 0.052154946220931392] 1
2022-01-25 20:28:17.893745 (1.0, 200000.0, 18, 10.0, 0.3, 0.67, 6.0, 3) [0.10251458144334415 0.0024014461299223392 0.10033135294094757] 1
2022-01-25 20:28:18.628594 (1.0, 200000.0, 18, 10.0, 0.3, 0.7, 6.0, 3) [0.07906219385365898 0.0017076601912321408 0.22198545016933641] 1
2022-01-25 20:28:29.496817 (1.0, 200000.0, 18, 10.0, 0.3, 0.6, 6.0, 3) [0.1794373249093895 0.0016523595872426032 0.0064604420499379082] 1
2022-01-25 20:28:31.390158 (1.0, 200000.0, 18, 10.0, 0.3, 0.69, 6.0, 3) [0.08984315924738162 0.0015572747124876973 0.15669835058773923] 1
2022-01-25 20:28:51.232457 (1.0, 200000.0, 18, 10.0, 0.3, 0.64, 6.0, 3) [0.13061295040604617 0.0015057902478316793 0.037213248031759641] 1
2022-01-25 20:31:10.390060 (1.0, 200000.0, 18, 10.0, 0.3, 0.66, 6.0, 3) [0.1130882382292927 0.0020872393641321084 0.069590012289730635] 1
2022-01-25 20:37:47.231089 (1.0, 200000.0, 18, 10.0, 0.3, 0.68, 6.0, 3) [0.09712099916080008 0.002883838136660365 0.12139458850142065] 1
2022-01-25 22:42:30.381803 (1.0, 200000.0, 20, 10.0, 0.3, 0.65, 6.0, 3) [0.1077546033449697 0.0023091404371543061 0.054678958184356231] 1
2022-01-25 22:43:15.750831 (1.0, 200000.0, 20, 10.0, 0.3, 0.62, 6.0, 3) [0.1384051863771748 0.002072049412659047 0.016240311740715163] 1
2022-01-25 22:47:08.675928 (1.0, 200000.0, 20, 10.0, 0.3, 0.63, 6.0, 3) [0.12895707428541783 0.003256754597299565 0.023674728464449707] 1
2022-01-25 22:47:09.606102 (1.0, 200000.0, 20, 10.0, 0.3, 0.66, 6.0, 3) [0.10096744967251074 0.0031431202893587524 0.071979002097749878] 1
2022-01-25 22:48:13.848633 (1.0, 200000.0, 20, 10.0, 0.3, 0.6, 6.0, 3) [0.1652986361346465 0.0029486136105027726 0.0055547158960667104] 1
2022-01-25 22:50:31.442747 (1.0, 200000.0, 20, 10.0, 0.3, 0.61, 6.0, 3) [0.14890083446555738 0.0037108532536506049 0.010636162489121472] 1
2022-01-25 22:50:46.864654 (1.0, 200000.0, 20, 10.0, 0.3, 0.67, 6.0, 3) [0.090449723727829 0.0024496877435336482 0.10726404754911886] 1
2022-01-25 22:53:52.906706 (1.0, 200000.0, 20, 10.0, 0.3, 0.7, 6.0, 3) [0.06892692047954473 0.0013280676223761678 0.24181901820804885] 1
2022-01-25 22:53:59.054835 (1.0, 200000.0, 20, 10.0, 0.3, 0.68, 6.0, 3) [0.08103641944485321 0.001948266321350941 0.15325080943376285] 1
2022-01-25 22:54:37.249795 (1.0, 200000.0, 20, 10.0, 0.3, 0.69, 6.0, 3) [0.07632499394909177 0.001662846268956409 0.18479444024902653] 1
2022-01-25 23:03:49.920175 (1.0, 200000.0, 20, 10.0, 0.3, 0.64, 6.0, 3) [0.11836150446469584 0.0023925770271474136 0.036113488440391285] 1
2022-01-26 09:13:01.381380 (1.0, 200000.0, 16, 10.0, 0.3, 0.64, 6.0, 3) [0.14932775228743114 0.0021286711959219401 0.034662796612907554] 1
2022-01-26 09:15:39.722444 (1.0, 200000.0, 16, 10.0, 0.3, 0.63, 6.0, 3) [0.158020396977145 0.0030221017195687489 0.026175345261718951] 1
2022-01-26 09:17:31.659746 (1.0, 200000.0, 16, 10.0, 0.3, 0.66, 6.0, 3) [0.1286364277445308 0.0023682422402947927 0.066602201797042973] 1
2022-01-26 09:17:35.065322 (1.0, 200000.0, 16, 10.0, 0.3, 0.61, 6.0, 3) [0.18497835018650086 0.0017113437269814977 0.011106214905559538] 1
2022-01-26 09:18:13.149457 (1.0, 200000.0, 16, 10.0, 0.3, 0.68, 6.0, 3) [0.11350281338446302 0.0021114517246486192 0.10726454979794367] 1
2022-01-26 09:18:14.816142 (1.0, 200000.0, 16, 10.0, 0.3, 0.65, 6.0, 3) [0.1370611179233875 0.0031843907540751869 0.050990699907099216] 1
2022-01-26 12:19:15.137630 (1.0, 200000.0, 22, 10.0, 0.3, 0.69, 6.0, 3) [0.06532680369862766 0.0025116581350815162 0.21617034985330838] 1
2022-01-26 12:20:58.762858 (1.0, 200000.0, 22, 10.0, 0.3, 0.68, 6.0, 3) [0.07092823010335943 0.003165825150105335 0.17146622918692705] 1
2022-01-26 16:45:35.522288 (1.0, 200000.0, 17, 10.0, 0.3, 0.68, 6.0, 3) [0.10269302554377843 0.0020088521379683089 0.12204921311212463] 1
2022-01-26 16:46:11.662063 (1.0, 200000.0, 17, 10.0, 0.3, 0.6, 6.0, 3) [0.18889290602448444 0.0049511071850173779 0.0067160537048368925] 1
2022-01-26 16:46:15.755261 (1.0, 200000.0, 17, 10.0, 0.3, 0.63, 6.0, 3) [0.1508127440651479 0.0031154393661261054 0.024360466982443211] 1
2022-01-26 16:50:27.256798 (1.0, 200000.0, 17, 10.0, 0.3, 0.62, 6.0, 3) [0.16323152742446684 0.0025406487207298516 0.016020310664968909] 1
2022-01-26 17:49:27.506968 (1.0, 200000.0, 19, 10.0, 0.3, 0.61, 6.0, 3) [0.15611090453906187 0.0026773249171843901 0.01091052899733853] 1
2022-01-26 17:49:37.234931 (1.0, 200000.0, 19, 10.0, 0.3, 0.69, 6.0, 3) [0.082851396592756 0.0018662567668168049 0.16951543110728051] 1
2022-01-26 17:49:46.109420 (1.0, 200000.0, 19, 10.0, 0.3, 0.68, 6.0, 3) [0.08734564374273208 0.0017963082773236468 0.14287405289842348] 1
2022-01-26 17:49:50.743095 (1.0, 200000.0, 19, 10.0, 0.3, 0.64, 6.0, 3) [0.12335397982851128 0.0027053939097719287 0.037708369635527303] 1
2022-01-26 17:52:50.582932 (1.0, 200000.0, 19, 10.0, 0.3, 0.63, 6.0, 3) [0.13515018362241168 0.0017970160249133251 0.024192342234733287] 1
2022-01-26 17:53:09.932511 (1.0, 200000.0, 19, 10.0, 0.3, 0.6, 6.0, 3) [0.1720977469967323 0.0019767897448455074 0.0059540393186348793] 1
2022-01-26 17:53:24.198472 (1.0, 200000.0, 19, 10.0, 0.3, 0.7, 6.0, 3) [0.07462879270760168 0.0030250201794995422 0.22527818820745349] 1
2022-01-26 17:55:11.575504 (1.0, 200000.0, 19, 10.0, 0.3, 0.62, 6.0, 3) [0.14405025227493387 0.0047078642565073874 0.017235667504206621] 1
2022-01-26 17:58:02.267509 (1.0, 200000.0, 19, 10.0, 0.3, 0.65, 6.0, 3) [0.11419422523878302 0.0028265387731634612 0.053224425212753342] 1
2022-01-26 17:58:58.585345 (1.0, 200000.0, 19, 10.0, 0.3, 0.67, 6.0, 3) [0.09640218395348361 0.0019870924799687238 0.10294116041069576] 1
2022-01-26 18:01:26.699593 (1.0, 200000.0, 19, 10.0, 0.3, 0.66, 6.0, 3) [0.10479235660468043 0.0019547889640512202 0.075549456128984602] 1
2022-01-26 20:54:42.430063 (1.0, 200000.0, 17, 10.0, 0.3, 0.66, 6.0, 3) [0.12099340894959355 0.0023645720931876101 0.06664400770933504] 1
2022-01-26 20:54:50.467298 (1.0, 200000.0, 17, 10.0, 0.3, 0.61, 6.0, 3) [0.17590681490952642 0.0021762806650986164 0.010446753348140598] 1
2022-01-26 22:16:53.253379 (1.0, 200000.0, 24, 10.0, 0.3, 0.7, 6.0, 3) [0.052243986008132334 0.0017055136996195583 0.30101512985066065] 1
2022-01-26 22:18:55.171715 (1.0, 200000.0, 24, 10.0, 0.3, 0.61, 6.0, 3) [0.13013635929082074 0.0037126040764470089 0.0079813252427019775] 1
2022-01-26 22:20:26.280749 (1.0, 200000.0, 24, 10.0, 0.3, 0.62, 6.0, 3) [0.11679218706685185 0.0023846029377924665 0.015089663239035695] 1
2022-01-26 22:29:44.690615 (1.0, 200000.0, 24, 10.0, 0.3, 0.64, 6.0, 3) [0.09588505046939474 0.0020814237594678053 0.040906328902453694] 1
2022-01-27 04:03:23.558106 (1.0, 200000.0, 22, 10.0, 0.3, 0.64, 6.0, 3) [0.10633501344611393 0.0021609331378298993 0.038054370101740016] 1
2022-01-27 04:06:51.096028 (1.0, 200000.0, 22, 10.0, 0.3, 0.61, 6.0, 3) [0.1394867135010938 0.0025906909961667395 0.0089043462316256029] 1
2022-01-27 04:06:52.510042 (1.0, 200000.0, 22, 10.0, 0.3, 0.63, 6.0, 3) [0.11553176672532287 0.0020993628571884097 0.02541884342310962] 1
2022-01-27 04:06:54.123156 (1.0, 200000.0, 22, 10.0, 0.3, 0.66, 6.0, 3) [0.0874110943096954 0.0020382659630404777 0.085849532903511147] 1
2022-01-27 04:21:55.889050 (1.0, 200000.0, 22, 10.0, 0.3, 0.7, 6.0, 3) [0.060670416961656176 0.0023635431103904846 0.2618722291971789] 1
2022-01-27 04:21:56.877150 (1.0, 200000.0, 22, 10.0, 0.3, 0.67, 6.0, 3) [0.08036102283332129 0.0020013496480217104 0.11592868670703241] 1
2022-01-27 05:28:53.680442 (1.0, 200000.0, 21, 10.0, 0.3, 0.63, 6.0, 3) [0.12248609381963134 0.0025724252607120736 0.023998817011363176] 1
2022-01-27 05:30:28.865048 (1.0, 200000.0, 21, 10.0, 0.3, 0.67, 6.0, 3) [0.08436548008715042 0.0021834680025038561 0.11539891067379555] 1
2022-01-27 05:34:29.437130 (1.0, 200000.0, 21, 10.0, 0.3, 0.66, 6.0, 3) [0.09259349077759448 0.0020024781883102943 0.08259042786443449] 1
2022-01-27 05:35:12.238451 (1.0, 200000.0, 21, 10.0, 0.3, 0.68, 6.0, 3) [0.07785001718627516 0.0025428437993042039 0.1498874124518037] 1
2022-01-27 05:36:09.143880 (1.0, 200000.0, 21, 10.0, 0.3, 0.62, 6.0, 3) [0.1317735461298069 0.0015839935826268631 0.016218056239188899] 1
2022-01-27 07:40:55.066972 (1.0, 200000.0, 17, 10.0, 0.3, 0.69, 6.0, 3) [0.09589288344205982 0.003165861778690359 0.1524706892079237] 1
2022-01-27 07:41:30.830110 (1.0, 200000.0, 17, 10.0, 0.3, 0.7, 6.0, 3) [0.08941904407901693 0.0014663603776376257 0.18859160835266101] 1
2022-01-27 07:43:10.464507 (1.0, 200000.0, 17, 10.0, 0.3, 0.67, 6.0, 3) [0.11104873595770509 0.00178714236528449 0.092716741427699256] 1
2022-01-27 07:43:46.422185 (1.0, 200000.0, 17, 10.0, 0.3, 0.65, 6.0, 3) [0.1291395125183883 0.0033508595225861383 0.050665862827076157] 1
2022-01-27 07:43:58.731019 (1.0, 200000.0, 17, 10.0, 0.3, 0.64, 6.0, 3) [0.138796161831455 0.0022889367247134417 0.036626687167019466] 1
2022-01-27 12:25:15.100831 (1.0, 200000.0, 26, 10.0, 0.3, 0.7, 6.0, 3) [0.046720100966962365 0.0015517482559370215 0.32328876131859557] 1
2022-01-27 12:29:06.075536 (1.0, 200000.0, 26, 10.0, 0.3, 0.6, 6.0, 3) [0.13348718167060755 0.0023819382475676184 0.0039731764342427279] 1
2022-01-27 12:30:30.385654 (1.0, 200000.0, 26, 10.0, 0.3, 0.67, 6.0, 3) [0.06206527237596838 0.0019363867199784775 0.15483653269977513] 1
2022-01-27 12:35:02.917875 (1.0, 200000.0, 26, 10.0, 0.3, 0.68, 6.0, 3) [0.05711465591979472 0.0023940148313500568 0.19757053322244303] 1
2022-01-27 12:40:09.769641 (1.0, 200000.0, 25, 10.0, 0.3, 0.7, 6.0, 3) [0.04868463492259927 0.0015216449314687343 0.3211516505652276] 1
2022-01-27 12:40:28.996128 (1.0, 200000.0, 25, 10.0, 0.3, 0.67, 6.0, 3) [0.06689815242724625 0.0010244538031195175 0.13838450859809956] 1
2022-01-27 12:55:57.583076 (1.0, 200000.0, 25, 10.0, 0.3, 0.69, 6.0, 3) [0.054876287553464145 0.0022809509250890292 0.24368593622936732] 1
2022-01-27 13:30:13.056347 (1.0, 200000.0, 23, 10.0, 0.3, 0.68, 6.0, 3) [0.0670560142439745 0.001089676226618578 0.17793725193961185] 1
2022-01-27 13:42:48.565404 (1.0, 200000.0, 23, 10.0, 0.3, 0.67, 6.0, 3) [0.07526392862705092 0.0020313982883762623 0.12411952467946699] 1
2022-01-27 13:43:58.292200 (1.0, 200000.0, 23, 10.0, 0.3, 0.61, 6.0, 3) [0.13174022919456635 0.0035947597455633033 0.009578465271283686] 1
2022-01-27 13:47:23.869101 (1.0, 200000.0, 23, 10.0, 0.3, 0.6, 6.0, 3) [0.14557076613993566 0.0026605570334651061 0.0050794517907076769] 1
2022-01-27 13:47:55.792178 (1.0, 200000.0, 23, 10.0, 0.3, 0.7, 6.0, 3) [0.0564952454087352 0.0017608662996753351 0.27892962161555168] 1
2022-01-27 19:07:38.505205 (1.0, 200000.0, 22, 10.0, 0.3, 0.65, 6.0, 3) [0.0955915595463817 0.0026284373245764516 0.060565033016169806] 1
2022-01-27 19:11:01.662365 (1.0, 200000.0, 22, 10.0, 0.3, 0.62, 6.0, 3) [0.12654167585410736 0.0021601640137174087 0.015699413436832642] 1
2022-01-27 19:11:14.184207 (1.0, 200000.0, 22, 10.0, 0.3, 0.6, 6.0, 3) [0.14928492486403774 0.0025647322173950283 0.0057567577168424009] 1
2022-01-27 22:07:04.159297 (1.0, 200000.0, 24, 10.0, 0.3, 0.67, 6.0, 3) [0.07005666191075419 0.0017369295023405356 0.13664693687380006] 1
2022-01-27 22:07:17.765467 (1.0, 200000.0, 24, 10.0, 0.3, 0.63, 6.0, 3) [0.1052048038931212 0.0021967136103531707 0.026197577332896654] 1
2022-01-28 00:24:19.955511 (1.0, 200000.0, 27, 10.0, 0.3, 0.62, 6.0, 3) [0.10527350702756434 0.0020717060623618635 0.013931917467944845] 1
2022-01-28 00:25:16.215941 (1.0, 200000.0, 27, 10.0, 0.3, 0.69, 6.0, 3) [0.04664553238727039 0.0012836765748587323 0.29538345965863189] 1
2022-01-28 00:25:41.431653 (1.0, 200000.0, 27, 10.0, 0.3, 0.67, 6.0, 3) [0.06021084463646514 0.001439631766550943 0.15167462855698222] 1
2022-01-28 00:25:55.804043 (1.0, 200000.0, 27, 10.0, 0.3, 0.61, 6.0, 3) [0.11523028036689882 0.0035527585383971069 0.0081397853200538012] 1
2022-01-28 00:35:07.607595 (1.0, 200000.0, 27, 10.0, 0.3, 0.66, 6.0, 3) [0.06707195192478593 0.0012748124683004435 0.10647295321874767] 1
2022-01-28 00:44:15.076174 (1.0, 200000.0, 27, 10.0, 0.3, 0.64, 6.0, 3) [0.08347062524578332 0.0020828296392806788 0.044844651854253341] 1
2022-01-28 00:45:19.464500 (1.0, 200000.0, 27, 10.0, 0.3, 0.68, 6.0, 3) [0.05423705050168946 0.0011600251175232098 0.20526475203189121] 1
2022-01-28 00:47:22.319169 (1.0, 200000.0, 27, 10.0, 0.3, 0.63, 6.0, 3) [0.09211706384161984 0.0015149534999405671 0.028205708452483644] 1
2022-01-28 00:49:28.145080 (1.0, 200000.0, 27, 10.0, 0.3, 0.65, 6.0, 3) [0.07332416535206908 0.0016703290096975829 0.076753009708300887] 1
2022-01-28 00:51:38.771609 (1.0, 200000.0, 27, 10.0, 0.3, 0.7, 6.0, 3) [0.04296842749700394 0.0020862342356482511 0.35451308021792022] 1
2022-01-28 02:28:02.676832 (1.0, 200000.0, 27, 10.0, 0.3, 0.6, 6.0, 3) [0.12602218360736903 0.0031547244295503244 0.0045339227591166776] 1
2022-01-28 08:39:03.573571 (1.0, 200000.0, 25, 10.0, 0.3, 0.64, 6.0, 3) [0.092419264465586 0.0039577268989309895 0.040176281389606591] 1
2022-01-28 08:40:21.578816 (1.0, 200000.0, 28, 10.0, 0.3, 0.7, 6.0, 3) [0.04183384425868901 0.0028627018661594433 0.34979920458573083] 1
2022-01-28 08:44:04.945554 (1.0, 200000.0, 25, 10.0, 0.3, 0.66, 6.0, 3) [0.07302746451644226 0.0020547845064197074 0.10327349890149852] 1
2022-01-28 08:54:36.024105 (1.0, 200000.0, 25, 10.0, 0.3, 0.6, 6.0, 3) [0.13787891400234653 0.0025198602367274515 0.004168001454287835] 1
2022-01-28 08:54:43.200188 (1.0, 200000.0, 25, 10.0, 0.3, 0.65, 6.0, 3) [0.08159775766083774 0.0027965679969692379 0.068380192438550549] 1
