2022-02-22 16:48:18.989048 (1.0, 100000.0, 15, 10.0, 0.3, 0.301, 2.0, 3) [0.44426996662406054 0.003630900334191454 7.14241634858572e-06] 1 1426.6882803440094s
2022-02-22 16:49:25.850629 (1.0, 100000.0, 14, 10.0, 0.3, 0.296, 2.0, 3) [0.45937473507227633 0.005272131739287449 1.1368654635610648e-05] 1 1493.544751882553s
2022-02-22 17:07:03.207698 (1.0, 100000.0, 14, 10.0, 0.3, 0.318, 2.0, 3) [0.4176760681816361 0.0034569952737499928 3.624254552751242e-05] 1 1052.9232947826385s
2022-02-22 17:11:02.079663 (1.0, 100000.0, 15, 10.0, 0.3, 0.271, 2.0, 3) [0.5001105927012427 0.00296252416551302 1.3334357405693762e-06] 1 1357.115178346634s
2022-02-22 17:15:22.254289 (1.0, 100000.0, 17, 10.0, 0.3, 0.291, 2.0, 3) [0.4438015382943154 0.0025447106512294987 1.2102622384677836e-06] 1 3049.952675819397s
2022-02-22 17:18:12.965978 (1.0, 100000.0, 16, 10.0, 0.3, 0.284, 2.0, 3) [0.4678865983947713 0.004149489623516101 1.3712116962899207e-06] 1 3220.668088197708s
2022-02-22 17:24:04.419548 (1.0, 100000.0, 14, 10.0, 0.3, 0.271, 2.0, 3) [0.5133938390832545 0.004586674059617391 2.5273788357387615e-06] 1 1016.8748579025269s
2022-02-22 17:33:08.362879 (1.0, 100000.0, 15, 10.0, 0.3, 0.331, 2.0, 3) [0.3842934397333087 0.0020515761968020415 4.2728501942885146e-05] 1 1321.7796921730042s
2022-02-22 17:40:10.500168 (1.0, 100000.0, 20, 10.0, 0.3, 0.271, 2.0, 3) [0.47629311632225346 0.0024201951494215923 2.3563220776238166e-08] 1 4538.204697132111s
2022-02-22 17:40:17.049727 (1.0, 100000.0, 14, 10.0, 0.3, 0.284, 2.0, 3) [0.4861299404857378 0.0028677634393647084 5.401003674707588e-06] 1 967.9910621643066s
2022-02-22 17:44:50.851725 (1.0, 100000.0, 19, 10.0, 0.3, 0.271, 2.0, 3) [0.4769804890855875 0.004242848990865502 5.899896520001727e-08] 1 4818.547732830048s
2022-02-22 17:55:26.924008 (1.0, 100000.0, 15, 10.0, 0.3, 0.306, 2.0, 3) [0.4293690978158841 0.0036878214129478044 1.1008522113458784e-05] 1 1332.9975571632385s
2022-02-22 17:57:21.085862 (1.0, 100000.0, 14, 10.0, 0.3, 0.331, 2.0, 3) [0.39407095973638945 0.0038232339717427666 7.012113640151746e-05] 1 1019.7621099948883s
2022-02-22 18:13:03.692123 (1.0, 100000.0, 21, 10.0, 0.3, 0.301, 2.0, 3) [0.4046424273689661 0.004513985811490421 1.8029078066105824e-07] 1 6511.388036727905s
2022-02-22 18:14:08.127170 (1.0, 100000.0, 14, 10.0, 0.3, 0.291, 2.0, 3) [0.4689052067401876 0.005175442629218994 8.668067360822692e-06] 1 1002.8211846351624s
2022-02-22 18:14:33.093844 (1.0, 100000.0, 17, 10.0, 0.3, 0.331, 2.0, 3) [0.3675997994445956 0.0033627808429496303 1.616369801438565e-05] 1 3546.4507644176483s
2022-02-22 18:17:14.793347 (1.0, 100000.0, 15, 10.0, 0.3, 0.284, 2.0, 3) [0.47078965845596865 0.005112949340886541 3.1878718521095023e-06] 1 1303.3785328865051s
2022-02-22 18:26:42.277873 (1.0, 100000.0, 16, 10.0, 0.3, 0.298, 2.0, 3) [0.4378760085419585 0.002242529329742401 3.583106695916281e-06] 1 4104.607829809189s
2022-02-22 18:30:26.601318 (1.0, 100000.0, 14, 10.0, 0.3, 0.298, 2.0, 3) [0.45271700586841124 0.0069478491092606716 1.3657160691923514e-05] 1 974.4069032669067s
2022-02-22 18:38:38.215892 (1.0, 100000.0, 15, 10.0, 0.3, 0.298, 2.0, 3) [0.44894351198650956 0.0035792381350131324 6.200015667833151e-06] 1 1279.0592730045319s
2022-02-22 18:46:31.784951 (1.0, 100000.0, 14, 10.0, 0.3, 0.301, 2.0, 3) [0.4491582370405342 0.004433804309850704 1.508632392064845e-05] 1 960.7501027584076s
2022-02-22 18:49:40.831200 (1.0, 100000.0, 17, 10.0, 0.3, 0.301, 2.0, 3) [0.43032996831202225 0.00416212267383119 1.9434710400929103e-06] 1 2104.4036269187927s
2022-02-22 18:54:01.723794 (1.0, 100000.0, 19, 10.0, 0.3, 0.284, 2.0, 3) [0.4485512699963061 0.004052407444768429 1.728357842371996e-07] 1 4146.157396554947s
2022-02-22 18:55:52.082866 (1.0, 100000.0, 16, 10.0, 0.3, 0.296, 2.0, 3) [0.4461070019598821 0.0025121943033760774 2.768959250552051e-06] 1 1745.2869200706482s
2022-02-22 19:00:38.134516 (1.0, 100000.0, 15, 10.0, 0.3, 0.304, 2.0, 3) [0.43480874994298757 0.004590309048836333 9.420308204379737e-06] 1 1315.4644005298615s
2022-02-22 19:02:25.674828 (1.0, 100000.0, 14, 10.0, 0.3, 0.306, 2.0, 3) [0.4411283167784992 0.00691824449138752 1.8877320054475705e-05] 1 949.6723248958588s
2022-02-22 19:05:39.335688 (1.0, 100000.0, 22, 10.0, 0.3, 0.301, 2.0, 3) [0.401958793569475 0.0028294463408781827 9.030868860482758e-08] 1 9667.03328704834s
2022-02-22 19:11:30.043226 (1.0, 100000.0, 20, 10.0, 0.3, 0.318, 2.0, 3) [0.3773104538588284 0.0035109267279038194 1.2098681064248664e-06] 1 5474.658193588257s
2022-02-22 19:18:53.265431 (1.0, 100000.0, 14, 10.0, 0.3, 0.304, 2.0, 3) [0.4450511919566384 0.003566268880032027 1.6865314929628113e-05] 1 983.3752706050873s
2022-02-22 19:22:27.469613 (1.0, 100000.0, 15, 10.0, 0.3, 0.291, 2.0, 3) [0.4597043593200031 0.0038729545320546174 4.486897143320143e-06] 1 1305.0943353176117s
2022-02-22 19:36:01.113204 (1.0, 100000.0, 14, 10.0, 0.3, 0.311, 2.0, 3) [0.4322461712051825 0.004419357798179025 2.4194967328405235e-05] 1 1023.4350972175598s
2022-02-22 19:46:53.580316 (1.0, 100000.0, 15, 10.0, 0.3, 0.311, 2.0, 3) [0.4220731166599235 0.003033940012708839 1.3843546042149125e-05] 1 1461.8666977882385s
2022-02-22 19:48:13.284660 (1.0, 100000.0, 17, 10.0, 0.3, 0.271, 2.0, 3) [0.48970490303348363 0.004691404137962872 2.5902029458995205e-07] 1 3507.9160871505737s
2022-02-22 19:55:20.853324 (1.0, 100000.0, 16, 10.0, 0.3, 0.318, 2.0, 3) [0.39749336468579727 0.0032446680338154275 1.293851269195603e-05] 1 3564.242451906204s
2022-02-22 20:00:40.800715 (1.0, 100000.0, 21, 10.0, 0.3, 0.298, 2.0, 3) [0.4110335193198903 0.00266753332787572 1.3898167783773683e-07] 1 6452.022119522095s
2022-02-22 20:00:43.501057 (1.0, 100000.0, 19, 10.0, 0.3, 0.318, 2.0, 3) [0.38202557714456936 0.0046502541138099315 2.1659870700231287e-06] 1 3997.1152589321136s
2022-02-22 20:08:57.595360 (1.0, 100000.0, 15, 10.0, 0.3, 0.318, 2.0, 3) [0.40799934515117714 0.00223858900362187 2.0973566470364818e-05] 1 1318.085060596466s
2022-02-22 20:10:17.224128 (1.0, 100000.0, 24, 10.0, 0.3, 0.306, 2.0, 3) [0.3806832329312614 0.00246795877178663 5.0165226050313835e-08] 1 13544.932873487473s
2022-02-22 20:23:40.515241 (1.0, 100000.0, 17, 10.0, 0.3, 0.298, 2.0, 3) [0.4325871555448356 0.005625144342076646 1.7841802648251075e-06] 1 2122.5865173339844s
2022-02-22 20:25:28.864133 (1.0, 100000.0, 20, 10.0, 0.3, 0.298, 2.0, 3) [0.41645077085637966 0.0029318079144190325 2.5542453163262775e-07] 1 4433.024568796158s
2022-02-22 20:31:53.432618 (1.0, 100000.0, 15, 10.0, 0.3, 0.296, 2.0, 3) [0.45045620151290167 0.0024276496061769455 5.914665532502285e-06] 1 1370.5014126300812s
2022-02-22 20:47:06.706691 (1.0, 100000.0, 16, 10.0, 0.3, 0.301, 2.0, 3) [0.4291866470816639 0.0037729502166374434 4.66999896088551e-06] 1 3100.797205686569s
2022-02-22 20:51:10.577946 (1.0, 100000.0, 26, 10.0, 0.3, 0.331, 2.0, 3) [0.3263300848998 0.003137659531043405 1.8251626790548974e-07] 1 15998.280716657639s
2022-02-22 20:56:28.902713 (1.0, 100000.0, 18, 10.0, 0.3, 0.318, 2.0, 3) [0.38290635863986927 0.003626595284769415 4.4430891415426205e-06] 1 16316.607181310654s
2022-02-22 20:57:35.812397 (1.0, 100000.0, 22, 10.0, 0.3, 0.331, 2.0, 3) [0.3410031234730159 0.0030509261692312907 1.3148950232966758e-06] 1 6712.2787964344025s
2022-02-22 20:58:21.151059 (1.0, 100000.0, 17, 10.0, 0.3, 0.304, 2.0, 3) [0.4181179354733033 0.0024778523529203358 2.894748952636791e-06] 1 2076.4098522663116s
2022-02-22 21:12:58.777214 (1.0, 100000.0, 19, 10.0, 0.3, 0.296, 2.0, 3) [0.42431776057766946 0.005323805647513482 4.333110715843571e-07] 1 4331.220459699631s
2022-02-22 21:17:49.830501 (1.0, 100000.0, 16, 10.0, 0.3, 0.304, 2.0, 3) [0.425897283718358 0.004001384602821845 5.229907250552811e-06] 1 1838.509714603424s
2022-02-22 21:38:06.972609 (1.0, 100000.0, 27, 10.0, 0.3, 0.304, 2.0, 3) [0.37879645363834735 0.003556952561924219 5.659210338823468e-09] 1 18814.677584171295s
2022-02-22 21:38:44.726813 (1.0, 100000.0, 17, 10.0, 0.3, 0.284, 2.0, 3) [0.46073763882862306 0.0025539717691831884 6.901828824380456e-07] 1 2419.1655769348145s
2022-02-22 21:41:27.061042 (1.0, 100000.0, 20, 10.0, 0.3, 0.306, 2.0, 3) [0.3939952714240653 0.004102044325379447 6.218821166557175e-07] 1 4553.730582237244s
2022-02-22 21:45:14.006740 (1.0, 100000.0, 21, 10.0, 0.3, 0.291, 2.0, 3) [0.42422708620282484 0.0028415608789640885 7.97034211676062e-08] 1 6266.426719665527s
2022-02-22 21:47:06.184822 (1.0, 100000.0, 16, 10.0, 0.3, 0.331, 2.0, 3) [0.37507013064282957 0.0028734368964848716 2.641540158125252e-05] 1 1750.5142817497253s
2022-02-22 21:55:29.135372 (1.0, 100000.0, 25, 10.0, 0.3, 0.304, 2.0, 3) [0.3843767281774407 0.003801595490459486 1.9522272760381684e-08] 1 19856.839464187622s
2022-02-22 22:15:13.800297 (1.0, 100000.0, 17, 10.0, 0.3, 0.306, 2.0, 3) [0.4163089233532476 0.0031827108782122447 3.0978281229755003e-06] 1 2184.8231251239777s
2022-02-22 22:23:50.489049 (1.0, 100000.0, 16, 10.0, 0.3, 0.306, 2.0, 3) [0.4242267569867286 0.003319291084401259 5.5513751657686954e-06] 1 2199.8193941116333s
2022-02-22 22:37:16.110839 (1.0, 100000.0, 18, 10.0, 0.3, 0.331, 2.0, 3) [0.3652147973883438 0.004416270682197971 8.43709687752758e-06] 1 6041.444030284882s
2022-02-22 22:39:45.518020 (1.0, 100000.0, 19, 10.0, 0.3, 0.311, 2.0, 3) [0.3948376756900192 0.0035530134696565526 1.324840579677374e-06] 1 5201.940007925034s
2022-02-22 22:50:20.437907 (1.0, 100000.0, 17, 10.0, 0.3, 0.296, 2.0, 3) [0.43735101268141807 0.004104845467614506 1.5201856542307205e-06] 1 2101.7161009311676s
2022-02-22 22:54:04.109703 (1.0, 100000.0, 16, 10.0, 0.3, 0.271, 2.0, 3) [0.4946709839828987 0.0028960763246299575 5.815644882297694e-07] 1 1807.5269968509674s
2022-02-22 22:56:50.171055 (1.0, 100000.0, 20, 10.0, 0.3, 0.296, 2.0, 3) [0.4213610528642331 0.004919040909808568 2.0997964841449785e-07] 1 4518.770039796829s
2022-02-22 23:23:24.975658 (1.0, 100000.0, 16, 10.0, 0.3, 0.311, 2.0, 3) [0.41435594518876734 0.006127431845269903 7.622752657110934e-06] 1 1756.2261295318604s
2022-02-22 23:26:13.099829 (1.0, 100000.0, 17, 10.0, 0.3, 0.311, 2.0, 3) [0.40324459992923856 0.006007375060809318 4.800120474479402e-06] 1 2148.747068166733s
2022-02-22 23:30:44.598200 (1.0, 100000.0, 21, 10.0, 0.3, 0.296, 2.0, 3) [0.418508158626781 0.004833967158798063 1.0294442526000112e-07] 1 6325.991931438446s
2022-02-22 23:37:06.204944 (1.0, 100000.0, 18, 10.0, 0.3, 0.298, 2.0, 3) [0.4253749262611841 0.004255116786283197 9.712753816704874e-07] 1 3584.8334827423096s
2022-02-22 23:54:41.186356 (1.0, 100000.0, 19, 10.0, 0.3, 0.306, 2.0, 3) [0.4041967718358659 0.005108131383517964 9.242699377086081e-07] 1 4491.541293144226s
2022-02-23 00:01:41.162005 (1.0, 100000.0, 16, 10.0, 0.3, 0.291, 2.0, 3) [0.4516606549252594 0.0033670567613515653 2.3077966928033286e-06] 1 2289.517996788025s
2022-02-23 00:02:47.960094 (1.0, 100000.0, 22, 10.0, 0.3, 0.298, 2.0, 3) [0.40388823479269254 0.005232275433903789 8.289763439053137e-08] 1 11107.268717765808s
2022-02-23 00:13:37.639036 (1.0, 100000.0, 20, 10.0, 0.3, 0.291, 2.0, 3) [0.4304669522656344 0.004308967953641672 1.460871575121157e-07] 1 4602.904848814011s
2022-02-23 00:14:05.819111 (1.0, 100000.0, 17, 10.0, 0.3, 0.318, 2.0, 3) [0.395883108306857 0.00594871999921301 6.2416150891723006e-06] 1 2868.0319769382477s
2022-02-23 00:49:54.599823 (1.0, 100000.0, 24, 10.0, 0.3, 0.311, 2.0, 3) [0.37368449885395094 0.003990573205248611 7.050776792564367e-08] 1 16772.81322145462s
2022-02-23 01:00:56.999794 (1.0, 100000.0, 19, 10.0, 0.3, 0.301, 2.0, 3) [0.41544836535075946 0.003931879803129087 6.094872039166892e-07] 1 3971.640529155731s
2022-02-23 01:10:45.103741 (1.0, 100000.0, 21, 10.0, 0.3, 0.304, 2.0, 3) [0.39989739046552103 0.003606658722619894 2.2350392147341e-07] 1 5995.555162906647s
2022-02-23 01:23:53.521822 (1.0, 100000.0, 20, 10.0, 0.3, 0.301, 2.0, 3) [0.40954089364527524 0.004414137025940711 3.358890963792751e-07] 1 4211.541829586029s
2022-02-23 01:31:49.419907 (1.0, 100000.0, 28, 10.0, 0.3, 0.284, 2.0, 3) [0.41957728447034087 0.0023088132810975296 2.752172340852256e-10] 1 32837.12752342224s
2022-02-23 01:51:48.909060 (1.0, 100000.0, 22, 10.0, 0.3, 0.291, 2.0, 3) [0.42382465664842395 0.00265812557076232 3.4650595542226696e-08] 1 6536.267466783524s
2022-02-23 02:03:58.543168 (1.0, 100000.0, 19, 10.0, 0.3, 0.291, 2.0, 3) [0.4331591069857661 0.0028430613804438527 3.0798195891095063e-07] 1 3776.2148282527924s
2022-02-23 02:37:12.482487 (1.0, 100000.0, 20, 10.0, 0.3, 0.311, 2.0, 3) [0.3904075334628426 0.0041129571933232354 7.182362346072053e-07] 1 4389.661883592606s
2022-02-23 02:48:05.824969 (1.0, 100000.0, 21, 10.0, 0.3, 0.271, 2.0, 3) [0.4711536965306631 0.003922465608715871 1.1352529268662315e-08] 1 5829.718638181686s
2022-02-23 02:49:54.804592 (1.0, 100000.0, 25, 10.0, 0.3, 0.331, 2.0, 3) [0.3322886098501852 0.005627834005512503 2.638765994091497e-07] 1 17661.364260435104s
2022-02-23 03:02:32.829949 (1.0, 100000.0, 26, 10.0, 0.3, 0.298, 2.0, 3) [0.3958858177977436 0.0037309101577106254 5.030483322942001e-09] 1 22277.489669799805s
2022-02-23 03:12:17.310789 (1.0, 100000.0, 19, 10.0, 0.3, 0.298, 2.0, 3) [0.421068096234601 0.0037222375100825792 4.919425362651799e-07] 1 4094.544601202011s
2022-02-23 03:20:33.812210 (1.0, 100000.0, 27, 10.0, 0.3, 0.298, 2.0, 3) [0.39083937034824723 0.0032628714058389897 2.9881295012536137e-09] 1 20542.968855381012s
2022-02-23 03:34:59.832803 (1.0, 100000.0, 18, 10.0, 0.3, 0.301, 2.0, 3) [0.4221073733018411 0.004777623052282278 1.1108036610232215e-06] 1 14268.661739110947s
2022-02-23 03:48:41.128272 (1.0, 100000.0, 20, 10.0, 0.3, 0.331, 2.0, 3) [0.35098880457813875 0.0024953745858732677 3.4394420941829965e-06] 1 4278.300512313843s
2022-02-23 03:55:05.033999 (1.0, 100000.0, 22, 10.0, 0.3, 0.304, 2.0, 3) [0.39594086009467727 0.0027684313569658423 1.1843856088644964e-07] 1 7391.8450474739075s
2022-02-23 04:17:34.085830 (1.0, 100000.0, 19, 10.0, 0.3, 0.331, 2.0, 3) [0.3586282056208049 0.002601012998042526 5.217890422542488e-06] 1 3912.079362630844s
2022-02-23 04:20:48.987413 (1.0, 100000.0, 21, 10.0, 0.3, 0.311, 2.0, 3) [0.38529683278449833 0.005528829838573883 4.092446744894807e-07] 1 5550.312754869461s
2022-02-23 04:54:09.957261 (1.0, 100000.0, 24, 10.0, 0.3, 0.296, 2.0, 3) [0.40288200704448496 0.0032611852989953547 1.731078729966652e-08] 1 14647.049114704132s
2022-02-23 05:02:20.028287 (1.0, 100000.0, 20, 10.0, 0.3, 0.284, 2.0, 3) [0.4441190102825071 0.004014887875094765 8.405036630508904e-08] 1 4414.396196603775s
2022-02-23 05:20:27.476416 (1.0, 100000.0, 19, 10.0, 0.3, 0.304, 2.0, 3) [0.4030539363470892 0.002510100461211262 9.637478659931303e-07] 1 3768.684141397476s
2022-02-23 05:24:20.149712 (1.0, 100000.0, 18, 10.0, 0.3, 0.296, 2.0, 3) [0.4250885581809708 0.0040810346045234225 9.76259014758331e-07] 1 6551.419090747833s
2022-02-23 06:14:23.067232 (1.0, 100000.0, 20, 10.0, 0.3, 0.304, 2.0, 3) [0.40144950316219286 0.003420665356401462 4.583043059226497e-07] 1 4313.826538324356s
2022-02-23 06:14:40.505675 (1.0, 100000.0, 22, 10.0, 0.3, 0.318, 2.0, 3) [0.36456670562961047 0.002779169332332872 4.683263698999199e-07] 1 8370.9089345932s
2022-02-23 06:39:32.866369 (1.0, 100000.0, 21, 10.0, 0.3, 0.284, 2.0, 3) [0.4384104514322786 0.0033510960995250935 4.371289826401401e-08] 1 8317.925263881683s
2022-02-23 07:11:35.250481 (1.0, 100000.0, 23, 10.0, 0.3, 0.304, 2.0, 3) [0.3911554429861376 0.0034709195547883757 6.718383016565363e-08] 1 53222.956198215485s
2022-02-23 07:42:23.115315 (1.0, 100000.0, 26, 10.0, 0.3, 0.296, 2.0, 3) [0.39628759093054766 0.0037040063452472636 4.9044581044718054e-09] 1 16784.27061700821s
2022-02-23 08:00:05.540676 (1.0, 100000.0, 25, 10.0, 0.3, 0.301, 2.0, 3) [0.3919421968974088 0.0031335121443545467 1.3611330359702278e-08] 1 18606.0860311985s
2022-02-23 08:03:42.439206 (1.0, 100000.0, 22, 10.0, 0.3, 0.271, 2.0, 3) [0.4653465282768671 0.0044422428421464575 5.6154892951933426e-09] 1 6537.685161590576s
2022-02-23 08:12:37.970990 (1.0, 100000.0, 21, 10.0, 0.3, 0.331, 2.0, 3) [0.3475210751957771 0.004264036071988533 1.978731766595521e-06] 1 5580.5597314834595s
2022-02-23 09:13:27.596011 (1.0, 100000.0, 27, 10.0, 0.3, 0.296, 2.0, 3) [0.3960820012697575 0.0035531075933433747 2.245683547833401e-09] 1 21168.909809350967s
2022-02-23 09:40:53.562089 (1.0, 100000.0, 28, 10.0, 0.3, 0.306, 2.0, 3) [0.3709977242182086 0.0027973088138552996 4.120280671114522e-09] 1 29333.69904398918s
2022-02-23 09:48:08.469552 (1.0, 100000.0, 21, 10.0, 0.3, 0.306, 2.0, 3) [0.3917350015659276 0.0044833837138618165 3.103440694377526e-07] 1 5726.018614053726s
2022-02-23 09:57:30.594090 (1.0, 100000.0, 24, 10.0, 0.3, 0.301, 2.0, 3) [0.3924204003658404 0.0034184902967874247 2.8476268756364842e-08] 1 18194.62215280533s
2022-02-23 10:06:24.712042 (1.0, 100000.0, 22, 10.0, 0.3, 0.306, 2.0, 3) [0.3866988352999549 0.004488303526744721 1.7618966390206003e-07] 1 7358.260897636414s
2022-02-23 10:39:43.332675 (1.0, 100000.0, 23, 10.0, 0.3, 0.271, 2.0, 3) [0.4611935532940446 0.004861147886297845 2.6887502030221593e-09] 1 12483.732943534851s
2022-02-23 11:17:28.044364 (1.0, 100000.0, 21, 10.0, 0.3, 0.318, 2.0, 3) [0.36840229235112015 0.005688812957178317 8.250931356972226e-07] 1 5355.5944283008575s
2022-02-23 11:41:20.055482 (1.0, 100000.0, 26, 10.0, 0.3, 0.318, 2.0, 3) [0.353152960791624 0.0035714073966981574 4.5664544547330554e-08] 1 14330.971440315247s
2022-02-23 12:14:39.438343 (1.0, 100000.0, 22, 10.0, 0.3, 0.311, 2.0, 3) [0.37840311533497045 0.0031798383381197643 2.5222331045783646e-07] 1 7690.6123514175415s
2022-02-23 13:07:02.216136 (1.0, 100000.0, 25, 10.0, 0.3, 0.291, 2.0, 3) [0.4099761801068171 0.0024925956072675555 5.47816597096194e-09] 1 18411.99319434166s
2022-02-23 13:11:34.122455 (1.0, 100000.0, 18, 10.0, 0.3, 0.284, 2.0, 3) [0.4523471886199861 0.00481979924723093 3.709747575554947e-07] 1 28022.79033780098s
2022-02-23 14:06:13.810917 (1.0, 100000.0, 22, 10.0, 0.3, 0.296, 2.0, 3) [0.41327321840936576 0.004314020465831871 5.5381596697457486e-08] 1 6689.709313631058s
2022-02-23 14:20:29.106206 (1.0, 100000.0, 27, 10.0, 0.3, 0.301, 2.0, 3) [0.3860720443009984 0.003438994978500068 3.861583751938056e-09] 1 18416.995180130005s
2022-02-23 14:32:02.398183 (1.0, 100000.0, 24, 10.0, 0.3, 0.284, 2.0, 3) [0.4317942642844844 0.004690387315469717 4.391024878434829e-09] 1 16467.5807993412s
2022-02-23 14:34:16.532758 (1.0, 100000.0, 18, 10.0, 0.3, 0.306, 2.0, 3) [0.40747880518927837 0.0030077687317293968 1.84943506501539e-06] 1 4957.870653629303s
2022-02-23 15:56:48.252773 (1.0, 100000.0, 23, 10.0, 0.3, 0.298, 2.0, 3) [0.4039831823017682 0.004340769347501569 3.684139083672114e-08] 1 19020.90367078781s
2022-02-23 16:04:57.884099 (1.0, 100000.0, 22, 10.0, 0.3, 0.284, 2.0, 3) [0.4347707236031145 0.003007697786543169 2.1624615264137034e-08] 1 7119.694186449051s
2022-02-23 16:14:10.837272 (1.0, 100000.0, 18, 10.0, 0.3, 0.311, 2.0, 3) [0.39966346079758314 0.0029045759295011626 2.443594840067769e-06] 1 5988.578759431839s
2022-02-23 16:24:54.886626 (1.0, 100000.0, 26, 10.0, 0.3, 0.306, 2.0, 3) [0.3735183013329782 0.004496817244623907 1.577948395360475e-08] 1 17009.391151189804s
2022-02-23 17:23:21.207106 (1.0, 100000.0, 25, 10.0, 0.3, 0.318, 2.0, 3) [0.35234072378146086 0.0029400860913335507 9.60146578944261e-08] 1 15374.630186080933s
2022-02-23 18:34:23.376840 (1.0, 100000.0, 24, 10.0, 0.3, 0.291, 2.0, 3) [0.41433330288075304 0.002397890226959645 1.0175502041039467e-08] 1 14536.431663036346s
2022-02-23 19:19:55.278296 (1.0, 100000.0, 28, 10.0, 0.3, 0.304, 2.0, 3) [0.37621405423582294 0.004459784045560926 3.0626909529452893e-09] 1 34736.51870012283s
2022-02-23 19:28:57.637560 (1.0, 100000.0, 27, 10.0, 0.3, 0.311, 2.0, 3) [0.3627766664221201 0.004661226767906887 1.3362047657371366e-08] 1 18504.365826368332s
2022-02-23 20:17:18.722342 (1.0, 100000.0, 18, 10.0, 0.3, 0.291, 2.0, 3) [0.4378254574411245 0.0038597572824465125 6.229430246356341e-07] 1 14583.246958255768s
2022-02-23 20:42:41.686702 (1.0, 100000.0, 26, 10.0, 0.3, 0.301, 2.0, 3) [0.3876832412339932 0.004244382648925789 7.673487378155953e-09] 1 15462.048625469208s
2022-02-23 21:31:59.170755 (1.0, 100000.0, 18, 10.0, 0.3, 0.304, 2.0, 3) [0.41145333793823213 0.004074460504306249 1.5994237383796885e-06] 1 4475.209933519363s
2022-02-23 22:20:23.505016 (1.0, 100000.0, 25, 10.0, 0.3, 0.284, 2.0, 3) [0.4234715412908484 0.00519637511396026 2.795886488760473e-09] 1 17817.621739387512s
2022-02-23 22:47:18.571683 (1.0, 100000.0, 18, 10.0, 0.3, 0.271, 2.0, 3) [0.4824533366420142 0.004204124774636987 1.2715852679074418e-07] 1 4514.565994501114s
2022-02-24 00:06:11.067475 (1.0, 100000.0, 24, 10.0, 0.3, 0.271, 2.0, 3) [0.4568092861577929 0.002841479927256378 1.3063064827158094e-09] 1 19903.09338784218s
2022-02-24 01:04:43.193947 (1.0, 100000.0, 26, 10.0, 0.3, 0.271, 2.0, 3) [0.4492892947789099 0.004004138451608729 3.0974277588984173e-10] 1 15717.236287117004s
2022-02-24 01:32:23.642903 (1.0, 100000.0, 28, 10.0, 0.3, 0.318, 2.0, 3) [0.34673047736557755 0.0029309071250702644 1.6032641118217073e-08] 1 22343.348126888275s
2022-02-24 02:01:12.788861 (1.0, 100000.0, 27, 10.0, 0.3, 0.318, 2.0, 3) [0.35379378793842375 0.0033609780866901435 2.2037956682274978e-08] 1 23530.829790115356s
2022-02-24 02:14:06.006087 (1.0, 100000.0, 25, 10.0, 0.3, 0.271, 2.0, 3) [0.4541422222992539 0.005143995069085498 6.010954019155863e-10] 1 14018.088302850723s
2022-02-24 05:34:30.817964 (1.0, 100000.0, 26, 10.0, 0.3, 0.304, 2.0, 3) [0.3811384034066571 0.0030456734401746264 1.0769456620991566e-08] 1 16183.008195400238s
2022-02-24 05:47:00.004377 (1.0, 100000.0, 23, 10.0, 0.3, 0.296, 2.0, 3) [0.4081492374340718 0.0020378396080991483 3.070647051918484e-08] 1 49807.432029247284s
2022-02-24 07:05:01.866024 (1.0, 100000.0, 27, 10.0, 0.3, 0.306, 2.0, 3) [0.37154809112247933 0.0022406337264986695 8.333031730208318e-09] 1 18225.09276342392s
2022-02-24 07:30:06.801779 (1.0, 100000.0, 28, 10.0, 0.3, 0.331, 2.0, 3) [0.32334766981922175 0.004501117885855137 5.912318972845045e-08] 1 21457.943224668503s
2022-02-24 07:52:39.677527 (1.0, 100000.0, 25, 10.0, 0.3, 0.306, 2.0, 3) [0.38016915014673536 0.0024831653707668693 2.4035648717009384e-08] 1 20309.172845840454s
2022-02-24 09:00:33.360487 (1.0, 100000.0, 24, 10.0, 0.3, 0.318, 2.0, 3) [0.3592878587175226 0.0036440358688789288 1.39419262499967e-07] 1 32057.99841785431s
2022-02-24 09:43:00.041436 (1.0, 100000.0, 26, 10.0, 0.3, 0.311, 2.0, 3) [0.3670888864408894 0.0024848229541440735 2.2233407564274925e-08] 1 14904.932485342026s
2022-02-24 12:06:27.443702 (1.0, 100000.0, 27, 10.0, 0.3, 0.331, 2.0, 3) [0.32554637023266225 0.0029620239362096647 9.93933654996831e-08] 1 18081.272035360336s
2022-02-24 12:49:06.225373 (1.0, 100000.0, 25, 10.0, 0.3, 0.311, 2.0, 3) [0.3694791220478473 0.005004144985855805 4.074080973998491e-08] 1 17782.325096845627s
2022-02-24 13:48:13.343441 (1.0, 100000.0, 26, 10.0, 0.3, 0.284, 2.0, 3) [0.4234418576851555 0.004583620329019162 1.1914575176493771e-09] 1 14708.653728485107s
2022-02-24 13:52:52.194474 (1.0, 100000.0, 23, 10.0, 0.3, 0.331, 2.0, 3) [0.3386086536558645 0.0034856092669334044 7.451174541096594e-07] 1 29147.41926574707s
2022-02-24 14:33:36.348025 (1.0, 100000.0, 28, 10.0, 0.3, 0.311, 2.0, 3) [0.3653107840981881 0.0037566797067531683 5.679102531319414e-09] 1 25404.638043880463s
2022-02-24 14:38:38.280951 (1.0, 100000.0, 24, 10.0, 0.3, 0.304, 2.0, 3) [0.38668248555685697 0.0035287705212556195 3.799869245791953e-08] 1 20280.655508756638s
2022-02-24 17:14:26.828836 (1.0, 100000.0, 23, 10.0, 0.3, 0.311, 2.0, 3) [0.3743675619010647 0.0024864386753870324 1.4317269112890372e-07] 1 12089.351580142975s
2022-02-24 17:42:01.181487 (1.0, 100000.0, 25, 10.0, 0.3, 0.296, 2.0, 3) [0.4005323353587609 0.0024159995471186445 8.77113519372571e-09] 1 17570.335639953613s
2022-02-24 18:05:59.641028 (1.0, 100000.0, 27, 10.0, 0.3, 0.284, 2.0, 3) [0.4183183338433358 0.004377498119798284 6.7313354803492e-10] 1 21568.103413820267s
2022-02-24 18:12:27.509477 (1.0, 100000.0, 24, 10.0, 0.3, 0.331, 2.0, 3) [0.331084683008205 0.002881810382440651 5.350013484155326e-07] 1 12824.826318025589s
2022-02-24 18:19:46.078417 (1.0, 100000.0, 26, 10.0, 0.3, 0.291, 2.0, 3) [0.40856916923476355 0.002201841283293921 2.6047058101523505e-09] 1 16288.07946395874s
2022-02-24 20:32:19.943141 (1.0, 100000.0, 28, 10.0, 0.3, 0.296, 2.0, 3) [0.3939373239584339 0.006574116020126149 1.1548818642208903e-09] 1 21515.776563882828s
2022-02-24 20:33:34.054987 (1.0, 100000.0, 23, 10.0, 0.3, 0.306, 2.0, 3) [0.38417951369351294 0.0048672026199669425 9.139728910702984e-08] 1 11942.419015169144s
2022-02-24 21:10:08.893426 (1.0, 100000.0, 24, 10.0, 0.3, 0.298, 2.0, 3) [0.39791526393170057 0.0019966922524526673 2.187027511518324e-08] 1 10656.119174957275s
2022-02-24 21:33:50.152232 (1.0, 100000.0, 25, 10.0, 0.3, 0.298, 2.0, 3) [0.3973884402330286 0.004223268698646477 1.0309880726804852e-08] 1 13904.38961982727s
2022-02-24 23:19:17.636532 (1.0, 100000.0, 27, 10.0, 0.3, 0.291, 2.0, 3) [0.4065778867411865 0.0025136291062435117 1.275715728565408e-09] 1 18790.700690984726s
2022-02-24 23:52:17.710865 (1.0, 100000.0, 23, 10.0, 0.3, 0.318, 2.0, 3) [0.36091522362697276 0.0038979194417994474 2.6412790360338883e-07] 1 11918.906265974045s
2022-02-25 02:26:06.065175 (1.0, 100000.0, 28, 10.0, 0.3, 0.298, 2.0, 3) [0.38855213638534497 0.004669150306537877 1.5564412152893984e-09] 1 21208.14474439621s
2022-02-25 03:21:40.087535 (1.0, 100000.0, 23, 10.0, 0.3, 0.291, 2.0, 3) [0.419282278926126 0.003692141110263626 1.840699885232224e-08] 1 12557.313295602798s
2022-02-25 04:38:04.241627 (1.0, 100000.0, 27, 10.0, 0.3, 0.271, 2.0, 3) [0.44666391488650586 0.003094268545512004 1.468256882170964e-10] 1 19106.878430843353s
2022-02-25 08:50:42.996969 (1.0, 100000.0, 28, 10.0, 0.3, 0.291, 2.0, 3) [0.405381938083633 0.003905418338984069 6.065251215676599e-10] 1 23066.774640083313s
2022-02-25 09:53:43.308238 (1.0, 100000.0, 23, 10.0, 0.3, 0.301, 2.0, 3) [0.3957574619690342 0.0035894932735154785 5.37393304106243e-08] 1 23518.297050476074s
2022-02-25 14:04:24.221498 (1.0, 100000.0, 23, 10.0, 0.3, 0.284, 2.0, 3) [0.43369198113835417 0.0027611406032923788 9.620764850825347e-09] 1 15032.869091749191s
