2022-02-25 13:53:13.002788 (1.0, 100000.0, 16, 10.0, 0.3, 0.284, 2.0, 3) [0.2133160057209751 0.0042225693313195029 0.0044169855888321488] 1 3723.82586193s
2022-02-25 13:53:25.164008 (1.0, 100000.0, 16, 10.0, 0.3, 0.291, 2.0, 3) [0.2023522905475613 0.0065879461023919715 0.0062597218828511405] 1 3735.98732495s
2022-02-25 13:53:38.206329 (1.0, 100000.0, 16, 10.0, 0.3, 0.331, 2.0, 3) [0.15184721622778474 0.0021279879954750119 0.031313662328939722] 1 3749.02937794s
2022-02-25 13:53:38.583438 (1.0, 100000.0, 16, 10.0, 0.3, 0.306, 2.0, 3) [0.1823198137793651 0.0038585273259625704 0.011894149908067602] 1 3749.40057683s
2022-02-25 14:12:48.973322 (1.0, 100000.0, 17, 10.0, 0.3, 0.291, 2.0, 3) [0.19273683570305242 0.0039177663024247637 0.0057959349484644016] 1 4899.79662395s
2022-02-25 14:13:04.491152 (1.0, 100000.0, 17, 10.0, 0.3, 0.296, 2.0, 3) [0.1883887978252224 0.0041083693934250995 0.0067188829338980611] 1 4915.30997109s
2022-02-25 14:13:42.489672 (1.0, 100000.0, 17, 10.0, 0.3, 0.306, 2.0, 3) [0.17385067621946668 0.0035822164037705075 0.011006730632243829] 1 4953.302531s
2022-02-25 14:13:53.235163 (1.0, 100000.0, 17, 10.0, 0.3, 0.304, 2.0, 3) [0.17782484441835608 0.0042669641445313156 0.0095916898639222484] 1 4964.05471992s
2022-02-25 14:43:54.149348 (1.0, 100000.0, 18, 10.0, 0.3, 0.311, 2.0, 3) [0.15780987511310365 0.0051123088408402233 0.013848552845035722] 1 6764.55397892s
2022-02-25 14:44:04.027748 (1.0, 100000.0, 18, 10.0, 0.3, 0.271, 2.0, 3) [0.21363305604843016 0.0042784087470452295 0.0018552507680334156] 1 6774.07655716s
2022-02-25 14:44:06.182662 (1.0, 100000.0, 18, 10.0, 0.3, 0.306, 2.0, 3) [0.16523117384265304 0.0050796003189064421 0.010601914196286533] 1 6776.64588594s
2022-02-25 14:44:09.440620 (1.0, 100000.0, 18, 10.0, 0.3, 0.331, 2.0, 3) [0.13121416215635723 0.0043944132738124178 0.035725490780412865] 1 6779.93039203s
2022-02-25 14:44:24.996795 (1.0, 100000.0, 18, 10.0, 0.3, 0.284, 2.0, 3) [0.19359943332635968 0.003416774833927621 0.0038178131243528221] 1 6795.56971002s
2022-02-25 15:01:42.659004 (1.0, 100000.0, 16, 10.0, 0.3, 0.296, 2.0, 3) [0.19825808587366045 0.0039140983012974058 0.0071565472503028922] 1 7833.47716808s
2022-02-25 15:01:50.124241 (1.0, 100000.0, 16, 10.0, 0.3, 0.318, 2.0, 3) [0.17136382282763038 0.0027748977724884158 0.016882444089302336] 1 7839.96579909s
2022-02-25 15:47:34.552884 (1.0, 100000.0, 17, 10.0, 0.3, 0.301, 2.0, 3) [0.18044955398483142 0.0026636424885349745 0.0088004214729941813] 1 10585.299598s
2022-02-25 15:47:37.391215 (1.0, 100000.0, 17, 10.0, 0.3, 0.284, 2.0, 3) [0.2050282384690258 0.0033084017109382079 0.0038170253857923025] 1 10588.1702621s
2022-02-25 18:10:52.316345 (1.0, 100000.0, 16, 10.0, 0.3, 0.304, 2.0, 3) [0.18457305892304957 0.0036120761251072597 0.01103773708981878] 1 19181.3643s
2022-02-25 18:11:19.843953 (1.0, 100000.0, 16, 10.0, 0.3, 0.271, 2.0, 3) [0.23776675805762373 0.0020208502798143087 0.002022866649180141] 1 19210.6113682s
2022-02-25 18:11:48.859504 (1.0, 100000.0, 16, 10.0, 0.3, 0.311, 2.0, 3) [0.17723715212403968 0.003501632672441904 0.0139795756670696] 1 19239.2050302s
2022-02-25 18:12:11.397525 (1.0, 100000.0, 16, 10.0, 0.3, 0.298, 2.0, 3) [0.19626315485540932 0.0062592589914940051 0.0076269425349715196] 1 19260.605092s
2022-02-25 18:12:44.484554 (1.0, 100000.0, 16, 10.0, 0.3, 0.301, 2.0, 3) [0.1864624233467288 0.0032171955839160422 0.010395372282937246] 1 19294.273133s
2022-02-25 20:10:49.655975 (1.0, 100000.0, 17, 10.0, 0.3, 0.271, 2.0, 3) [0.2265911517941232 0.004230731198580152 0.0018386208553605701] 1 26380.3843322s
2022-02-25 20:11:03.559964 (1.0, 100000.0, 17, 10.0, 0.3, 0.331, 2.0, 3) [0.1404313341766999 0.0056007951206004779 0.033951758515554029] 1 26394.3117321s
2022-02-25 20:11:08.208499 (1.0, 100000.0, 17, 10.0, 0.3, 0.298, 2.0, 3) [0.18451615740270477 0.0037425124403026493 0.0076706266241169385] 1 26397.6804359s
2022-02-25 20:12:00.666937 (1.0, 100000.0, 17, 10.0, 0.3, 0.311, 2.0, 3) [0.1682301066469108 0.0028388217943994105 0.013337286933742407] 1 26449.6926291s
2022-02-25 20:12:18.727219 (1.0, 100000.0, 17, 10.0, 0.3, 0.318, 2.0, 3) [0.15642537621913466 0.0034435091697134941 0.019844048358677587] 1 26467.8847771s
2022-02-26 00:05:50.112167 (1.0, 100000.0, 18, 10.0, 0.3, 0.298, 2.0, 3) [0.17520744999956134 0.0053103229667297684 0.0074080963367828372] 1 40478.9218781s
2022-02-26 00:12:06.251740 (1.0, 100000.0, 18, 10.0, 0.3, 0.291, 2.0, 3) [0.18823642659954226 0.0038716676668130372 0.0046432644827027868] 1 40856.34551s
2022-02-26 00:12:45.455695 (1.0, 100000.0, 18, 10.0, 0.3, 0.318, 2.0, 3) [0.15169443702505325 0.003031549725218611 0.017238136193906677] 1 40894.1190088s
2022-02-26 00:16:24.547225 (1.0, 100000.0, 18, 10.0, 0.3, 0.296, 2.0, 3) [0.177984724793735 0.0036304940554558922 0.0066979407618175781] 1 41113.119803s
2022-02-26 00:16:58.041612 (1.0, 100000.0, 18, 10.0, 0.3, 0.304, 2.0, 3) [0.162218308364602 0.0030025797812520461 0.011778677228783516] 1 41146.7280619s
2022-02-26 00:17:08.981205 (1.0, 100000.0, 18, 10.0, 0.3, 0.301, 2.0, 3) [0.17561205429603982 0.0052285661127655795 0.0073459112297868338] 1 41157.50893s
