2021-05-24 20:31:49.403046 (1.0, 1000000.0, 6, 10.0, 0.3, 0.28, 0.1, 3) [0.4969674651629307 0.0021546158114373413 0.010670497212767832] 1
2021-05-24 20:32:30.344061 (1.0, 1000000.0, 6, 10.0, 0.3, 0.4, 0.1, 3) [0.33313495804612125 0.0024592341820486234 0.074742267357379322] 1
2021-05-24 20:50:35.864647 (1.0, 1000000.0, 7, 10.0, 0.3, 0.26, 0.1, 3) [0.46508271317094974 0.0015939875051065194 0.0061490589302055027] 1
2021-05-24 20:50:55.909240 (1.0, 1000000.0, 7, 10.0, 0.3, 0.22, 0.1, 3) [0.5364102951630829 0.0019174525605178472 0.002267978082800411] 1
2021-05-24 20:51:54.898510 (1.0, 1000000.0, 7, 10.0, 0.3, 0.34, 0.1, 3) [0.3466560372148875 0.0010935147439229485 0.032049745467596612] 1
2021-05-24 20:53:29.837085 (1.0, 1000000.0, 7, 10.0, 0.3, 0.36, 0.1, 3) [0.3216659785999279 0.0022795621125798137 0.045315778983395796] 1
2021-05-24 21:22:36.174857 (1.0, 1000000.0, 8, 10.0, 0.3, 0.34, 0.1, 3) [0.2987223882588606 0.0021093972518426477 0.034324319370920162] 1
2021-05-24 21:23:41.125236 (1.0, 1000000.0, 8, 10.0, 0.3, 0.22, 0.1, 3) [0.490132977932915 0.0027000855765925082 0.0016222739906833882] 1
2021-05-24 21:26:10.914301 (1.0, 1000000.0, 8, 10.0, 0.3, 0.4, 0.1, 3) [0.23180272263014928 0.0022046626960574912 0.097992276699242098] 1
2021-05-24 22:01:28.008823 (1.0, 1000000.0, 9, 10.0, 0.3, 0.4, 0.1, 3) [0.19716910228842863 0.0014727815379157677 0.11377149799886094] 1
2021-05-24 22:03:03.300119 (1.0, 1000000.0, 9, 10.0, 0.3, 0.32, 0.1, 3) [0.28847936313142375 0.0024194757365378124 0.022729461757901193] 1
2021-05-24 22:05:41.767426 (1.0, 1000000.0, 9, 10.0, 0.3, 0.26, 0.1, 3) [0.37825542606315177 0.0021849856131061661 0.004538628191598856] 1
2021-05-24 22:20:37.401281 (1.0, 1000000.0, 6, 10.0, 0.3, 0.24, 0.1, 3) [0.5627606968438289 0.002148528305042616 0.0048486887377726662] 1
2021-05-24 22:20:46.488833 (1.0, 1000000.0, 6, 10.0, 0.3, 0.22, 0.1, 3) [0.5986122271469475 0.0021799221521904334 0.0031540136948600855] 1
2021-05-24 22:27:09.416524 (1.0, 1000000.0, 6, 10.0, 0.3, 0.2, 0.1, 3) [0.6361224296885035 0.0016209025621742484 0.0020105372084153368] 1
2021-05-24 22:28:18.697863 (1.0, 1000000.0, 6, 10.0, 0.3, 0.34, 0.1, 3) [0.4062000435883463 0.002494845776928308 0.031506234799969314] 1
2021-05-24 22:29:34.417688 (1.0, 1000000.0, 6, 10.0, 0.3, 0.36, 0.1, 3) [0.3803449365041186 0.0033072443038547955 0.042869167272319632] 1
2021-05-24 22:29:43.689016 (1.0, 1000000.0, 6, 10.0, 0.3, 0.3, 0.1, 3) [0.46406540714893185 0.0025216137093519216 0.015811331895006865] 1
2021-05-24 22:57:50.044740 (1.0, 1000000.0, 10, 10.0, 0.3, 0.3, 0.1, 3) [0.28509658685763617 0.00095423643822713981 0.013674017819678006] 1
2021-05-24 22:58:28.351297 (1.0, 1000000.0, 10, 10.0, 0.3, 0.32, 0.1, 3) [0.25802812701123845 0.0017020046655323092 0.023421783835400407] 1
2021-05-24 22:59:57.253016 (1.0, 1000000.0, 10, 10.0, 0.3, 0.4, 0.1, 3) [0.17036229345001155 0.0013580124245032279 0.12989026662346193] 1
2021-05-24 23:01:00.693431 (1.0, 1000000.0, 10, 10.0, 0.3, 0.36, 0.1, 3) [0.210066938725359 0.0017636841686661723 0.060330048566376894] 1
2021-05-24 23:21:48.260724 (1.0, 1000000.0, 7, 10.0, 0.3, 0.3, 0.1, 3) [0.40188657911965847 0.0023487416390936531 0.014860876723840183] 1
2021-05-24 23:22:01.817650 (1.0, 1000000.0, 7, 10.0, 0.3, 0.2, 0.1, 3) [0.5754027880206022 0.0023606125901208114 0.001314837512105461] 1
2021-05-24 23:52:04.831025 (1.0, 1000000.0, 8, 10.0, 0.3, 0.24, 0.1, 3) [0.4503196794158068 0.0017290033369198215 0.003063453569773702] 1
2021-05-24 23:52:09.343643 (1.0, 1000000.0, 8, 10.0, 0.3, 0.3, 0.1, 3) [0.3533669557215389 0.0014247556486914985 0.014405705991790817] 1
2021-05-24 23:52:50.958394 (1.0, 1000000.0, 8, 10.0, 0.3, 0.2, 0.1, 3) [0.5254701153958359 0.0030482554859177207 0.00092141332371743832] 1
2021-05-24 23:54:47.422540 (1.0, 1000000.0, 8, 10.0, 0.3, 0.28, 0.1, 3) [0.38300515685605024 0.0027159971045239732 0.0089791166731777051] 1
2021-05-25 00:12:03.032926 (1.0, 1000000.0, 6, 10.0, 0.3, 0.38, 0.1, 3) [0.3557827042534888 0.0020437739295413597 0.057252449198160568] 1
2021-05-25 00:13:35.649959 (1.0, 1000000.0, 6, 10.0, 0.3, 0.32, 0.1, 3) [0.434042560195906 0.0030050706713200203 0.022629377363414319] 1
2021-05-25 00:14:50.475560 (1.0, 1000000.0, 6, 10.0, 0.3, 0.26, 0.1, 3) [0.5286547048953697 0.0018001121581208378 0.0073004292253326967] 1
2021-05-25 00:17:57.978463 (1.0, 1000000.0, 11, 10.0, 0.3, 0.22, 0.1, 3) [0.3913697560112114 0.0028710476090048139 0.00074658612165642759] 1
2021-05-25 00:19:18.563026 (1.0, 1000000.0, 11, 10.0, 0.3, 0.26, 0.1, 3) [0.31720553425270204 0.001391142985322846 0.0038114303747676164] 1
2021-05-25 00:20:50.034399 (1.0, 1000000.0, 11, 10.0, 0.3, 0.24, 0.1, 3) [0.35351595249537016 0.0012122159082145129 0.0017165326892437224] 1
2021-05-25 00:21:22.726640 (1.0, 1000000.0, 11, 10.0, 0.3, 0.3, 0.1, 3) [0.2573761965767736 0.0019562371785706956 0.014179515091830757] 1
2021-05-25 01:36:31.809152 (1.0, 1000000.0, 9, 10.0, 0.3, 0.38, 0.1, 3) [0.2166918653271939 0.0015454328786750544 0.081055515442305298] 1
2021-05-25 01:38:06.416914 (1.0, 1000000.0, 9, 10.0, 0.3, 0.34, 0.1, 3) [0.2629473058833366 0.0019050042336592591 0.035868143326088522] 1
2021-05-25 01:48:45.024178 (1.0, 1000000.0, 9, 10.0, 0.3, 0.24, 0.1, 3) [0.4123262275396871 0.0014851732369090245 0.0024614414573731124] 1
2021-05-25 01:50:55.150200 (1.0, 1000000.0, 9, 10.0, 0.3, 0.36, 0.1, 3) [0.23865684325862238 0.002037412975081141 0.055145953751603062] 1
2021-05-25 02:04:47.691297 (1.0, 1000000.0, 12, 10.0, 0.3, 0.28, 0.1, 3) [0.2661065938662772 0.0016030909562086578 0.0068804854028602638] 1
2021-05-25 02:07:01.879252 (1.0, 1000000.0, 12, 10.0, 0.3, 0.3, 0.1, 3) [0.2367409620531941 0.0015064843783508773 0.013896661520089082] 1
2021-05-25 02:09:41.511605 (1.0, 1000000.0, 12, 10.0, 0.3, 0.26, 0.1, 3) [0.2982322867641591 0.0017345339367663356 0.0031843015182421086] 1
2021-05-25 03:22:20.462733 (1.0, 1000000.0, 10, 10.0, 0.3, 0.34, 0.1, 3) [0.23238141819681277 0.0013730333062646329 0.038900454020955155] 1
2021-05-25 03:22:52.841939 (1.0, 1000000.0, 10, 10.0, 0.3, 0.38, 0.1, 3) [0.1877708372552792 0.0016751341826342573 0.092947583636664013] 1
2021-05-25 04:53:05.658381 (1.0, 1000000.0, 13, 10.0, 0.3, 0.2, 0.1, 3) [0.38851069289752854 0.001303234816741563 0.00016776379651300095] 1
2021-05-25 04:55:05.302720 (1.0, 1000000.0, 13, 10.0, 0.3, 0.36, 0.1, 3) [0.14718818300125017 0.001678390854566221 0.086268683176545694] 1
2021-05-25 05:06:20.090181 (1.0, 1000000.0, 8, 10.0, 0.3, 0.26, 0.1, 3) [0.4158397268275822 0.0017864623681319507 0.0053141016992977949] 1
2021-05-25 05:07:24.505866 (1.0, 1000000.0, 8, 10.0, 0.3, 0.32, 0.1, 3) [0.3269367265650351 0.0022285087064223639 0.02196445745448164] 1
2021-05-25 05:08:02.592356 (1.0, 1000000.0, 8, 10.0, 0.3, 0.36, 0.1, 3) [0.2748718914345118 0.0017274243929117558 0.050000224513375963] 1
2021-05-25 05:08:21.370421 (1.0, 1000000.0, 8, 10.0, 0.3, 0.38, 0.1, 3) [0.25160543034873223 0.0018526459703666173 0.072022825154696879] 1
2021-05-25 06:31:36.556416 (1.0, 1000000.0, 11, 10.0, 0.3, 0.28, 0.1, 3) [0.2876238138476914 0.0017270318040249939 0.0073079068758765417] 1
2021-05-25 06:32:17.550193 (1.0, 1000000.0, 11, 10.0, 0.3, 0.34, 0.1, 3) [0.20781365151112238 0.0014210691519662463 0.041871445156127653] 1
2021-05-25 07:03:00.526600 (1.0, 1000000.0, 7, 10.0, 0.3, 0.28, 0.1, 3) [0.43345232971124226 0.0023689870313268516 0.0095687790483679185] 1
2021-05-25 07:05:51.178294 (1.0, 1000000.0, 7, 10.0, 0.3, 0.32, 0.1, 3) [0.37358824472882945 0.0040472496459048957 0.022046103064644332] 1
2021-05-25 07:09:57.846924 (1.0, 1000000.0, 7, 10.0, 0.3, 0.24, 0.1, 3) [0.49964261578896374 0.0025559318829691314 0.0037927337537340716] 1
2021-05-25 07:10:10.886337 (1.0, 1000000.0, 7, 10.0, 0.3, 0.4, 0.1, 3) [0.2748188547330201 0.0022618077590696034 0.086015987919775383] 1
2021-05-25 07:11:51.176153 (1.0, 1000000.0, 7, 10.0, 0.3, 0.38, 0.1, 3) [0.2965858200872728 0.0032607752250641887 0.063906817078643] 1
2021-05-25 07:55:18.725921 (1.0, 1000000.0, 14, 10.0, 0.3, 0.26, 0.1, 3) [0.2606248050563111 0.001314228486730749 0.0027611795517291926] 1
2021-05-25 07:56:38.083183 (1.0, 1000000.0, 14, 10.0, 0.3, 0.34, 0.1, 3) [0.15277673116391527 0.0013882765394298722 0.055606495987631427] 1
2021-05-25 09:19:45.998715 (1.0, 1000000.0, 9, 10.0, 0.3, 0.2, 0.1, 3) [0.48677310260550455 0.0015582145686876671 0.00064431882618633674] 1
2021-05-25 09:22:06.676707 (1.0, 1000000.0, 9, 10.0, 0.3, 0.3, 0.1, 3) [0.3179301435030079 0.002606127283941924 0.013427302712533205] 1
2021-05-25 09:26:05.754614 (1.0, 1000000.0, 9, 10.0, 0.3, 0.22, 0.1, 3) [0.4492735483807245 0.0028170675034604885 0.001266445496410604] 1
2021-05-25 09:28:50.929270 (1.0, 1000000.0, 9, 10.0, 0.3, 0.28, 0.1, 3) [0.3452434522959466 0.0017415250558958423 0.0082201598060055794] 1
2021-05-25 10:14:46.584192 (1.0, 1000000.0, 12, 10.0, 0.3, 0.34, 0.1, 3) [0.18670475874038414 0.0023110957309747872 0.045679330072726766] 1
2021-05-25 10:15:12.299738 (1.0, 1000000.0, 12, 10.0, 0.3, 0.38, 0.1, 3) [0.14587476306630143 0.0024412291072248458 0.1182959749604536] 1
2021-05-25 10:16:43.513274 (1.0, 1000000.0, 12, 10.0, 0.3, 0.2, 0.1, 3) [0.40678230574002316 0.0011654328964894956 0.00023558730637168073] 1
2021-05-25 10:17:38.678971 (1.0, 1000000.0, 12, 10.0, 0.3, 0.4, 0.1, 3) [0.1292212553849715 0.0017212140156712601 0.17252673400705004] 1
2021-05-25 15:31:08.010347 (1.0, 1000000.0, 13, 10.0, 0.3, 0.26, 0.1, 3) [0.2792176122661934 0.0017735099431120086 0.0028745029191764651] 1
2021-05-25 15:31:23.841875 (1.0, 1000000.0, 13, 10.0, 0.3, 0.24, 0.1, 3) [0.3119102556266113 0.0022675511863502074 0.001227156870808518] 1
2021-05-25 15:34:12.463248 (1.0, 1000000.0, 13, 10.0, 0.3, 0.3, 0.1, 3) [0.21774267211793347 0.0016942339542394688 0.01416157836604034] 1
2021-05-25 15:34:16.409308 (1.0, 1000000.0, 13, 10.0, 0.3, 0.28, 0.1, 3) [0.24576757631800214 0.0010937949063899405 0.0068418750492864533] 1
2021-05-25 15:37:08.701063 (1.0, 1000000.0, 10, 10.0, 0.3, 0.22, 0.1, 3) [0.4166100294314205 0.0020391782838987092 0.00098790677145524689] 1
2021-05-25 15:38:03.698965 (1.0, 1000000.0, 10, 10.0, 0.3, 0.24, 0.1, 3) [0.3795132369107654 0.0014029348253634881 0.0020728182303124559] 1
2021-05-25 15:38:11.912166 (1.0, 1000000.0, 13, 10.0, 0.3, 0.22, 0.1, 3) [0.34942164477276944 0.002163466097057132 0.00046326400213799607] 1
2021-05-25 15:39:04.008666 (1.0, 1000000.0, 10, 10.0, 0.3, 0.2, 0.1, 3) [0.4556917280888647 0.0012663185890278933 0.00045218010534316821] 1
2021-05-25 15:39:10.207924 (1.0, 1000000.0, 10, 10.0, 0.3, 0.26, 0.1, 3) [0.3441045969919861 0.0021966736778635193 0.0042048818193521215] 1
2021-05-25 15:39:30.100902 (1.0, 1000000.0, 13, 10.0, 0.3, 0.32, 0.1, 3) [0.1915789250493634 0.0015501880983331375 0.0278160912391942] 1
2021-05-25 15:40:22.349070 (1.0, 1000000.0, 10, 10.0, 0.3, 0.28, 0.1, 3) [0.3156537179093295 0.0013285891486385585 0.0074383686229790606] 1
2021-05-25 21:27:14.554253 (1.0, 1000000.0, 14, 10.0, 0.3, 0.32, 0.1, 3) [0.17641864674684918 0.0015467615762006939 0.028951404675772823] 1
2021-05-25 21:27:25.349269 (1.0, 1000000.0, 14, 10.0, 0.3, 0.3, 0.1, 3) [0.20017026193043308 0.0018845470369099474 0.014949789534597897] 1
2021-05-25 21:27:58.178071 (1.0, 1000000.0, 14, 10.0, 0.3, 0.2, 0.1, 3) [0.3701922052188757 0.0027662349980679605 0.0001286901313294942] 1
2021-05-25 21:28:54.079242 (1.0, 1000000.0, 14, 10.0, 0.3, 0.4, 0.1, 3) [0.10018079713034103 0.001193227901632106 0.22570673696352661] 1
2021-05-25 21:29:10.070955 (1.0, 1000000.0, 14, 10.0, 0.3, 0.28, 0.1, 3) [0.23124000714844875 0.0019826707694479092 0.0062870312616370846] 1
2021-05-25 21:29:49.562326 (1.0, 1000000.0, 14, 10.0, 0.3, 0.24, 0.1, 3) [0.2985222454320611 0.001749388796045602 0.00095740223847571714] 1
2021-05-26 00:43:54.906351 (1.0, 1000000.0, 11, 10.0, 0.3, 0.2, 0.1, 3) [0.43055711090792453 0.0015038422093202549 0.00031573651443460261] 1
2021-05-26 00:55:48.310402 (1.0, 1000000.0, 11, 10.0, 0.3, 0.32, 0.1, 3) [0.23196795681447693 0.0016155656043839602 0.024728205815364432] 1
2021-05-26 00:58:38.818494 (1.0, 1000000.0, 11, 10.0, 0.3, 0.36, 0.1, 3) [0.1850810426376119 0.0022545478936051343 0.068265771767388003] 1
2021-05-26 00:59:28.356016 (1.0, 1000000.0, 11, 10.0, 0.3, 0.4, 0.1, 3) [0.1480418803742951 0.0016243611578045055 0.14949651985742446] 1
2021-05-26 01:00:41.087718 (1.0, 1000000.0, 11, 10.0, 0.3, 0.38, 0.1, 3) [0.16643009104021006 0.0021073723522714591 0.10170476333722471] 1
2021-05-26 01:47:47.878642 (1.0, 1000000.0, 12, 10.0, 0.3, 0.22, 0.1, 3) [0.3685251839636306 0.0014880199183244485 0.00059030759248101909] 1
2021-05-26 01:53:22.120692 (1.0, 1000000.0, 12, 10.0, 0.3, 0.32, 0.1, 3) [0.2103735854113795 0.0023917326037728301 0.026047017119645906] 1
2021-05-26 01:53:26.723775 (1.0, 1000000.0, 12, 10.0, 0.3, 0.24, 0.1, 3) [0.3316272038958479 0.0022537072715807871 0.0014306604749687005] 1
2021-05-26 01:53:45.474796 (1.0, 1000000.0, 12, 10.0, 0.3, 0.36, 0.1, 3) [0.16602598932472784 0.0013301621540041547 0.074293245257687449] 1
2021-05-26 02:01:27.527650 (1.0, 1000000.0, 13, 10.0, 0.3, 0.38, 0.1, 3) [0.1297477924178257 0.0013650576587602198 0.13324498174951144] 1
2021-05-26 02:01:50.119053 (1.0, 1000000.0, 13, 10.0, 0.3, 0.4, 0.1, 3) [0.11420153212202738 0.0012680727574639402 0.19494328534667185] 1
2021-05-26 02:03:44.143664 (1.0, 1000000.0, 13, 10.0, 0.3, 0.34, 0.1, 3) [0.16966979608303479 0.0013075300966283695 0.048867347322134304] 1
2021-05-26 10:37:44.142417 (1.0, 1000000.0, 14, 10.0, 0.3, 0.38, 0.1, 3) [0.11649004741431801 0.0015123114869684592 0.14813398333303682] 1
2021-05-26 10:42:30.843023 (1.0, 1000000.0, 14, 10.0, 0.3, 0.22, 0.1, 3) [0.3328841037295715 0.0024369861104719822 0.00036534952643696542] 1
2021-05-26 10:46:44.807265 (1.0, 1000000.0, 14, 10.0, 0.3, 0.36, 0.1, 3) [0.133161469244763 0.0016068171547418354 0.094776521128114508] 1
