2022-01-10 14:19:38.319343 (1.0, 1200000.0, 8, 16.0, 0.3, 0.65, 2.0, 3) [0.42334503994569483 0.0018610481509221944 0.0047305488642883026] 1
2022-01-10 14:21:02.854297 (1.0, 1200000.0, 8, 16.0, 0.3, 0.8, 2.0, 3) [0.31207656356587765 0.0018176594896684298 0.028196421480382098] 1
2022-01-10 14:21:19.818241 (1.0, 1200000.0, 8, 16.0, 0.3, 0.73, 2.0, 3) [0.35710686857298596 0.0018706354163500907 0.013686813357681144] 1
2022-01-10 14:21:51.622573 (1.0, 1200000.0, 8, 16.0, 0.3, 0.7, 2.0, 3) [0.37898886865492337 0.0025866287071365131 0.0096294735441293574] 1
2022-01-10 14:22:06.606094 (1.0, 1200000.0, 8, 16.0, 0.3, 0.76, 2.0, 3) [0.33602120185124973 0.00075927091641278511 0.019191193973706184] 1
2022-01-10 15:05:37.824979 (1.0, 1200000.0, 9, 16.0, 0.3, 0.74, 2.0, 3) [0.31364368730144226 0.0011902559505392221 0.014614212243984584] 1
2022-01-10 15:07:18.539499 (1.0, 1200000.0, 9, 16.0, 0.3, 0.79, 2.0, 3) [0.28167579683262867 0.0012737345086440476 0.025978325996438865] 1
2022-01-10 15:07:27.630885 (1.0, 1200000.0, 9, 16.0, 0.3, 0.76, 2.0, 3) [0.29869708611991147 0.0012567969166657363 0.019099458949694881] 1
2022-01-10 15:07:35.153388 (1.0, 1200000.0, 9, 16.0, 0.3, 0.77, 2.0, 3) [0.29335912210812687 0.0021354915240924233 0.021054485341967796] 1
2022-01-10 15:09:47.449016 (1.0, 1200000.0, 9, 16.0, 0.3, 0.8, 2.0, 3) [0.2740542816294738 0.0019397635420979979 0.029760257591864799] 1
2022-01-10 15:11:32.137928 (1.0, 1200000.0, 9, 16.0, 0.3, 0.82, 2.0, 3) [0.2645578825189865 0.0021596295140397506 0.035327204313595331] 1
2022-01-10 15:18:18.154364 (1.0, 1200000.0, 8, 16.0, 0.3, 0.69, 2.0, 3) [0.38819497566042 0.0015523455488783121 0.0083102562935575813] 1
2022-01-10 16:17:47.142351 (1.0, 1200000.0, 10, 16.0, 0.3, 0.68, 2.0, 3) [0.328046104772187 0.0013321935491007676 0.0058201108851701653] 1
2022-01-10 16:18:28.923023 (1.0, 1200000.0, 10, 16.0, 0.3, 0.73, 2.0, 3) [0.2900007960723627 0.0014147166837789531 0.012479429420254564] 1
2022-01-10 16:19:01.966736 (1.0, 1200000.0, 10, 16.0, 0.3, 0.8, 2.0, 3) [0.24729100019929975 0.0010400345106283415 0.029321122122454277] 1
2022-01-10 16:19:10.471676 (1.0, 1200000.0, 10, 16.0, 0.3, 0.77, 2.0, 3) [0.26484984829125796 0.0019331124382799228 0.020660681125489966] 1
2022-01-10 16:19:16.332206 (1.0, 1200000.0, 10, 16.0, 0.3, 0.72, 2.0, 3) [0.2976195628952173 0.0014383233390111089 0.010718226667217926] 1
2022-01-10 16:21:27.246718 (1.0, 1200000.0, 10, 16.0, 0.3, 0.84, 2.0, 3) [0.22694422208387519 0.0015413873476456208 0.043999896604466217] 1
2022-01-10 17:38:57.846770 (1.0, 1200000.0, 8, 16.0, 0.3, 0.79, 2.0, 3) [0.3158996524378292 0.0010058412559296893 0.026496481101684378] 1
2022-01-10 17:39:20.596807 (1.0, 1200000.0, 8, 16.0, 0.3, 0.78, 2.0, 3) [0.32155913945902237 0.0014116202492314395 0.024158729860026807] 1
2022-01-10 17:41:18.955540 (1.0, 1200000.0, 8, 16.0, 0.3, 0.67, 2.0, 3) [0.40486313983331723 0.0014667747312618392 0.0063599642249014803] 1
2022-01-10 17:43:28.100811 (1.0, 1200000.0, 8, 16.0, 0.3, 0.72, 2.0, 3) [0.3635463245134744 0.0017668716892581583 0.01232694549239723] 1
2022-01-10 17:48:46.966346 (1.0, 1200000.0, 8, 16.0, 0.3, 0.74, 2.0, 3) [0.3490976896160217 0.001439274664337367 0.015553329913862608] 1
2022-01-10 17:48:55.250558 (1.0, 1200000.0, 8, 16.0, 0.3, 0.85, 2.0, 3) [0.2827219500311955 0.0014220528474777993 0.045010485629212386] 1
2022-01-10 17:49:08.694437 (1.0, 1200000.0, 8, 16.0, 0.3, 0.81, 2.0, 3) [0.3035794268827841 0.0023586792358945181 0.032189196372327318] 1
2022-01-10 17:51:28.379760 (1.0, 1200000.0, 8, 16.0, 0.3, 0.83, 2.0, 3) [0.2944265102157042 0.001315429981004652 0.03735163662581216] 1
2022-01-10 17:53:09.121197 (1.0, 1200000.0, 11, 16.0, 0.3, 0.75, 2.0, 3) [0.2526168129183232 0.0010083151989690705 0.015877969617898124] 1
2022-01-10 17:55:45.799747 (1.0, 1200000.0, 11, 16.0, 0.3, 0.74, 2.0, 3) [0.2598088394749803 0.001146506525128773 0.013553121288069235] 1
2022-01-10 17:56:55.719623 (1.0, 1200000.0, 11, 16.0, 0.3, 0.65, 2.0, 3) [0.33121286652431386 0.0019454376581024275 0.0028156989221802494] 1
2022-01-10 17:58:26.630159 (1.0, 1200000.0, 11, 16.0, 0.3, 0.72, 2.0, 3) [0.27262618161415664 0.0015628837218267734 0.010218432025379724] 1
2022-01-10 19:10:06.572190 (1.0, 1200000.0, 9, 16.0, 0.3, 0.67, 2.0, 3) [0.36935955088386435 0.001626066068968016 0.005352387279269173] 1
2022-01-10 19:10:46.989387 (1.0, 1200000.0, 9, 16.0, 0.3, 0.65, 2.0, 3) [0.3851711919591968 0.0031485294164976681 0.0040183172850435855] 1
2022-01-10 19:40:53.178767 (1.0, 1200000.0, 9, 16.0, 0.3, 0.84, 2.0, 3) [0.25471362490756494 0.0013896773539753377 0.042219009947732894] 1
2022-01-10 19:41:44.298090 (1.0, 1200000.0, 9, 16.0, 0.3, 0.81, 2.0, 3) [0.2699552007084507 0.0014610224847949617 0.032082156330438844] 1
2022-01-10 20:04:44.017671 (1.0, 1200000.0, 12, 16.0, 0.3, 0.67, 2.0, 3) [0.28921264195067725 0.0017345585938122726 0.0039666458556503904] 1
2022-01-10 20:06:02.802354 (1.0, 1200000.0, 12, 16.0, 0.3, 0.71, 2.0, 3) [0.25877996275246246 0.0020090020790182908 0.0082446883192357334] 1
2022-01-10 20:06:38.460073 (1.0, 1200000.0, 12, 16.0, 0.3, 0.75, 2.0, 3) [0.232394845475264 0.001401824798529637 0.015535098153069422] 1
2022-01-10 20:09:56.749463 (1.0, 1200000.0, 12, 16.0, 0.3, 0.66, 2.0, 3) [0.2986087237300744 0.0017127064413501789 0.0031661640728889305] 1
2022-01-10 20:19:28.970956 (1.0, 1200000.0, 12, 16.0, 0.3, 0.74, 2.0, 3) [0.2379472260302216 0.00089605504382545215 0.013590979925307318] 1
2022-01-10 21:48:26.396561 (1.0, 1200000.0, 10, 16.0, 0.3, 0.85, 2.0, 3) [0.22458268595885797 0.0019776841670024379 0.046197003960766189] 1
2022-01-10 21:49:11.858454 (1.0, 1200000.0, 10, 16.0, 0.3, 0.79, 2.0, 3) [0.25329161757495755 0.0019390012436950291 0.026029391460287852] 1
2022-01-10 21:52:54.177031 (1.0, 1200000.0, 10, 16.0, 0.3, 0.69, 2.0, 3) [0.3200849436141375 0.0022864369421205103 0.0068384992100308708] 1
2022-01-10 21:53:00.007058 (1.0, 1200000.0, 10, 16.0, 0.3, 0.75, 2.0, 3) [0.2768056087984481 0.0013908505196168334 0.016253997901381712] 1
2022-01-10 22:07:54.458345 (1.0, 1200000.0, 10, 16.0, 0.3, 0.78, 2.0, 3) [0.258604050746296 0.0013756992226122207 0.023378002257017624] 1
2022-01-10 22:11:49.132249 (1.0, 1200000.0, 10, 16.0, 0.3, 0.81, 2.0, 3) [0.24139834110950603 0.002017445393359618 0.03297430537261721] 1
2022-01-10 23:16:59.316602 (1.0, 1200000.0, 13, 16.0, 0.3, 0.8, 2.0, 3) [0.1865009535323269 0.0010740785894642827 0.032038631297023376] 1
2022-01-10 23:20:52.216698 (1.0, 1200000.0, 13, 16.0, 0.3, 0.65, 2.0, 3) [0.2900817684396311 0.0015231455320011042 0.0021737664862743794] 1
2022-01-10 23:29:17.244748 (1.0, 1200000.0, 13, 16.0, 0.3, 0.84, 2.0, 3) [0.16939765141779423 0.00084530913866968493 0.049881475610179492] 1
2022-01-11 01:01:38.649118 (1.0, 1200000.0, 9, 16.0, 0.3, 0.75, 2.0, 3) [0.3067155496170316 0.0027917770314329232 0.016555045357060934] 1
2022-01-11 01:06:39.062629 (1.0, 1200000.0, 9, 16.0, 0.3, 0.83, 2.0, 3) [0.25897692506251696 0.0015016837146098509 0.039042533980348584] 1
2022-01-11 01:08:12.089277 (1.0, 1200000.0, 9, 16.0, 0.3, 0.78, 2.0, 3) [0.2864729078488236 0.0014624097096857314 0.02380435776452754] 1
2022-01-11 01:09:34.805271 (1.0, 1200000.0, 9, 16.0, 0.3, 0.66, 2.0, 3) [0.3775691960612803 0.001535561866742711 0.0046143862286973448] 1
2022-01-11 01:11:17.947179 (1.0, 1200000.0, 9, 16.0, 0.3, 0.72, 2.0, 3) [0.32766811121877976 0.00092259767057556485 0.01134253948815383] 1
2022-01-11 01:20:13.729335 (1.0, 1200000.0, 9, 16.0, 0.3, 0.71, 2.0, 3) [0.3344836869252429 0.0017432141187431853 0.010028376161361973] 1
2022-01-11 01:30:54.120722 (1.0, 1200000.0, 11, 16.0, 0.3, 0.82, 2.0, 3) [0.21497312295718227 0.0012633061730917296 0.036328645431444366] 1
2022-01-11 01:33:41.892275 (1.0, 1200000.0, 11, 16.0, 0.3, 0.85, 2.0, 3) [0.2004980643444944 0.0015272236855252053 0.049849201036254301] 1
2022-01-11 01:43:01.572150 (1.0, 1200000.0, 11, 16.0, 0.3, 0.69, 2.0, 3) [0.29663680355958755 0.0018489086892313177 0.0060265225140026628] 1
2022-01-11 01:43:55.996937 (1.0, 1200000.0, 11, 16.0, 0.3, 0.66, 2.0, 3) [0.321850342484295 0.0016422706151554569 0.0034589293039739085] 1
2022-01-11 01:46:52.254942 (1.0, 1200000.0, 11, 16.0, 0.3, 0.76, 2.0, 3) [0.24684160787855722 0.0015121539007330119 0.018029393216073549] 1
2022-01-11 01:46:54.732111 (1.0, 1200000.0, 11, 16.0, 0.3, 0.84, 2.0, 3) [0.20452239511367268 0.00087625666062585226 0.045628835664736966] 1
2022-01-11 01:56:28.333167 (1.0, 1200000.0, 11, 16.0, 0.3, 0.79, 2.0, 3) [0.2292529849471554 0.001306512878549402 0.026520852808338349] 1
2022-01-11 01:57:43.886626 (1.0, 1200000.0, 11, 16.0, 0.3, 0.77, 2.0, 3) [0.2386960909265903 0.0016594869276092832 0.021501207266263037] 1
2022-01-11 02:10:16.331028 (1.0, 1200000.0, 11, 16.0, 0.3, 0.78, 2.0, 3) [0.23397834747247248 0.0026712598348830139 0.023913461484681604] 1
2022-01-11 02:11:00.383199 (1.0, 1200000.0, 11, 16.0, 0.3, 0.8, 2.0, 3) [0.22314066864104756 0.0013367930996418457 0.030314352194588369] 1
2022-01-11 02:54:24.087514 (1.0, 1200000.0, 14, 16.0, 0.3, 0.79, 2.0, 3) [0.17862810553405467 0.0019940121146675887 0.027536882338152428] 1
2022-01-11 02:59:07.635207 (1.0, 1200000.0, 14, 16.0, 0.3, 0.77, 2.0, 3) [0.1886458385509864 0.00130870159094728 0.0207982548566822] 1
2022-01-11 02:59:24.132909 (1.0, 1200000.0, 14, 16.0, 0.3, 0.81, 2.0, 3) [0.16875797921197463 0.0011317290433937449 0.036247156556353771] 1
2022-01-11 03:03:37.417968 (1.0, 1200000.0, 14, 16.0, 0.3, 0.75, 2.0, 3) [0.19910173642103488 0.0011150715808908743 0.015513353370617142] 1
2022-01-11 03:03:55.553673 (1.0, 1200000.0, 14, 16.0, 0.3, 0.73, 2.0, 3) [0.21186507087377224 0.0010467045766030675 0.010861704701024469] 1
2022-01-11 03:07:02.778092 (1.0, 1200000.0, 14, 16.0, 0.3, 0.65, 2.0, 3) [0.2736316409308171 0.0013429368320497584 0.0019248059683296614] 1
2022-01-11 03:08:18.812498 (1.0, 1200000.0, 10, 16.0, 0.3, 0.7, 2.0, 3) [0.3126515380598235 0.0025694371090942761 0.0079291626361322164] 1
2022-01-11 03:10:22.874523 (1.0, 1200000.0, 10, 16.0, 0.3, 0.67, 2.0, 3) [0.33776821012920366 0.0016897233309757067 0.0047978243137362315] 1
2022-01-11 03:12:54.631683 (1.0, 1200000.0, 10, 16.0, 0.3, 0.74, 2.0, 3) [0.28430526899364517 0.0017001485459222409 0.014002437828919275] 1
2022-01-11 04:26:48.706336 (1.0, 1200000.0, 16, 16.0, 0.3, 0.72, 2.0, 3) [0.19234130852519554 0.0014339997878430784 0.0086693494179300983] 1
2022-01-11 04:41:46.924482 (1.0, 1200000.0, 16, 16.0, 0.3, 0.77, 2.0, 3) [0.16350603409515024 0.0011345415331167313 0.021804792614752266] 1
2022-01-11 04:47:22.417945 (1.0, 1200000.0, 16, 16.0, 0.3, 0.8, 2.0, 3) [0.14949404000641534 0.0014251597996995039 0.034078200617781759] 1
2022-01-11 04:52:18.503530 (1.0, 1200000.0, 16, 16.0, 0.3, 0.73, 2.0, 3) [0.18728082455967715 0.0016758727660985077 0.010199700891680621] 1
2022-01-11 05:58:58.899580 (1.0, 1200000.0, 12, 16.0, 0.3, 0.78, 2.0, 3) [0.21416035121297258 0.0016210392811327409 0.024039127461112041] 1
2022-01-11 05:59:04.046128 (1.0, 1200000.0, 12, 16.0, 0.3, 0.85, 2.0, 3) [0.18190900203275628 0.0014520599410822884 0.051984360580617089] 1
2022-01-11 06:01:23.826990 (1.0, 1200000.0, 12, 16.0, 0.3, 0.68, 2.0, 3) [0.2831807384351095 0.0021473308615757537 0.0045892089825911369] 1
2022-01-11 06:01:34.620095 (1.0, 1200000.0, 12, 16.0, 0.3, 0.69, 2.0, 3) [0.2755497754665968 0.0017931934967698856 0.0055188796528553938] 1
2022-01-11 06:09:31.518020 (1.0, 1200000.0, 12, 16.0, 0.3, 0.73, 2.0, 3) [0.24508644049531592 0.0011101579682639149 0.0114562115817989] 1
2022-01-11 06:10:22.582276 (1.0, 1200000.0, 12, 16.0, 0.3, 0.72, 2.0, 3) [0.2518741863953412 0.0014223008505139 0.0097305459818993675] 1
2022-01-11 06:31:52.399728 (1.0, 1200000.0, 12, 16.0, 0.3, 0.77, 2.0, 3) [0.2197301479126791 0.0018555204995072715 0.021045712947280405] 1
2022-01-11 06:37:34.330546 (1.0, 1200000.0, 12, 16.0, 0.3, 0.8, 2.0, 3) [0.20409455784345462 0.0015021191808483178 0.030586070009359836] 1
2022-01-11 08:37:12.450099 (1.0, 1200000.0, 8, 16.0, 0.3, 0.66, 2.0, 3) [0.41495645615175697 0.0026564259245356069 0.0054126777667239884] 1
2022-01-11 08:37:31.560621 (1.0, 1200000.0, 8, 16.0, 0.3, 0.75, 2.0, 3) [0.34293549673431245 0.0014124506593846751 0.017177426052628657] 1
2022-01-11 08:42:37.615178 (1.0, 1200000.0, 8, 16.0, 0.3, 0.82, 2.0, 3) [0.2988922530254481 0.0011438675505466788 0.034778477085731722] 1
2022-01-11 08:42:38.915807 (1.0, 1200000.0, 8, 16.0, 0.3, 0.77, 2.0, 3) [0.3294851597932442 0.0019735702778595444 0.021304923735283095] 1
2022-01-11 08:44:06.682054 (1.0, 1200000.0, 8, 16.0, 0.3, 0.84, 2.0, 3) [0.288196540316754 0.0012602105740570876 0.041248199190620359] 1
2022-01-11 08:44:29.478261 (1.0, 1200000.0, 8, 16.0, 0.3, 0.68, 2.0, 3) [0.39527509076169237 0.0023644244955926615 0.0074169153109132904] 1
2022-01-11 08:45:21.615098 (1.0, 1200000.0, 8, 16.0, 0.3, 0.71, 2.0, 3) [0.37252469880582 0.0016354223946322341 0.010688152517658443] 1
2022-01-11 09:28:55.826650 (1.0, 1200000.0, 11, 16.0, 0.3, 0.83, 2.0, 3) [0.20851735475660518 0.0017490436392874973 0.041800801715359159] 1
2022-01-11 09:32:41.004134 (1.0, 1200000.0, 11, 16.0, 0.3, 0.7, 2.0, 3) [0.288752630129436 0.0019872603702424888 0.0071658620754946386] 1
2022-01-11 09:35:30.932563 (1.0, 1200000.0, 11, 16.0, 0.3, 0.73, 2.0, 3) [0.26544288984898007 0.0016162011840598679 0.011963899757661741] 1
2022-01-11 10:09:10.226038 (1.0, 1200000.0, 9, 16.0, 0.3, 0.73, 2.0, 3) [0.32160430378141974 0.0020076135569815244 0.012655810022328774] 1
2022-01-11 10:10:09.773350 (1.0, 1200000.0, 9, 16.0, 0.3, 0.7, 2.0, 3) [0.3420842306033687 0.0021928065433417772 0.0087344826488231792] 1
2022-01-11 10:14:42.866328 (1.0, 1200000.0, 9, 16.0, 0.3, 0.69, 2.0, 3) [0.35077500176521237 0.001683738557230328 0.0074797774744476981] 1
2022-01-11 10:18:00.769425 (1.0, 1200000.0, 9, 16.0, 0.3, 0.85, 2.0, 3) [0.25046708608408164 0.0014228593804965176 0.045603031629941018] 1
2022-01-11 10:18:55.082771 (1.0, 1200000.0, 9, 16.0, 0.3, 0.68, 2.0, 3) [0.36079861261146734 0.0016685395010821267 0.0062448713730653702] 1
2022-01-11 12:24:17.621551 (1.0, 1200000.0, 13, 16.0, 0.3, 0.81, 2.0, 3) [0.18198492403941693 0.0014491240098535459 0.03603308160523102] 1
2022-01-11 12:25:06.883404 (1.0, 1200000.0, 13, 16.0, 0.3, 0.74, 2.0, 3) [0.22032918599364412 0.0014776584239913867 0.013328727834618992] 1
2022-01-11 12:25:11.848613 (1.0, 1200000.0, 13, 16.0, 0.3, 0.69, 2.0, 3) [0.25585156214340626 0.0016864796632116545 0.0052931141000540733] 1
2022-01-11 12:25:45.879278 (1.0, 1200000.0, 13, 16.0, 0.3, 0.82, 2.0, 3) [0.17812252650066496 0.0013871029588563228 0.039826322923596967] 1
2022-01-11 12:34:22.580961 (1.0, 1200000.0, 13, 16.0, 0.3, 0.71, 2.0, 3) [0.24125382644194418 0.0010491084152480081 0.0077416115656182612] 1
2022-01-11 12:37:42.697024 (1.0, 1200000.0, 13, 16.0, 0.3, 0.85, 2.0, 3) [0.165891128864129 0.0010037776400132997 0.054675247279870338] 1
2022-01-11 12:39:41.933554 (1.0, 1200000.0, 13, 16.0, 0.3, 0.67, 2.0, 3) [0.2711521845007417 0.0021233739919651615 0.0035518492958232771] 1
2022-01-11 12:39:57.835889 (1.0, 1200000.0, 13, 16.0, 0.3, 0.76, 2.0, 3) [0.20768007869737384 0.0016187590113854958 0.018512857384706493] 1
2022-01-11 12:41:37.724162 (1.0, 1200000.0, 13, 16.0, 0.3, 0.79, 2.0, 3) [0.1921370968651451 0.0012951729574090813 0.027717605267331153] 1
2022-01-11 12:41:45.101033 (1.0, 1200000.0, 13, 16.0, 0.3, 0.68, 2.0, 3) [0.2643435956340075 0.0012488195295585832 0.0042457866879488894] 1
2022-01-11 12:44:28.326985 (1.0, 1200000.0, 13, 16.0, 0.3, 0.77, 2.0, 3) [0.20275063781985375 0.00078900296106432591 0.021047405211610089] 1
2022-01-11 12:45:24.579556 (1.0, 1200000.0, 13, 16.0, 0.3, 0.75, 2.0, 3) [0.21494074346525813 0.0011256402037596437 0.015338628757648853] 1
2022-01-11 16:14:25.268200 (1.0, 1200000.0, 12, 16.0, 0.3, 0.7, 2.0, 3) [0.26624504547254235 0.0011865835152200912 0.0068932844852524836] 1
2022-01-11 16:14:36.793220 (1.0, 1200000.0, 12, 16.0, 0.3, 0.76, 2.0, 3) [0.2257730892051002 0.0018575508814011384 0.018213461774835363] 1
2022-01-11 16:19:20.094862 (1.0, 1200000.0, 12, 16.0, 0.3, 0.84, 2.0, 3) [0.1851589610743776 0.0020534946233983476 0.048051163599032602] 1
2022-01-11 17:02:25.434009 (1.0, 1200000.0, 11, 16.0, 0.3, 0.67, 2.0, 3) [0.313371404493228 0.0012748577859970417 0.0041718111189489593] 1
2022-01-11 17:05:21.119787 (1.0, 1200000.0, 11, 16.0, 0.3, 0.68, 2.0, 3) [0.3051041811075879 0.0018612238756259515 0.0050005332185465694] 1
2022-01-11 17:06:00.997286 (1.0, 1200000.0, 11, 16.0, 0.3, 0.81, 2.0, 3) [0.21893140549845605 0.0015515694005679844 0.033294188120460581] 1
2022-01-11 17:09:37.766492 (1.0, 1200000.0, 11, 16.0, 0.3, 0.71, 2.0, 3) [0.27967259481747386 0.0010816158044357389 0.0087490695930699698] 1
2022-01-11 17:44:01.569022 (1.0, 1200000.0, 10, 16.0, 0.3, 0.65, 2.0, 3) [0.35567250769684544 0.0018438281559114667 0.0033535510957454742] 1
2022-01-11 17:49:45.691156 (1.0, 1200000.0, 10, 16.0, 0.3, 0.71, 2.0, 3) [0.30433547178930026 0.0012481638553371848 0.0093705435201433245] 1
2022-01-11 17:50:01.354813 (1.0, 1200000.0, 10, 16.0, 0.3, 0.76, 2.0, 3) [0.271150134018783 0.0016474566516499385 0.018219145075891993] 1
2022-01-11 17:54:11.078288 (1.0, 1200000.0, 10, 16.0, 0.3, 0.66, 2.0, 3) [0.3457472597878835 0.0019106206166036822 0.0040835159009620561] 1
2022-01-11 17:54:36.870812 (1.0, 1200000.0, 10, 16.0, 0.3, 0.82, 2.0, 3) [0.23703389055287175 0.00088135845934198703 0.036002554812164807] 1
2022-01-11 17:55:08.419987 (1.0, 1200000.0, 10, 16.0, 0.3, 0.83, 2.0, 3) [0.23113637814101803 0.001805769084139707 0.040459382278402824] 1
2022-01-11 19:38:14.531353 (1.0, 1200000.0, 14, 16.0, 0.3, 0.74, 2.0, 3) [0.205170587137649 0.001713015962036985 0.013102660739426347] 1
2022-01-11 19:40:40.404455 (1.0, 1200000.0, 14, 16.0, 0.3, 0.84, 2.0, 3) [0.1549926902795577 0.0010300864278843243 0.053011408585033316] 1
2022-01-11 19:44:13.738669 (1.0, 1200000.0, 14, 16.0, 0.3, 0.76, 2.0, 3) [0.1934792305719456 0.0022482810349042982 0.018163207965074896] 1
2022-01-11 19:44:54.837025 (1.0, 1200000.0, 14, 16.0, 0.3, 0.78, 2.0, 3) [0.1823868153349437 0.00076888843551345528 0.024759966811978833] 1
2022-01-11 19:45:03.043405 (1.0, 1200000.0, 14, 16.0, 0.3, 0.82, 2.0, 3) [0.16309199879348812 0.0014233976741867421 0.042353876989298621] 1
2022-01-11 19:45:42.313269 (1.0, 1200000.0, 14, 16.0, 0.3, 0.8, 2.0, 3) [0.1715601499238649 0.0014058552520526937 0.033435115333457395] 1
2022-01-11 19:58:04.127563 (1.0, 1200000.0, 14, 16.0, 0.3, 0.68, 2.0, 3) [0.24730702043906733 0.0018744151997915066 0.004024028179415569] 1
2022-01-11 19:59:26.337076 (1.0, 1200000.0, 14, 16.0, 0.3, 0.71, 2.0, 3) [0.2261533684639441 0.0017091335036858335 0.0072846472686808944] 1
2022-01-11 22:37:30.107298 (1.0, 1200000.0, 16, 16.0, 0.3, 0.81, 2.0, 3) [0.1445045057663288 0.0014218585658843893 0.03986794274811465] 1
2022-01-11 22:37:33.850396 (1.0, 1200000.0, 16, 16.0, 0.3, 0.71, 2.0, 3) [0.1989748538104392 0.0013152068651451825 0.0070154382541840806] 1
2022-01-11 22:39:19.737777 (1.0, 1200000.0, 16, 16.0, 0.3, 0.7, 2.0, 3) [0.20662695702306913 0.0014351322189029418 0.005493322037848151] 1
2022-01-11 22:39:39.907050 (1.0, 1200000.0, 16, 16.0, 0.3, 0.83, 2.0, 3) [0.1374538898931349 0.0014801766406214707 0.049947544545050855] 1
2022-01-11 22:45:35.497617 (1.0, 1200000.0, 16, 16.0, 0.3, 0.84, 2.0, 3) [0.13224577636718748 0.0012655030552641948 0.058741780037800964] 1
2022-01-11 22:46:19.268006 (1.0, 1200000.0, 16, 16.0, 0.3, 0.74, 2.0, 3) [0.18001353985643684 0.0013298814189848271 0.012860535583741095] 1
2022-01-11 22:52:55.514194 (1.0, 1200000.0, 16, 16.0, 0.3, 0.78, 2.0, 3) [0.15774228726747327 0.0015901237650862798 0.026162094933900055] 1
2022-01-11 22:53:29.175465 (1.0, 1200000.0, 16, 16.0, 0.3, 0.65, 2.0, 3) [0.24713775851518432 0.0016277633823211697 0.001500945704446463] 1
2022-01-11 22:53:32.155449 (1.0, 1200000.0, 16, 16.0, 0.3, 0.79, 2.0, 3) [0.15367116278630483 0.0011713246748640972 0.029813806367464269] 1
2022-01-11 22:58:42.926721 (1.0, 1200000.0, 16, 16.0, 0.3, 0.76, 2.0, 3) [0.16843517169534575 0.0017006004240717122 0.018616136485515751] 1
2022-01-12 01:11:55.574484 (1.0, 1200000.0, 13, 16.0, 0.3, 0.73, 2.0, 3) [0.22755091025082083 0.0017189378872044276 0.011052506445898313] 1
2022-01-12 01:14:33.860192 (1.0, 1200000.0, 13, 16.0, 0.3, 0.7, 2.0, 3) [0.24905031416695014 0.0014621075286787284 0.0063210914314596883] 1
2022-01-12 01:19:35.620515 (1.0, 1200000.0, 13, 16.0, 0.3, 0.66, 2.0, 3) [0.28002617454714196 0.0020097033333142792 0.0028222062512669381] 1
2022-01-12 01:29:08.206091 (1.0, 1200000.0, 13, 16.0, 0.3, 0.78, 2.0, 3) [0.19792001418882707 0.0014567658250321835 0.023869578467316091] 1
2022-01-12 01:29:57.258944 (1.0, 1200000.0, 13, 16.0, 0.3, 0.72, 2.0, 3) [0.23307879177682525 0.00090885603876492528 0.0095667506608224078] 1
2022-01-12 01:30:07.265098 (1.0, 1200000.0, 13, 16.0, 0.3, 0.83, 2.0, 3) [0.17324321273669088 0.0012272940440976052 0.045131182429893363] 1
2022-01-12 10:45:24.453188 (1.0, 1200000.0, 12, 16.0, 0.3, 0.81, 2.0, 3) [0.19966242466073625 0.0015418464612214321 0.034057270965170014] 1
2022-01-12 10:46:01.468667 (1.0, 1200000.0, 12, 16.0, 0.3, 0.79, 2.0, 3) [0.20950813519148417 0.0021388788986316269 0.026887025243818877] 1
2022-01-12 10:47:12.658846 (1.0, 1200000.0, 12, 16.0, 0.3, 0.65, 2.0, 3) [0.30894364986878475 0.0019051872648640253 0.0024720981723028472] 1
2022-01-12 10:48:36.800467 (1.0, 1200000.0, 12, 16.0, 0.3, 0.82, 2.0, 3) [0.19497910812050082 0.0009944389467977531 0.038070321513097957] 1
2022-01-12 10:52:42.611672 (1.0, 1200000.0, 12, 16.0, 0.3, 0.83, 2.0, 3) [0.18965877900333541 0.0013031682312637661 0.043174010580590234] 1
2022-01-12 16:08:44.680153 (1.0, 1200000.0, 16, 16.0, 0.3, 0.69, 2.0, 3) [0.21413603829775799 0.0019903943288215897 0.0043199395080321217] 1
2022-01-12 16:11:31.885483 (1.0, 1200000.0, 16, 16.0, 0.3, 0.66, 2.0, 3) [0.23825506073326547 0.001263893260610808 0.0019966111874581936] 1
2022-01-12 16:23:02.552128 (1.0, 1200000.0, 16, 16.0, 0.3, 0.82, 2.0, 3) [0.1389889260559302 0.0011660324178733271 0.047440273719170672] 1
2022-01-13 09:14:14.148753 (1.0, 1200000.0, 16, 16.0, 0.3, 0.68, 2.0, 3) [0.22151891268381926 0.0012722115580814919 0.003407778663476765] 1
2022-01-13 09:17:50.450478 (1.0, 1200000.0, 16, 16.0, 0.3, 0.85, 2.0, 3) [0.12870405748454425 0.0011017932026724797 0.06574084538219982] 1
2022-01-13 09:21:53.186933 (1.0, 1200000.0, 16, 16.0, 0.3, 0.75, 2.0, 3) [0.17413856158831878 0.0011523805479645042 0.015529259548330435] 1
2022-01-13 09:22:15.597702 (1.0, 1200000.0, 16, 16.0, 0.3, 0.67, 2.0, 3) [0.2300132690993542 0.0016591615906376429 0.0025969718737418484] 1
2022-01-14 23:58:02.938284 (1.0, 1200000.0, 14, 16.0, 0.3, 0.72, 2.0, 3) [0.21932449895549797 0.0018070909417359767 0.0088150091486346692] 1
2022-01-15 00:09:22.637060 (1.0, 1200000.0, 14, 16.0, 0.3, 0.69, 2.0, 3) [0.24053552959678773 0.0010087933048014584 0.0048683702711510429] 1
2022-01-15 00:21:10.393915 (1.0, 1200000.0, 14, 16.0, 0.3, 0.66, 2.0, 3) [0.2646676338190847 0.0015640903543158403 0.0024732064248738309] 1
2022-01-15 00:24:15.784051 (1.0, 1200000.0, 14, 16.0, 0.3, 0.67, 2.0, 3) [0.2559199161359253 0.0012160678329262086 0.0031616025956652523] 1
2022-01-15 00:27:17.982095 (1.0, 1200000.0, 14, 16.0, 0.3, 0.83, 2.0, 3) [0.15922121482372567 0.0014387175884921441 0.047120080044122492] 1
2022-01-15 00:27:25.388788 (1.0, 1200000.0, 14, 16.0, 0.3, 0.7, 2.0, 3) [0.23261241351733294 0.0018922137541028262 0.0060725589543544527] 1
2022-01-15 00:27:55.890338 (1.0, 1200000.0, 14, 16.0, 0.3, 0.85, 2.0, 3) [0.1522341084494037 0.0016481169138786707 0.057341116968931287] 1
