2021-05-08 21:33:46.365808 (1.0, 2000000.0, 5, 10.0, 0.3, 0.33, 0.0, 3) [0.5061499637748018 0.0019138955228819288 0.026386789428587416] 1
2021-05-08 21:37:44.724899 (1.0, 2000000.0, 5, 10.0, 0.3, 0.255, 0.0, 3) [0.6216115998912973 0.0026742050994110226 0.0083507479511402936] 1
2021-05-08 21:40:21.035397 (1.0, 2000000.0, 5, 10.0, 0.3, 0.305, 0.0, 3) [0.5404560433691545 0.0027559562339835018 0.018738733256720964] 1
2021-05-08 21:40:32.837562 (1.0, 2000000.0, 5, 10.0, 0.3, 0.31, 0.0, 3) [0.5349852817214 0.0016810861255181376 0.019807938910670949] 1
2021-05-08 21:50:21.268117 (1.0, 2000000.0, 5, 10.0, 0.3, 0.345, 0.0, 3) [0.4850480986285363 0.001190883344314264 0.03252026661606397] 1
2021-05-08 22:11:14.683677 (1.0, 2000000.0, 5, 10.0, 0.3, 0.275, 0.0, 3) [0.5896794358699975 0.0013962333821638932 0.011488391122439299] 1
2021-05-08 23:30:25.945183 (1.0, 2000000.0, 6, 10.0, 0.3, 0.255, 0.0, 3) [0.5372610049653997 0.0015034827344320373 0.0065862901536791491] 1
2021-05-08 23:38:06.243565 (1.0, 2000000.0, 6, 10.0, 0.3, 0.335, 0.0, 3) [0.4138978987732746 0.0014280882717926378 0.028759089082805393] 1
2021-05-09 02:26:40.860717 (1.0, 2000000.0, 5, 10.0, 0.3, 0.34, 0.0, 3) [0.49063473981135075 0.0021189005341439352 0.030753377529040407] 1
2021-05-09 02:28:13.088956 (1.0, 2000000.0, 5, 10.0, 0.3, 0.35, 0.0, 3) [0.47703808084527666 0.0024713563860210858 0.035203305549858212] 1
2021-05-09 02:28:15.125837 (1.0, 2000000.0, 5, 10.0, 0.3, 0.315, 0.0, 3) [0.52612540542158 0.0012626522109241791 0.021612116625191136] 1
2021-05-09 02:28:20.777936 (1.0, 2000000.0, 5, 10.0, 0.3, 0.285, 0.0, 3) [0.5729255047925187 0.0019856761226047662 0.013567096826652421] 1
2021-05-09 02:30:56.267485 (1.0, 2000000.0, 5, 10.0, 0.3, 0.28, 0.0, 3) [0.5821900106790023 0.0023177524272710265 0.012377309395905412] 1
2021-05-09 02:34:21.097681 (1.0, 2000000.0, 5, 10.0, 0.3, 0.25, 0.0, 3) [0.6313062792278258 0.0016880693341481511 0.0075792969389787898] 1
2021-05-09 02:35:48.543038 (1.0, 2000000.0, 5, 10.0, 0.3, 0.265, 0.0, 3) [0.605936264529502 0.0017048924399700805 0.0097700754077805468] 1
2021-05-09 02:37:06.108623 (1.0, 2000000.0, 5, 10.0, 0.3, 0.32, 0.0, 3) [0.5168167318265808 0.0022381309881436859 0.023696134805005674] 1
2021-05-09 05:10:32.893440 (1.0, 2000000.0, 6, 10.0, 0.3, 0.3, 0.0, 3) [0.4638028349042573 0.0015234064932865251 0.015861508601960866] 1
2021-05-09 05:16:19.959157 (1.0, 2000000.0, 6, 10.0, 0.3, 0.345, 0.0, 3) [0.40081066662016246 0.0013835193904805532 0.033635409305990335] 1
2021-05-09 05:16:27.924503 (1.0, 2000000.0, 6, 10.0, 0.3, 0.325, 0.0, 3) [0.42852491315834224 0.0015295835954131879 0.024177507311923765] 1
2021-05-09 05:17:26.334523 (1.0, 2000000.0, 6, 10.0, 0.3, 0.31, 0.0, 3) [0.44990635540022034 0.0017362712591862341 0.018725535525161759] 1
2021-05-09 05:17:31.365409 (1.0, 2000000.0, 6, 10.0, 0.3, 0.285, 0.0, 3) [0.487624540716818 0.0013954905542286919 0.011925391278142334] 1
2021-05-09 05:18:15.743630 (1.0, 2000000.0, 6, 10.0, 0.3, 0.27, 0.0, 3) [0.5106663033098113 0.0016606415061393724 0.0090485777774221166] 1
2021-05-09 05:18:42.925840 (1.0, 2000000.0, 6, 10.0, 0.3, 0.305, 0.0, 3) [0.4577945025662137 0.0013906269698783676 0.01705319462945773] 1
2021-05-09 05:18:57.103032 (1.0, 2000000.0, 6, 10.0, 0.3, 0.295, 0.0, 3) [0.4715442177472239 0.0023183904510865896 0.014459634783662398] 1
2021-05-09 05:19:10.703918 (1.0, 2000000.0, 6, 10.0, 0.3, 0.275, 0.0, 3) [0.5036204207394109 0.0020366191517881133 0.0098559378006145767] 1
2021-05-09 05:19:32.820822 (1.0, 2000000.0, 6, 10.0, 0.3, 0.34, 0.0, 3) [0.4084247643021194 0.0015572871437839223 0.030728968826164691] 1
2021-05-09 05:20:55.141683 (1.0, 2000000.0, 6, 10.0, 0.3, 0.26, 0.0, 3) [0.5285379690467646 0.0019560019845847815 0.0073103576964583241] 1
2021-05-09 05:20:56.241342 (1.0, 2000000.0, 6, 10.0, 0.3, 0.32, 0.0, 3) [0.43488481005443325 0.0018979280951496764 0.022407074755845115] 1
2021-05-09 05:23:32.637716 (1.0, 2000000.0, 6, 10.0, 0.3, 0.265, 0.0, 3) [0.5197391593166212 0.0013570819882505584 0.0081226272268145744] 1
2021-05-09 05:23:58.942158 (1.0, 2000000.0, 6, 10.0, 0.3, 0.33, 0.0, 3) [0.42191031844018667 0.0011280132311173683 0.02615405091403307] 1
2021-05-09 05:24:48.964716 (1.0, 2000000.0, 6, 10.0, 0.3, 0.25, 0.0, 3) [0.5451946829572557 0.0016842355107764143 0.0059868080636997188] 1
2021-05-09 05:27:32.928691 (1.0, 2000000.0, 6, 10.0, 0.3, 0.28, 0.0, 3) [0.4961661587572284 0.0019819334574803986 0.010775279687269792] 1
2021-05-09 05:32:33.380301 (1.0, 2000000.0, 7, 10.0, 0.3, 0.33, 0.0, 3) [0.3578520567509257 0.0014645001524641649 0.027409432790475686] 1
2021-05-09 05:32:34.651852 (1.0, 2000000.0, 7, 10.0, 0.3, 0.32, 0.0, 3) [0.37224112281441274 0.0017203777942376402 0.022446214240142735] 1
2021-05-09 05:37:45.794623 (1.0, 2000000.0, 7, 10.0, 0.3, 0.295, 0.0, 3) [0.4085872500343507 0.0020374469001543383 0.013532846764361079] 1
2021-05-09 05:41:27.728708 (1.0, 2000000.0, 7, 10.0, 0.3, 0.3, 0.0, 3) [0.40210707366371323 0.0012740926522307021 0.014815476058592937] 1
2021-05-09 09:54:39.575353 (1.0, 2000000.0, 6, 10.0, 0.3, 0.315, 0.0, 3) [0.44180076847255856 0.0023909254829510124 0.020620856475222011] 1
2021-05-09 09:58:26.224856 (1.0, 2000000.0, 6, 10.0, 0.3, 0.29, 0.0, 3) [0.4788453251015428 0.0015401776447332728 0.013249389593782293] 1
2021-05-09 10:04:09.551267 (1.0, 2000000.0, 6, 10.0, 0.3, 0.35, 0.0, 3) [0.3940606025927231 0.0013438611910936524 0.036435731403989417] 1
2021-05-09 12:25:32.242723 (1.0, 2000000.0, 7, 10.0, 0.3, 0.31, 0.0, 3) [0.3865404470560633 0.0011197869756842567 0.018398916743102171] 1
2021-05-09 12:28:57.939048 (1.0, 2000000.0, 7, 10.0, 0.3, 0.315, 0.0, 3) [0.38069389968730966 0.0012756727509560745 0.019970464646970908] 1
2021-05-09 12:30:39.514033 (1.0, 2000000.0, 7, 10.0, 0.3, 0.29, 0.0, 3) [0.4181384131514631 0.0017759875760364199 0.011855366888649946] 1
2021-05-09 12:31:06.886149 (1.0, 2000000.0, 7, 10.0, 0.3, 0.305, 0.0, 3) [0.39424449934796574 0.0010164743385113529 0.016526224739618463] 1
2021-05-09 12:39:49.967484 (1.0, 2000000.0, 7, 10.0, 0.3, 0.34, 0.0, 3) [0.34608241579131616 0.0014745997468861112 0.032306128266580247] 1
2021-05-09 12:43:07.309813 (1.0, 2000000.0, 7, 10.0, 0.3, 0.28, 0.0, 3) [0.431967101560286 0.0021788368170613873 0.0097641443027675738] 1
2021-05-09 12:50:42.593550 (1.0, 2000000.0, 7, 10.0, 0.3, 0.345, 0.0, 3) [0.33828052498246297 0.0014843315669452156 0.035970795078105147] 1
2021-05-09 12:53:40.535687 (1.0, 2000000.0, 7, 10.0, 0.3, 0.25, 0.0, 3) [0.48203809438480244 0.0020155622030673423 0.0048496440848978684] 1
2021-05-09 13:06:34.324002 (1.0, 2000000.0, 7, 10.0, 0.3, 0.265, 0.0, 3) [0.4580638408206436 0.0018401773584915911 0.0067888728522841136] 1
2021-05-09 13:06:43.994988 (1.0, 2000000.0, 7, 10.0, 0.3, 0.255, 0.0, 3) [0.4738393950604383 0.0010697976630414899 0.0054406572876855965] 1
2021-05-09 13:07:35.511396 (1.0, 2000000.0, 7, 10.0, 0.3, 0.35, 0.0, 3) [0.3323645379613241 0.0018025788306135439 0.039046368875901433] 1
2021-05-09 13:09:17.190407 (1.0, 2000000.0, 7, 10.0, 0.3, 0.325, 0.0, 3) [0.3649764964790098 0.0010372339689363804 0.024837259856348371] 1
2021-05-09 17:41:39.970017 (1.0, 2000000.0, 8, 10.0, 0.3, 0.285, 0.0, 3) [0.3760885883322435 0.0018123324993907762 0.010029676357201896] 1
2021-05-09 17:47:35.928518 (1.0, 2000000.0, 8, 10.0, 0.3, 0.27, 0.0, 3) [0.40029751301434907 0.0018368485485040146 0.0068169204319681528] 1
2021-05-09 17:48:37.202118 (1.0, 2000000.0, 8, 10.0, 0.3, 0.345, 0.0, 3) [0.2928421959141612 0.001289295935414274 0.037667072294549353] 1
2021-05-09 17:51:20.191536 (1.0, 2000000.0, 8, 10.0, 0.3, 0.255, 0.0, 3) [0.42521631945679145 0.0019026610598242293 0.0045773662900231923] 1
2021-05-09 17:56:25.375214 (1.0, 2000000.0, 8, 10.0, 0.3, 0.25, 0.0, 3) [0.43255966568129306 0.0013895087489018223 0.0040677983980706364] 1
2021-05-09 17:56:52.538850 (1.0, 2000000.0, 8, 10.0, 0.3, 0.33, 0.0, 3) [0.311033284153858 0.0018318894410572527 0.02824006824805975] 1
2021-05-09 22:06:05.748395 (1.0, 2000000.0, 5, 10.0, 0.3, 0.295, 0.0, 3) [0.5581601999876448 0.0019243653302629829 0.015731388232423364] 1
2021-05-09 22:17:28.179667 (1.0, 2000000.0, 5, 10.0, 0.3, 0.27, 0.0, 3) [0.5982412545613689 0.0017616694657834173 0.010555076789483732] 1
2021-05-09 22:19:26.817517 (1.0, 2000000.0, 5, 10.0, 0.3, 0.29, 0.0, 3) [0.5641908492215086 0.0016637614051161261 0.014796484679098651] 1
2021-05-09 22:20:42.214314 (1.0, 2000000.0, 5, 10.0, 0.3, 0.26, 0.0, 3) [0.6145373286982964 0.002142235690568494 0.0089649408183507147] 1
2021-05-09 22:21:01.311283 (1.0, 2000000.0, 5, 10.0, 0.3, 0.3, 0.0, 3) [0.5494219054356132 0.0022139831896200988 0.017152269834294489] 1
2021-05-09 22:21:10.350805 (1.0, 2000000.0, 5, 10.0, 0.3, 0.325, 0.0, 3) [0.5121075585092891 0.0012566772057047691 0.024861687587511037] 1
2021-05-09 22:22:39.215633 (1.0, 2000000.0, 5, 10.0, 0.3, 0.335, 0.0, 3) [0.49895251080414665 0.0015375066278995875 0.028335316573571974] 1
2021-05-10 00:34:29.903261 (1.0, 2000000.0, 8, 10.0, 0.3, 0.29, 0.0, 3) [0.3690828619983805 0.0012332103614733677 0.011218364467134877] 1
2021-05-10 00:34:32.472902 (1.0, 2000000.0, 8, 10.0, 0.3, 0.315, 0.0, 3) [0.33083120594651716 0.0021813456755602556 0.020610157506222356] 1
2021-05-10 00:40:44.515082 (1.0, 2000000.0, 8, 10.0, 0.3, 0.305, 0.0, 3) [0.34714967530747026 0.0017484284725296031 0.0159123842898179] 1
2021-05-10 00:41:58.267998 (1.0, 2000000.0, 8, 10.0, 0.3, 0.295, 0.0, 3) [0.36202740051976784 0.0016575099684848649 0.012554829234284892] 1
2021-05-10 00:42:52.603882 (1.0, 2000000.0, 8, 10.0, 0.3, 0.35, 0.0, 3) [0.28705515711369256 0.001508760608531778 0.041301954262762078] 1
2021-05-10 00:46:04.011349 (1.0, 2000000.0, 8, 10.0, 0.3, 0.34, 0.0, 3) [0.29825314652811874 0.0012906015399283496 0.03457438859528255] 1
2021-05-10 00:50:07.605364 (1.0, 2000000.0, 8, 10.0, 0.3, 0.26, 0.0, 3) [0.41609430680422965 0.0015247582791715396 0.0052928225100595397] 1
2021-05-10 00:50:10.328788 (1.0, 2000000.0, 8, 10.0, 0.3, 0.32, 0.0, 3) [0.32485749132443886 0.0014057743374205826 0.022678383683635974] 1
2021-05-10 00:58:42.394282 (1.0, 2000000.0, 9, 10.0, 0.3, 0.265, 0.0, 3) [0.36964255423271614 0.0015601767860761867 0.0053018766048779408] 1
2021-05-10 01:00:05.295330 (1.0, 2000000.0, 9, 10.0, 0.3, 0.33, 0.0, 3) [0.2745712763819527 0.0013838760133820945 0.029129060848318324] 1
2021-05-10 01:04:00.005380 (1.0, 2000000.0, 9, 10.0, 0.3, 0.29, 0.0, 3) [0.3302466304883446 0.0011764888382962565 0.01075922121965032] 1
2021-05-10 03:48:55.514225 (1.0, 2000000.0, 10, 10.0, 0.3, 0.26, 0.0, 3) [0.3457199250249344 0.0021048833012652494 0.0040778514741084968] 1
2021-05-10 03:57:34.129157 (1.0, 2000000.0, 10, 10.0, 0.3, 0.255, 0.0, 3) [0.35492965195058174 0.0010306807076074544 0.0033913413213119878] 1
2021-05-10 03:57:40.160088 (1.0, 2000000.0, 10, 10.0, 0.3, 0.265, 0.0, 3) [0.3378155105716825 0.0014761742280634562 0.0047729270046681337] 1
2021-05-10 03:58:50.879707 (1.0, 2000000.0, 10, 10.0, 0.3, 0.34, 0.0, 3) [0.23273912453186985 0.0011765222548806159 0.038628714723644896] 1
2021-05-10 03:59:23.909028 (1.0, 2000000.0, 10, 10.0, 0.3, 0.325, 0.0, 3) [0.25131028756132534 0.0018832168536745129 0.026761955660726294] 1
2021-05-10 08:39:50.603409 (1.0, 2000000.0, 7, 10.0, 0.3, 0.26, 0.0, 3) [0.4649221541539531 0.0015175395895920994 0.0061626428028707927] 1
2021-05-10 08:47:47.985657 (1.0, 2000000.0, 7, 10.0, 0.3, 0.27, 0.0, 3) [0.44834462972428984 0.0021157283471098087 0.0077656705842752884] 1
2021-05-10 08:51:36.814314 (1.0, 2000000.0, 7, 10.0, 0.3, 0.335, 0.0, 3) [0.35237329997063194 0.00081242159110826012 0.029600440741472039] 1
2021-05-10 08:52:54.329906 (1.0, 2000000.0, 7, 10.0, 0.3, 0.285, 0.0, 3) [0.42467635799629205 0.0023562362977649002 0.01081171394908464] 1
2021-05-10 08:54:09.133647 (1.0, 2000000.0, 7, 10.0, 0.3, 0.275, 0.0, 3) [0.4408137987783082 0.0015112581294470695 0.0086334391908802835] 1
2021-05-10 10:14:16.143949 (1.0, 2000000.0, 9, 10.0, 0.3, 0.335, 0.0, 3) [0.267811124427095 0.0023097568319232174 0.032862869378348848] 1
2021-05-10 10:16:24.043918 (1.0, 2000000.0, 9, 10.0, 0.3, 0.275, 0.0, 3) [0.35255232988187607 0.0012687063058756407 0.0072048153124706707] 1
2021-05-10 10:40:24.275817 (1.0, 2000000.0, 9, 10.0, 0.3, 0.325, 0.0, 3) [0.2811570006981105 0.00089344228942078664 0.025906552657408023] 1
2021-05-10 10:41:30.877037 (1.0, 2000000.0, 9, 10.0, 0.3, 0.315, 0.0, 3) [0.2948218014003467 0.0013168469482587814 0.020311014364357005] 1
2021-05-10 10:46:17.453082 (1.0, 2000000.0, 9, 10.0, 0.3, 0.295, 0.0, 3) [0.3227910284222762 0.0017055366521018438 0.012293691520234139] 1
2021-05-10 10:49:14.820831 (1.0, 2000000.0, 9, 10.0, 0.3, 0.345, 0.0, 3) [0.25640095188812934 0.0012458362738419024 0.040278991753657727] 1
2021-05-10 10:57:41.922791 (1.0, 2000000.0, 9, 10.0, 0.3, 0.34, 0.0, 3) [0.26152638761267694 0.001441530415623269 0.036746022791017782] 1
2021-05-10 10:57:46.767067 (1.0, 2000000.0, 9, 10.0, 0.3, 0.27, 0.0, 3) [0.36017792506851765 0.0017612390121559142 0.0062802735665870987] 1
2021-05-10 10:58:23.567579 (1.0, 2000000.0, 9, 10.0, 0.3, 0.25, 0.0, 3) [0.3946433095672101 0.0023102710397166475 0.003380703040132669] 1
2021-05-10 10:59:16.603518 (1.0, 2000000.0, 9, 10.0, 0.3, 0.305, 0.0, 3) [0.3082543647495827 0.0010073893834713886 0.015958643232256868] 1
2021-05-10 11:00:21.461605 (1.0, 2000000.0, 9, 10.0, 0.3, 0.255, 0.0, 3) [0.3854918902266941 0.0018019344219404093 0.0039857075247989315] 1
2021-05-10 11:02:50.284069 (1.0, 2000000.0, 9, 10.0, 0.3, 0.28, 0.0, 3) [0.34545714923673576 0.0015449970548824996 0.0081868382568397961] 1
2021-05-10 11:32:10.279721 (1.0, 2000000.0, 9, 10.0, 0.3, 0.35, 0.0, 3) [0.24987300348736372 0.0007643434353380228 0.045198303244735547] 1
2021-05-10 11:34:28.370506 (1.0, 2000000.0, 9, 10.0, 0.3, 0.3, 0.0, 3) [0.31553997910739773 0.0012233928219414335 0.014006214046108771] 1
2021-05-10 14:01:13.362210 (1.0, 2000000.0, 10, 10.0, 0.3, 0.345, 0.0, 3) [0.22607877075750868 0.0015729864689862422 0.044050780448042545] 1
2021-05-10 14:02:51.416203 (1.0, 2000000.0, 10, 10.0, 0.3, 0.35, 0.0, 3) [0.22003714267082947 0.00093216114777183745 0.049579574040486969] 1
2021-05-10 14:30:53.257386 (1.0, 2000000.0, 10, 10.0, 0.3, 0.285, 0.0, 3) [0.3060391155250359 0.0019428262041105103 0.0089961968123174474] 1
2021-05-10 14:32:45.265517 (1.0, 2000000.0, 10, 10.0, 0.3, 0.3, 0.0, 3) [0.28435171043622287 0.00093020057254059019 0.013871665811750943] 1
2021-05-10 14:41:13.177233 (1.0, 2000000.0, 10, 10.0, 0.3, 0.28, 0.0, 3) [0.3136340557558125 0.00085927747768110635 0.0077349360518631774] 1
2021-05-10 14:41:42.986286 (1.0, 2000000.0, 10, 10.0, 0.3, 0.275, 0.0, 3) [0.321183496254897 0.0017183970952335968 0.0066527161658492566] 1
2021-05-10 14:44:20.435785 (1.0, 2000000.0, 10, 10.0, 0.3, 0.31, 0.0, 3) [0.27070147781216825 0.0021361486571184552 0.01820207339817036] 1
2021-05-10 14:44:34.100746 (1.0, 2000000.0, 10, 10.0, 0.3, 0.25, 0.0, 3) [0.3631878652791478 0.001120701630826091 0.0028757223707611954] 1
2021-05-10 14:45:47.611852 (1.0, 2000000.0, 10, 10.0, 0.3, 0.295, 0.0, 3) [0.29092679875175 0.0012173893064517873 0.012162492270638724] 1
2021-05-10 14:48:50.042796 (1.0, 2000000.0, 10, 10.0, 0.3, 0.27, 0.0, 3) [0.3294362542128976 0.001827977891280182 0.0056419841473033666] 1
2021-05-11 04:30:19.210244 (1.0, 2000000.0, 9, 10.0, 0.3, 0.31, 0.0, 3) [0.30145883245846083 0.0012640727573746959 0.018028708673294515] 1
2021-05-11 04:32:50.384482 (1.0, 2000000.0, 9, 10.0, 0.3, 0.285, 0.0, 3) [0.3377428126495142 0.00076703212579121269 0.0094028225183664469] 1
2021-05-11 04:35:32.109371 (1.0, 2000000.0, 9, 10.0, 0.3, 0.32, 0.0, 3) [0.2872972087864259 0.0014087568485809997 0.023211907458520729] 1
2021-05-11 04:35:40.439825 (1.0, 2000000.0, 9, 10.0, 0.3, 0.26, 0.0, 3) [0.3769022099892918 0.0012072207738319767 0.00464980610885411] 1
2021-05-11 05:51:52.072922 (1.0, 2000000.0, 8, 10.0, 0.3, 0.28, 0.0, 3) [0.383218837895629 0.0010780190850160308 0.0089480580006306414] 1
2021-05-11 05:54:45.471202 (1.0, 2000000.0, 8, 10.0, 0.3, 0.3, 0.0, 3) [0.35453074403017615 0.0029863954279613454 0.014157086455026105] 1
2021-05-11 05:58:34.389917 (1.0, 2000000.0, 8, 10.0, 0.3, 0.325, 0.0, 3) [0.3189397903573883 0.0014170199800361313 0.024913166389274415] 1
2021-05-11 06:01:30.287044 (1.0, 2000000.0, 8, 10.0, 0.3, 0.265, 0.0, 3) [0.40857842149232093 0.0013463985999011851 0.0059709937335637826] 1
2021-05-11 06:05:03.551563 (1.0, 2000000.0, 8, 10.0, 0.3, 0.275, 0.0, 3) [0.39148014238121154 0.0018954329717104723 0.0078409206983810105] 1
2021-05-11 06:05:31.565419 (1.0, 2000000.0, 8, 10.0, 0.3, 0.31, 0.0, 3) [0.3390939573050924 0.0017768968050598584 0.018090041725216187] 1
2021-05-11 06:09:06.469917 (1.0, 2000000.0, 8, 10.0, 0.3, 0.335, 0.0, 3) [0.3046378242289536 0.00093433918895729053 0.031248044778000146] 1
2021-05-12 02:38:15.337920 (1.0, 2000000.0, 10, 10.0, 0.3, 0.305, 0.0, 3) [0.27728617829501767 0.0011277267468791517 0.015968821541287131] 1
2021-05-12 02:45:39.593300 (1.0, 2000000.0, 10, 10.0, 0.3, 0.315, 0.0, 3) [0.264545325765887 0.0013825322986669045 0.020585359096326656] 1
2021-05-12 02:49:02.180783 (1.0, 2000000.0, 10, 10.0, 0.3, 0.33, 0.0, 3) [0.24457601904667903 0.0010051998485532362 0.030579309861760287] 1
2021-05-12 02:50:17.494611 (1.0, 2000000.0, 10, 10.0, 0.3, 0.29, 0.0, 3) [0.2991862591693877 0.0020282628398752651 0.01032265812794598] 1
2021-05-12 02:58:00.152550 (1.0, 2000000.0, 10, 10.0, 0.3, 0.335, 0.0, 3) [0.2384688038763394 0.0019914955130889344 0.034500466036859398] 1
2021-05-12 02:58:40.644525 (1.0, 2000000.0, 10, 10.0, 0.3, 0.32, 0.0, 3) [0.2572130733837624 0.00091948340848551139 0.023800126079181496] 1
