2021-07-01 14:33:21.197941 (1.0, 1000000.0, 6, 15.0, 0.3, 0.84, 0.1, 3) [0.32867002398412537 0.0029294641854362693 0.080430663833445826] 1
2021-07-01 14:34:56.054127 (1.0, 1000000.0, 6, 15.0, 0.3, 0.9, 0.1, 3) [0.3051550937710207 0.0011301834739713946 0.10719386281406401] 1
2021-07-01 14:35:46.486266 (1.0, 1000000.0, 6, 15.0, 0.3, 0.85, 0.1, 3) [0.3258310721327191 0.0018981318314457564 0.083419991206501481] 1
2021-07-01 14:35:48.459564 (1.0, 1000000.0, 6, 15.0, 0.3, 0.87, 0.1, 3) [0.31740683357740346 0.0020775315288768087 0.092381126475054781] 1
2021-07-01 14:35:51.627619 (1.0, 1000000.0, 6, 15.0, 0.3, 0.93, 0.1, 3) [0.29379543362794813 0.0016620156060631276 0.12302465256573725] 1
2021-07-01 14:35:53.927555 (1.0, 1000000.0, 6, 15.0, 0.3, 0.95, 0.1, 3) [0.28807456456154407 0.0019610506679996584 0.13207414309484508] 1
2021-07-01 14:37:35.238026 (1.0, 1000000.0, 6, 15.0, 0.3, 0.94, 0.1, 3) [0.2928155697125434 0.0016680246809330523 0.12499478173496111] 1
2021-07-01 15:01:41.755647 (1.0, 1000000.0, 8, 15.0, 0.3, 0.86, 0.1, 3) [0.22836481350186452 0.0012590344266230668 0.10584938298682028] 1
2021-07-01 15:01:42.548144 (1.0, 1000000.0, 8, 15.0, 0.3, 0.88, 0.1, 3) [0.22087510340564925 0.0017702539266791293 0.11909421364783128] 1
2021-07-01 15:01:46.448813 (1.0, 1000000.0, 8, 15.0, 0.3, 0.91, 0.1, 3) [0.21346600480858985 0.0015095057902290167 0.1346545897710795] 1
2021-07-01 15:02:15.582906 (1.0, 1000000.0, 8, 15.0, 0.3, 0.93, 0.1, 3) [0.20641934753436864 0.0013230739887421553 0.15042788913688107] 1
2021-07-01 15:02:40.919403 (1.0, 1000000.0, 8, 15.0, 0.3, 0.84, 0.1, 3) [0.2358224207655753 0.0023404825856204376 0.094018794396709307] 1
2021-07-01 15:02:46.748310 (1.0, 1000000.0, 8, 15.0, 0.3, 0.82, 0.1, 3) [0.24533431905797257 0.0021718868804464046 0.080969816937555172] 1
2021-07-01 15:03:28.851457 (1.0, 1000000.0, 8, 15.0, 0.3, 0.87, 0.1, 3) [0.22548227057071765 0.0012715833315332841 0.11097050860582369] 1
2021-07-01 17:15:30.075988 (1.0, 1000000.0, 10, 15.0, 0.3, 0.95, 0.1, 3) [0.15200898159956525 0.0011057592963693698 0.19277540919761635] 1
2021-07-01 17:15:37.295129 (1.0, 1000000.0, 10, 15.0, 0.3, 0.81, 0.1, 3) [0.1905704241703956 0.0014913482730423133 0.08963861418587292] 1
2021-07-01 17:16:09.714205 (1.0, 1000000.0, 10, 15.0, 0.3, 0.8, 0.1, 3) [0.19382287510180982 0.0020519326232766449 0.083961996670736089] 1
2021-07-01 17:17:01.933637 (1.0, 1000000.0, 10, 15.0, 0.3, 0.83, 0.1, 3) [0.1820901309022152 0.0024799846532824747 0.10573247689122368] 1
2021-07-01 17:18:22.629083 (1.0, 1000000.0, 10, 15.0, 0.3, 0.93, 0.1, 3) [0.15535116101215213 0.0013194383967934566 0.17974801776386284] 1
2021-07-01 20:25:33.976733 (1.0, 1000000.0, 12, 15.0, 0.3, 0.88, 0.1, 3) [0.12940484313133624 0.0011411144251316564 0.17650139667708395] 1
2021-07-01 20:27:11.522720 (1.0, 1000000.0, 12, 15.0, 0.3, 0.91, 0.1, 3) [0.1223396627255344 0.0012498422036069097 0.20769847047570197] 1
2021-07-01 20:28:37.071833 (1.0, 1000000.0, 12, 15.0, 0.3, 0.92, 0.1, 3) [0.12031811826474512 0.00097015741537504569 0.2175450763476218] 1
2021-07-01 20:32:45.084404 (1.0, 1000000.0, 12, 15.0, 0.3, 0.86, 0.1, 3) [0.13280985392027 0.0023687074916411768 0.16244532048660665] 1
2021-07-01 21:34:59.560362 (1.0, 1000000.0, 10, 15.0, 0.3, 0.9, 0.1, 3) [0.16106181239836653 0.001257739025177931 0.15994854089733995] 1
2021-07-01 21:35:50.640106 (1.0, 1000000.0, 10, 15.0, 0.3, 0.91, 0.1, 3) [0.15771573003134592 0.0018993798104924243 0.17059858081920418] 1
2021-07-02 00:59:34.050752 (1.0, 1000000.0, 6, 15.0, 0.3, 0.83, 0.1, 3) [0.3357771694550976 0.001435019343666082 0.074057157618829306] 1
2021-07-02 01:01:23.268850 (1.0, 1000000.0, 6, 15.0, 0.3, 0.92, 0.1, 3) [0.29790375414136544 0.0024852889575116095 0.11713617904703967] 1
2021-07-02 01:01:30.388852 (1.0, 1000000.0, 6, 15.0, 0.3, 0.81, 0.1, 3) [0.34534860697573055 0.0018954517655076684 0.065976961463826839] 1
2021-07-02 01:01:49.301717 (1.0, 1000000.0, 6, 15.0, 0.3, 0.89, 0.1, 3) [0.30745573471358517 0.0015284707794690348 0.10400759686048876] 1
2021-07-02 01:02:05.993270 (1.0, 1000000.0, 6, 15.0, 0.3, 0.88, 0.1, 3) [0.3110925066184094 0.001832826856483651 0.099393054577042741] 1
2021-07-02 01:02:17.770765 (1.0, 1000000.0, 6, 15.0, 0.3, 0.91, 0.1, 3) [0.29955943225143195 0.0019201964561151191 0.11437290064337613] 1
2021-07-02 01:02:30.095694 (1.0, 1000000.0, 6, 15.0, 0.3, 0.82, 0.1, 3) [0.33922457295305286 0.0027002083644414965 0.070935290407265622] 1
2021-07-02 01:03:19.378464 (1.0, 1000000.0, 6, 15.0, 0.3, 0.86, 0.1, 3) [0.31999626702686945 0.0012470588800579171 0.089398020842200859] 1
2021-07-02 01:03:32.119905 (1.0, 1000000.0, 6, 15.0, 0.3, 0.8, 0.1, 3) [0.3535396539512277 0.0025566809664410461 0.059947591098699786] 1
2021-07-02 02:06:19.515897 (1.0, 1000000.0, 14, 15.0, 0.3, 0.92, 0.1, 3) [0.09741342212288379 0.00075653128567930352 0.25224512013314671] 1
2021-07-02 02:08:52.221112 (1.0, 1000000.0, 14, 15.0, 0.3, 0.84, 0.1, 3) [0.11228175741951582 0.0012185252429783851 0.16816044120175463] 1
2021-07-02 02:10:23.795528 (1.0, 1000000.0, 14, 15.0, 0.3, 0.86, 0.1, 3) [0.10759243223211744 0.0012095201202780167 0.19063936069642032] 1
2021-07-02 02:17:36.159827 (1.0, 1000000.0, 14, 15.0, 0.3, 0.8, 0.1, 3) [0.12484295789433629 0.0011938787981665578 0.11984881712798026] 1
2021-07-02 02:19:14.365046 (1.0, 1000000.0, 14, 15.0, 0.3, 0.87, 0.1, 3) [0.10389903194925247 0.0014047264289553446 0.20973465278628808] 1
2021-07-02 04:44:07.661901 (1.0, 1000000.0, 12, 15.0, 0.3, 0.94, 0.1, 3) [0.11931658176738998 0.0009458188904012464 0.22508246889840403] 1
2021-07-02 04:45:49.540134 (1.0, 1000000.0, 12, 15.0, 0.3, 0.83, 0.1, 3) [0.14436634371706816 0.0019521287215606298 0.12478889525124721] 1
2021-07-02 04:50:24.620211 (1.0, 1000000.0, 12, 15.0, 0.3, 0.87, 0.1, 3) [0.13121988623508737 0.0010548344316810832 0.16887433569890228] 1
2021-07-02 04:50:40.522429 (1.0, 1000000.0, 12, 15.0, 0.3, 0.81, 0.1, 3) [0.14907686341228826 0.00100174528287663 0.11135087628478242] 1
2021-07-02 05:20:18.874916 (1.0, 1000000.0, 8, 15.0, 0.3, 0.94, 0.1, 3) [0.20539646770410266 0.0010718283407467931 0.15354477491770036] 1
2021-07-02 05:20:29.495856 (1.0, 1000000.0, 8, 15.0, 0.3, 0.81, 0.1, 3) [0.25073245353190743 0.0022655897749101878 0.074301444821049015] 1
2021-07-02 05:22:11.531978 (1.0, 1000000.0, 8, 15.0, 0.3, 0.89, 0.1, 3) [0.21869238481361838 0.0019426616483725499 0.12364627023345595] 1
2021-07-02 05:22:49.842396 (1.0, 1000000.0, 8, 15.0, 0.3, 0.95, 0.1, 3) [0.20437826839687176 0.00099759404257632601 0.15674159519933631] 1
2021-07-02 05:23:32.782857 (1.0, 1000000.0, 8, 15.0, 0.3, 0.83, 0.1, 3) [0.23914805041471995 0.0010898396823839501 0.089062087745362381] 1
2021-07-02 05:24:47.708186 (1.0, 1000000.0, 8, 15.0, 0.3, 0.85, 0.1, 3) [0.2320685495172719 0.0017925737992329229 0.099846659841981725] 1
2021-07-02 05:25:13.884426 (1.0, 1000000.0, 8, 15.0, 0.3, 0.92, 0.1, 3) [0.2089091873612644 0.0021535204675993593 0.1444686954736695] 1
2021-07-02 05:25:17.078285 (1.0, 1000000.0, 8, 15.0, 0.3, 0.8, 0.1, 3) [0.25262101692230576 0.0028649672417150251 0.071996383949579759] 1
2021-07-02 05:25:44.743751 (1.0, 1000000.0, 8, 15.0, 0.3, 0.9, 0.1, 3) [0.21516708939417425 0.0013504006170832765 0.13075074453347466] 1
2021-07-02 06:08:14.222229 (1.0, 1000000.0, 10, 15.0, 0.3, 0.87, 0.1, 3) [0.16920885684381887 0.00076975439110892302 0.13639234833271416] 1
2021-07-02 06:17:46.046780 (1.0, 1000000.0, 10, 15.0, 0.3, 0.94, 0.1, 3) [0.1544022209001153 0.0013524721363120812 0.18395604085454254] 1
2021-07-02 06:18:04.822788 (1.0, 1000000.0, 10, 15.0, 0.3, 0.89, 0.1, 3) [0.1635874744544024 0.0011780598333093729 0.15221267823648008] 1
2021-07-02 06:18:52.241438 (1.0, 1000000.0, 10, 15.0, 0.3, 0.88, 0.1, 3) [0.16722462584099768 0.0017077046477524591 0.14201670754292706] 1
2021-07-02 09:59:09.119450 (1.0, 1000000.0, 10, 15.0, 0.3, 0.92, 0.1, 3) [0.15555577632704987 0.0014352356260185532 0.1780653301232252] 1
2021-07-02 10:06:22.501622 (1.0, 1000000.0, 10, 15.0, 0.3, 0.82, 0.1, 3) [0.18477568668116318 0.0027186440180448396 0.10012684106238047] 1
2021-07-02 10:10:18.761433 (1.0, 1000000.0, 10, 15.0, 0.3, 0.84, 0.1, 3) [0.17952348400453386 0.0017724729483300672 0.11142620736174451] 1
2021-07-02 10:10:49.572336 (1.0, 1000000.0, 10, 15.0, 0.3, 0.86, 0.1, 3) [0.1713718929627235 0.0014295612577006809 0.13040770317388722] 1
2021-07-02 10:11:12.771977 (1.0, 1000000.0, 10, 15.0, 0.3, 0.85, 0.1, 3) [0.17442823210511627 0.0017330987762294379 0.12266446341687674] 1
2021-07-02 12:03:57.209516 (1.0, 1000000.0, 16, 15.0, 0.3, 0.86, 0.1, 3) [0.08730155885443609 0.0013051293643499566 0.23236879218930731] 1
2021-07-02 12:09:12.542384 (1.0, 1000000.0, 16, 15.0, 0.3, 0.83, 0.1, 3) [0.09478181545067511 0.0012254639585512431 0.1855267857647622] 1
2021-07-02 12:10:56.090456 (1.0, 1000000.0, 16, 15.0, 0.3, 0.89, 0.1, 3) [0.08224682191884015 0.0013045460198875488 0.271164487616879] 1
2021-07-02 12:11:44.950471 (1.0, 1000000.0, 16, 15.0, 0.3, 0.91, 0.1, 3) [0.07877154147674074 0.00087416069437210638 0.30020776666646248] 1
2021-07-02 12:39:37.291109 (1.0, 1000000.0, 12, 15.0, 0.3, 0.85, 0.1, 3) [0.1363913266004337 0.0017028539235266545 0.1499292485205968] 1
2021-07-02 12:48:53.259533 (1.0, 1000000.0, 12, 15.0, 0.3, 0.84, 0.1, 3) [0.13944648109605656 0.0013922886768751839 0.13960947113990416] 1
2021-07-02 12:51:51.299378 (1.0, 1000000.0, 12, 15.0, 0.3, 0.8, 0.1, 3) [0.15312536735418644 0.0017396972424707307 0.10133521098222929] 1
2021-07-02 14:44:44.796645 (1.0, 1000000.0, 6, 15.0, 0.3, 0.74, 0.1, 3) [0.3911712305510162 0.00358547649932824 0.038169152046781347] 1
2021-07-02 14:45:30.869487 (1.0, 1000000.0, 6, 15.0, 0.3, 0.53, 0.1, 3) [0.5877731724578653 0.0026486838735200256 0.0035986243162665732] 1
2021-07-02 14:47:08.555739 (1.0, 1000000.0, 6, 15.0, 0.3, 0.65, 0.1, 3) [0.46039190938677543 0.0019342717720036459 0.016614546027320248] 1
2021-07-02 14:48:09.778929 (1.0, 1000000.0, 6, 15.0, 0.3, 0.62, 0.1, 3) [0.4897897165845772 0.0016568486706499083 0.011681170241103466] 1
2021-07-02 15:36:00.887722 (1.0, 1000000.0, 8, 15.0, 0.3, 0.74, 0.1, 3) [0.28882582343115026 0.0013988344721656968 0.040583761762089512] 1
2021-07-02 15:36:39.453021 (1.0, 1000000.0, 8, 15.0, 0.3, 0.79, 0.1, 3) [0.258487606909626 0.0011412569094077954 0.065624793420348701] 1
2021-07-02 15:38:09.709709 (1.0, 1000000.0, 8, 15.0, 0.3, 0.51, 0.1, 3) [0.5017263468017429 0.0015462030830438863 0.0013469049362130462] 1
