2021-10-18 08:47:14.412363 (1.0, 500000.0, 6, 10.0, 0.3, 0.53, 5.0, 3) [0.3658288061537148 1.7036086301718807] 1
2021-10-18 08:47:25.397184 (1.0, 500000.0, 6, 10.0, 0.3, 0.41, 5.0, 3) [0.5120109108718586 1.7309154320121243] 1
2021-10-18 08:47:31.355985 (1.0, 500000.0, 6, 10.0, 0.3, 0.52, 5.0, 3) [0.3803825349042044 1.7103428143803534] 1
2021-10-18 08:47:32.004262 (1.0, 500000.0, 6, 10.0, 0.3, 0.54, 5.0, 3) [0.3567379975486991 1.7049989423364138] 1
2021-10-18 08:47:50.552544 (1.0, 500000.0, 6, 10.0, 0.3, 0.56, 5.0, 3) [0.33941658197270264 1.7004150294716391] 1
2021-10-18 08:47:56.576020 (1.0, 500000.0, 6, 10.0, 0.3, 0.44, 5.0, 3) [0.47331971053517036 1.7242267141842094] 1
2021-10-18 08:47:59.674684 (1.0, 500000.0, 6, 10.0, 0.3, 0.4, 5.0, 3) [0.5269136409737832 1.7351546266475613] 1
2021-10-18 08:48:00.825378 (1.0, 500000.0, 6, 10.0, 0.3, 0.48, 5.0, 3) [0.4225391664280893 1.7134668073003241] 1
2021-10-18 08:48:07.560056 (1.0, 500000.0, 6, 10.0, 0.3, 0.47, 5.0, 3) [0.4356190654718823 1.7183197826660155] 1
2021-10-18 08:48:08.509114 (1.0, 500000.0, 6, 10.0, 0.3, 0.49, 5.0, 3) [0.4102810531962873 1.713628468751464] 1
2021-10-18 10:01:29.321124 (1.0, 500000.0, 7, 10.0, 0.3, 0.56, 5.0, 3) [0.28374405296246524 1.7077166791618881] 1
2021-10-18 10:01:36.499261 (1.0, 500000.0, 7, 10.0, 0.3, 0.44, 5.0, 3) [0.408715457037432 1.7343553360791175] 1
2021-10-18 10:01:48.300845 (1.0, 500000.0, 7, 10.0, 0.3, 0.48, 5.0, 3) [0.3605362311725708 1.7225416066108934] 1
2021-10-18 10:01:53.131659 (1.0, 500000.0, 7, 10.0, 0.3, 0.42, 5.0, 3) [0.4366714380095389 1.7374445412344064] 1
2021-10-18 10:01:55.602084 (1.0, 500000.0, 7, 10.0, 0.3, 0.47, 5.0, 3) [0.37420931228984167 1.7270034789892248] 1
2021-10-18 10:01:55.642676 (1.0, 500000.0, 7, 10.0, 0.3, 0.55, 5.0, 3) [0.29318210377891835 1.7126517056789015] 1
2021-10-18 10:01:56.372212 (1.0, 500000.0, 7, 10.0, 0.3, 0.53, 5.0, 3) [0.30915713938319356 1.7148977897542481] 1
2021-10-18 10:01:57.110073 (1.0, 500000.0, 7, 10.0, 0.3, 0.51, 5.0, 3) [0.3309361492575395 1.7184403050204713] 1
2021-10-18 10:02:07.587791 (1.0, 500000.0, 7, 10.0, 0.3, 0.46, 5.0, 3) [0.384694313458432 1.7303641452970531] 1
2021-10-18 10:02:08.452261 (1.0, 500000.0, 7, 10.0, 0.3, 0.59, 5.0, 3) [0.2582524490188831 1.7027791810923991] 1
2021-10-18 10:14:01.487399 (1.0, 500000.0, 8, 10.0, 0.3, 0.51, 5.0, 3) [0.28710929987333134 1.726014136529382] 1
2021-10-18 10:14:16.042879 (1.0, 500000.0, 8, 10.0, 0.3, 0.48, 5.0, 3) [0.3171463074406226 1.7320856668531246] 1
2021-10-18 10:14:16.257535 (1.0, 500000.0, 8, 10.0, 0.3, 0.57, 5.0, 3) [0.2328935341529346 1.7131792633852803] 1
2021-10-18 10:14:20.513796 (1.0, 500000.0, 8, 10.0, 0.3, 0.54, 5.0, 3) [0.2597384898937442 1.7196432504023182] 1
2021-10-18 10:14:21.774033 (1.0, 500000.0, 8, 10.0, 0.3, 0.53, 5.0, 3) [0.2678852427132082 1.7214870628198562] 1
2021-10-18 10:14:24.670889 (1.0, 500000.0, 8, 10.0, 0.3, 0.45, 5.0, 3) [0.35063242760866337 1.7364844325920268] 1
2021-10-18 10:14:27.077042 (1.0, 500000.0, 8, 10.0, 0.3, 0.41, 5.0, 3) [0.40384005628564484 1.7474742767615514] 1
2021-10-18 10:14:30.392881 (1.0, 500000.0, 8, 10.0, 0.3, 0.42, 5.0, 3) [0.38873339307413146 1.7467863274327642] 1
2021-10-18 10:14:33.218447 (1.0, 500000.0, 8, 10.0, 0.3, 0.55, 5.0, 3) [0.24838134409228133 1.715484159948252] 1
2021-10-18 10:14:42.821698 (1.0, 500000.0, 8, 10.0, 0.3, 0.59, 5.0, 3) [0.2182773114779252 1.7094860985613505] 1
2021-10-18 11:50:12.846754 (1.0, 500000.0, 9, 10.0, 0.3, 0.58, 5.0, 3) [0.1920723787232525 1.714383980203539] 1
2021-10-18 11:50:25.618604 (1.0, 500000.0, 9, 10.0, 0.3, 0.42, 5.0, 3) [0.35321047015506934 1.7494115992962522] 1
2021-10-18 12:29:09.933099 (1.0, 500000.0, 6, 10.0, 0.3, 0.51, 5.0, 3) [0.38768208341230836 1.7109338181417939] 1
2021-10-18 12:29:36.430701 (1.0, 500000.0, 6, 10.0, 0.3, 0.45, 5.0, 3) [0.45974265589879315 1.7233619755666079] 1
2021-10-18 12:29:43.574525 (1.0, 500000.0, 6, 10.0, 0.3, 0.43, 5.0, 3) [0.48924921710772074 1.7259506850709936] 1
2021-10-18 12:29:47.162611 (1.0, 500000.0, 6, 10.0, 0.3, 0.46, 5.0, 3) [0.44667865265477635 1.7190658085609685] 1
2021-10-18 12:29:53.086891 (1.0, 500000.0, 6, 10.0, 0.3, 0.57, 5.0, 3) [0.32944647184052034 1.6936392836014682] 1
2021-10-18 12:29:55.210864 (1.0, 500000.0, 6, 10.0, 0.3, 0.42, 5.0, 3) [0.4980597375459408 1.7284483058571434] 1
2021-10-18 12:29:55.942795 (1.0, 500000.0, 6, 10.0, 0.3, 0.5, 5.0, 3) [0.3990087144299265 1.7108486812954233] 1
2021-10-18 12:30:14.302913 (1.0, 500000.0, 6, 10.0, 0.3, 0.55, 5.0, 3) [0.3492299673744189 1.6997560455717151] 1
2021-10-18 12:30:23.062465 (1.0, 500000.0, 6, 10.0, 0.3, 0.59, 5.0, 3) [0.31193531314517337 1.6952391730957663] 1
2021-10-18 12:30:31.000287 (1.0, 500000.0, 6, 10.0, 0.3, 0.6, 5.0, 3) [0.302221194447454 1.6901153789617258] 1
2021-10-18 12:30:34.620522 (1.0, 500000.0, 6, 10.0, 0.3, 0.58, 5.0, 3) [0.31912749898116466 1.6950397968520476] 1
2021-10-18 12:36:05.925245 (1.0, 500000.0, 9, 10.0, 0.3, 0.5, 5.0, 3) [0.260743972991714 1.7330356300966667] 1
2021-10-18 12:37:01.217873 (1.0, 500000.0, 9, 10.0, 0.3, 0.46, 5.0, 3) [0.3040721183180219 1.7411865734556713] 1
2021-10-18 12:40:15.047306 (1.0, 500000.0, 9, 10.0, 0.3, 0.52, 5.0, 3) [0.24106108041524424 1.7285097779511187] 1
2021-10-18 12:40:21.538106 (1.0, 500000.0, 9, 10.0, 0.3, 0.57, 5.0, 3) [0.20236341969726793 1.7176724256804849] 1
2021-10-18 12:42:18.964234 (1.0, 500000.0, 9, 10.0, 0.3, 0.53, 5.0, 3) [0.23127878373896496 1.722733394012516] 1
2021-10-18 12:42:30.208179 (1.0, 500000.0, 9, 10.0, 0.3, 0.55, 5.0, 3) [0.21416950722603223 1.7208457267787929] 1
2021-10-18 12:44:28.628634 (1.0, 500000.0, 9, 10.0, 0.3, 0.44, 5.0, 3) [0.32597393966422095 1.745922829145957] 1
2021-10-18 12:44:38.370368 (1.0, 500000.0, 9, 10.0, 0.3, 0.59, 5.0, 3) [0.18544068311776235 1.7122137791549408] 1
2021-10-18 12:45:11.959824 (1.0, 500000.0, 9, 10.0, 0.3, 0.41, 5.0, 3) [0.3636196914375773 1.7538379757053746] 1
2021-10-18 12:45:18.553923 (1.0, 500000.0, 9, 10.0, 0.3, 0.47, 5.0, 3) [0.2921398916533904 1.7386054023668338] 1
2021-10-18 12:46:27.028453 (1.0, 500000.0, 9, 10.0, 0.3, 0.6, 5.0, 3) [0.17804084612003226 1.7101864000601004] 1
2021-10-18 12:46:28.210939 (1.0, 500000.0, 9, 10.0, 0.3, 0.51, 5.0, 3) [0.25015457603532376 1.730850589581731] 1
2021-10-18 12:49:18.218924 (1.0, 500000.0, 9, 10.0, 0.3, 0.4, 5.0, 3) [0.37740938547339187 1.754275967350776] 1
2021-10-18 12:49:37.301468 (1.0, 500000.0, 9, 10.0, 0.3, 0.43, 5.0, 3) [0.34005728484485687 1.7489312803436348] 1
2021-10-18 12:49:57.463386 (1.0, 500000.0, 9, 10.0, 0.3, 0.49, 5.0, 3) [0.27288227485268063 1.7350978746781678] 1
2021-10-18 12:50:03.658375 (1.0, 500000.0, 9, 10.0, 0.3, 0.56, 5.0, 3) [0.20669015823728928 1.7194949341666705] 1
2021-10-18 13:38:05.147421 (1.0, 500000.0, 10, 10.0, 0.3, 0.5, 5.0, 3) [0.23251895987233354 1.7374609196139177] 1
2021-10-18 13:38:09.222447 (1.0, 500000.0, 10, 10.0, 0.3, 0.41, 5.0, 3) [0.3345621720647388 1.7564955821779593] 1
2021-10-18 13:38:23.909128 (1.0, 500000.0, 10, 10.0, 0.3, 0.56, 5.0, 3) [0.18157685386847927 1.7227306216846734] 1
2021-10-18 13:38:47.585290 (1.0, 500000.0, 10, 10.0, 0.3, 0.54, 5.0, 3) [0.19531091711129644 1.7279004003034968] 1
2021-10-18 13:39:01.108046 (1.0, 500000.0, 10, 10.0, 0.3, 0.59, 5.0, 3) [0.16217998065411957 1.7146298464614749] 1
2021-10-18 13:39:08.074505 (1.0, 500000.0, 10, 10.0, 0.3, 0.55, 5.0, 3) [0.19010659020206574 1.7259587581460105] 1
2021-10-18 13:41:37.312353 (1.0, 500000.0, 10, 10.0, 0.3, 0.46, 5.0, 3) [0.27338782855088495 1.7452631827522815] 1
2021-10-18 13:42:41.410389 (1.0, 500000.0, 10, 10.0, 0.3, 0.43, 5.0, 3) [0.3106639965564053 1.7519393185552377] 1
2021-10-18 13:43:08.377543 (1.0, 500000.0, 10, 10.0, 0.3, 0.57, 5.0, 3) [0.174028265260244 1.7237430669194485] 1
2021-10-18 13:43:10.645410 (1.0, 500000.0, 10, 10.0, 0.3, 0.51, 5.0, 3) [0.2240220828894936 1.7336343250832413] 1
2021-10-18 13:48:39.530302 (1.0, 500000.0, 9, 10.0, 0.3, 0.45, 5.0, 3) [0.3157618975272554 1.7422770866874877] 1
2021-10-18 13:49:25.573591 (1.0, 500000.0, 9, 10.0, 0.3, 0.48, 5.0, 3) [0.2799464603244801 1.7374569185908408] 1
2021-10-18 13:50:34.128145 (1.0, 500000.0, 9, 10.0, 0.3, 0.54, 5.0, 3) [0.22341788834662962 1.7233680756098868] 1
2021-10-18 15:26:04.413534 (1.0, 500000.0, 11, 10.0, 0.3, 0.55, 5.0, 3) [0.16864365028745942 1.7278456553804857] 1
2021-10-18 15:26:04.885725 (1.0, 500000.0, 11, 10.0, 0.3, 0.46, 5.0, 3) [0.24880989204393944 1.747600189714158] 1
2021-10-18 15:26:16.135768 (1.0, 500000.0, 11, 10.0, 0.3, 0.53, 5.0, 3) [0.18106713528193838 1.7309204062518286] 1
2021-10-18 15:26:28.591069 (1.0, 500000.0, 11, 10.0, 0.3, 0.51, 5.0, 3) [0.19882074787467635 1.7357122430999592] 1
2021-10-18 15:26:32.558286 (1.0, 500000.0, 11, 10.0, 0.3, 0.48, 5.0, 3) [0.22985491529098556 1.7410562774961107] 1
2021-10-18 15:26:33.409785 (1.0, 500000.0, 11, 10.0, 0.3, 0.5, 5.0, 3) [0.2098438030192345 1.7390976229327464] 1
2021-10-18 15:26:36.889719 (1.0, 500000.0, 11, 10.0, 0.3, 0.52, 5.0, 3) [0.18961649124257196 1.734450731253383] 1
2021-10-18 15:26:48.338131 (1.0, 500000.0, 11, 10.0, 0.3, 0.6, 5.0, 3) [0.13289505505348082 1.7178822448387523] 1
2021-10-18 15:26:48.877008 (1.0, 500000.0, 11, 10.0, 0.3, 0.42, 5.0, 3) [0.29731699589449234 1.7586639032862772] 1
2021-10-18 15:27:24.486532 (1.0, 500000.0, 11, 10.0, 0.3, 0.57, 5.0, 3) [0.1516948210992232 1.7223427101092992] 1
2021-10-18 16:16:20.417498 (1.0, 500000.0, 8, 10.0, 0.3, 0.4, 5.0, 3) [0.41602727239932924 1.7472097022375879] 1
2021-10-18 16:18:51.616096 (1.0, 500000.0, 8, 10.0, 0.3, 0.44, 5.0, 3) [0.36338305252769615 1.7409333357405463] 1
2021-10-18 16:18:56.792342 (1.0, 500000.0, 8, 10.0, 0.3, 0.46, 5.0, 3) [0.3416557805209155 1.7387314654124353] 1
2021-10-18 16:19:06.080845 (1.0, 500000.0, 8, 10.0, 0.3, 0.43, 5.0, 3) [0.3741120510888128 1.7419134308646749] 1
2021-10-18 16:19:19.442059 (1.0, 500000.0, 8, 10.0, 0.3, 0.52, 5.0, 3) [0.276298302768466 1.7259282860461362] 1
2021-10-18 16:19:43.429170 (1.0, 500000.0, 8, 10.0, 0.3, 0.5, 5.0, 3) [0.295485445455693 1.7287245223149168] 1
2021-10-18 16:20:00.730408 (1.0, 500000.0, 8, 10.0, 0.3, 0.56, 5.0, 3) [0.24121252946930094 1.7154214241750874] 1
2021-10-18 16:20:15.220468 (1.0, 500000.0, 8, 10.0, 0.3, 0.49, 5.0, 3) [0.3077364199899595 1.7307322636040625] 1
2021-10-18 16:20:16.562332 (1.0, 500000.0, 8, 10.0, 0.3, 0.47, 5.0, 3) [0.32810265888038065 1.735317055728866] 1
2021-10-18 16:20:23.952012 (1.0, 500000.0, 8, 10.0, 0.3, 0.58, 5.0, 3) [0.2251012537463348 1.7110967961741381] 1
2021-10-18 16:20:25.705577 (1.0, 500000.0, 8, 10.0, 0.3, 0.6, 5.0, 3) [0.20983403140567766 1.7061486201161478] 1
2021-10-18 16:24:19.840730 (1.0, 500000.0, 12, 10.0, 0.3, 0.56, 5.0, 3) [0.14043704458947398 1.7287642516246724] 1
2021-10-18 16:24:39.402306 (1.0, 500000.0, 7, 10.0, 0.3, 0.41, 5.0, 3) [0.45114111538054086 1.7404638392510365] 1
2021-10-18 16:24:48.752237 (1.0, 500000.0, 7, 10.0, 0.3, 0.43, 5.0, 3) [0.4238005854164083 1.7353757429140417] 1
2021-10-18 16:25:35.274578 (1.0, 500000.0, 12, 10.0, 0.3, 0.49, 5.0, 3) [0.1991754723069669 1.7434157403059527] 1
2021-10-18 16:25:40.406779 (1.0, 500000.0, 12, 10.0, 0.3, 0.5, 5.0, 3) [0.18750846828543713 1.7422471158683051] 1
2021-10-18 16:25:40.606235 (1.0, 500000.0, 7, 10.0, 0.3, 0.4, 5.0, 3) [0.46297261899500364 1.7439185059502249] 1
2021-10-18 16:25:43.583403 (1.0, 500000.0, 12, 10.0, 0.3, 0.54, 5.0, 3) [0.1544311035176312 1.7335424007657256] 1
2021-10-18 16:25:54.937822 (1.0, 500000.0, 7, 10.0, 0.3, 0.45, 5.0, 3) [0.39734964124526967 1.731786076355879] 1
2021-10-18 16:25:56.470401 (1.0, 500000.0, 12, 10.0, 0.3, 0.53, 5.0, 3) [0.16313653373537737 1.7352770124718915] 1
2021-10-18 16:26:03.375925 (1.0, 500000.0, 12, 10.0, 0.3, 0.55, 5.0, 3) [0.14791318611080728 1.7315864317340506] 1
2021-10-18 16:26:05.825889 (1.0, 500000.0, 12, 10.0, 0.3, 0.43, 5.0, 3) [0.2627977931706924 1.7579468569604091] 1
2021-10-18 16:26:14.162126 (1.0, 500000.0, 12, 10.0, 0.3, 0.51, 5.0, 3) [0.17980681999956852 1.7387291723810059] 1
2021-10-18 16:26:22.159655 (1.0, 500000.0, 12, 10.0, 0.3, 0.59, 5.0, 3) [0.12126546131710103 1.7218287752660135] 1
2021-10-18 16:26:54.397423 (1.0, 500000.0, 7, 10.0, 0.3, 0.52, 5.0, 3) [0.3202085664155548 1.7182396461971365] 1
2021-10-18 16:27:15.343981 (1.0, 500000.0, 7, 10.0, 0.3, 0.6, 5.0, 3) [0.25190702904687096 1.7000519591724745] 1
2021-10-18 16:27:32.186428 (1.0, 500000.0, 12, 10.0, 0.3, 0.58, 5.0, 3) [0.12820356990157036 1.7251025019103081] 1
2021-10-18 16:27:36.504005 (1.0, 500000.0, 7, 10.0, 0.3, 0.58, 5.0, 3) [0.2661355254127355 1.7051630734022056] 1
2021-10-18 16:27:49.400069 (1.0, 500000.0, 7, 10.0, 0.3, 0.49, 5.0, 3) [0.3504245128014348 1.7224280899037765] 1
2021-10-18 16:27:58.729173 (1.0, 500000.0, 7, 10.0, 0.3, 0.5, 5.0, 3) [0.3417778579511988 1.7204287716846096] 1
2021-10-18 16:28:08.676999 (1.0, 500000.0, 7, 10.0, 0.3, 0.54, 5.0, 3) [0.30139699873548764 1.7114188474103245] 1
2021-10-18 16:28:09.785242 (1.0, 500000.0, 7, 10.0, 0.3, 0.57, 5.0, 3) [0.27717550686509757 1.7055217389150519] 1
2021-10-18 19:26:19.220284 (1.0, 500000.0, 13, 10.0, 0.3, 0.48, 5.0, 3) [0.18864664188777916 1.7482913532118054] 1
2021-10-18 19:27:57.830634 (1.0, 500000.0, 13, 10.0, 0.3, 0.43, 5.0, 3) [0.24494945946363986 1.7595321402577624] 1
2021-10-18 20:36:27.847374 (1.0, 500000.0, 14, 10.0, 0.3, 0.44, 5.0, 3) [0.21682944004129331 1.7579140518723655] 1
2021-10-18 20:36:29.801468 (1.0, 500000.0, 14, 10.0, 0.3, 0.54, 5.0, 3) [0.12460343000298915 1.7355928418793125] 1
2021-10-18 20:36:48.644934 (1.0, 500000.0, 14, 10.0, 0.3, 0.49, 5.0, 3) [0.16523932964402183 1.74537379225236] 1
2021-10-18 20:37:01.626047 (1.0, 500000.0, 14, 10.0, 0.3, 0.4, 5.0, 3) [0.2663505015997857 1.7682548770670992] 1
2021-10-18 20:38:00.998583 (1.0, 500000.0, 14, 10.0, 0.3, 0.55, 5.0, 3) [0.11830939851711912 1.7355440662831914] 1
2021-10-18 20:38:01.966466 (1.0, 500000.0, 14, 10.0, 0.3, 0.42, 5.0, 3) [0.23970790008974224 1.7639367508698511] 1
2021-10-18 20:38:52.320290 (1.0, 500000.0, 14, 10.0, 0.3, 0.52, 5.0, 3) [0.1392710384581767 1.7419307480039212] 1
2021-10-18 20:39:14.809847 (1.0, 500000.0, 14, 10.0, 0.3, 0.56, 5.0, 3) [0.11439326345788431 1.7317926544493403] 1
2021-10-18 22:49:00.219314 (1.0, 500000.0, 13, 10.0, 0.3, 0.49, 5.0, 3) [0.17966617200847623 1.7447440167070964] 1
2021-10-18 22:49:28.053272 (1.0, 500000.0, 13, 10.0, 0.3, 0.52, 5.0, 3) [0.15436484383757193 1.7399154723300254] 1
2021-10-18 22:50:03.747714 (1.0, 500000.0, 13, 10.0, 0.3, 0.41, 5.0, 3) [0.2697659745685091 1.7653941948603693] 1
2021-10-18 22:50:03.967540 (1.0, 500000.0, 13, 10.0, 0.3, 0.46, 5.0, 3) [0.21147765548256708 1.7508304762816942] 1
2021-10-18 22:51:48.305343 (1.0, 500000.0, 13, 10.0, 0.3, 0.54, 5.0, 3) [0.13987836477208757 1.7356916065794021] 1
2021-10-18 22:51:58.285315 (1.0, 500000.0, 13, 10.0, 0.3, 0.56, 5.0, 3) [0.1259153627754246 1.7299484318391549] 1
2021-10-18 22:51:59.921068 (1.0, 500000.0, 13, 10.0, 0.3, 0.59, 5.0, 3) [0.10763487964471258 1.7223207680608574] 1
2021-10-18 22:52:26.038775 (1.0, 500000.0, 13, 10.0, 0.3, 0.44, 5.0, 3) [0.2319942523975756 1.7573767449633002] 1
2021-10-18 22:52:34.426259 (1.0, 500000.0, 13, 10.0, 0.3, 0.47, 5.0, 3) [0.199578181996536 1.749609260231628] 1
2021-10-18 22:53:17.363814 (1.0, 500000.0, 13, 10.0, 0.3, 0.57, 5.0, 3) [0.11857276253612362 1.7272283818642971] 1
2021-10-18 22:54:22.808679 (1.0, 500000.0, 13, 10.0, 0.3, 0.55, 5.0, 3) [0.1315313111879875 1.7339500329296189] 1
2021-10-18 22:55:04.544744 (1.0, 500000.0, 13, 10.0, 0.3, 0.45, 5.0, 3) [0.22039485910859244 1.7551691321949319] 1
2021-10-18 22:55:07.472731 (1.0, 500000.0, 13, 10.0, 0.3, 0.42, 5.0, 3) [0.2564542743992362 1.7623346690201673] 1
2021-10-18 22:55:12.481095 (1.0, 500000.0, 13, 10.0, 0.3, 0.58, 5.0, 3) [0.11409006788422522 1.7270701181758998] 1
2021-10-18 22:55:26.977606 (1.0, 500000.0, 13, 10.0, 0.3, 0.51, 5.0, 3) [0.16308127813938877 1.7408120578454582] 1
2021-10-18 22:56:01.672943 (1.0, 500000.0, 13, 10.0, 0.3, 0.6, 5.0, 3) [0.10328154901624781 1.7225043074477704] 1
2021-10-19 00:56:32.833196 (1.0, 500000.0, 14, 10.0, 0.3, 0.59, 5.0, 3) [0.09579335757591749 1.7258299844806051] 1
2021-10-19 00:56:45.497548 (1.0, 500000.0, 14, 10.0, 0.3, 0.47, 5.0, 3) [0.18317444848648545 1.7508385756958333] 1
2021-10-19 00:59:34.568870 (1.0, 500000.0, 14, 10.0, 0.3, 0.41, 5.0, 3) [0.2539282924605544 1.7660624081389615] 1
2021-10-19 01:00:30.555112 (1.0, 500000.0, 14, 10.0, 0.3, 0.53, 5.0, 3) [0.13215190166416843 1.7386816821422126] 1
2021-10-19 01:18:10.317340 (1.0, 500000.0, 10, 10.0, 0.3, 0.4, 5.0, 3) [0.3489545673644522 1.7597300188899578] 1
2021-10-19 01:21:10.660174 (1.0, 500000.0, 10, 10.0, 0.3, 0.42, 5.0, 3) [0.32406414358850233 1.7545694086593953] 1
2021-10-19 01:23:01.484624 (1.0, 500000.0, 10, 10.0, 0.3, 0.48, 5.0, 3) [0.2521025908870181 1.7432327326080459] 1
2021-10-19 01:27:38.911612 (1.0, 500000.0, 10, 10.0, 0.3, 0.49, 5.0, 3) [0.24169871712792676 1.7394118821614541] 1
2021-10-19 01:28:16.894785 (1.0, 500000.0, 10, 10.0, 0.3, 0.45, 5.0, 3) [0.2833244291395232 1.7472785341758561] 1
2021-10-19 01:29:04.082639 (1.0, 500000.0, 10, 10.0, 0.3, 0.47, 5.0, 3) [0.25947314937811794 1.7436857686080189] 1
2021-10-19 01:29:20.205621 (1.0, 500000.0, 10, 10.0, 0.3, 0.44, 5.0, 3) [0.2968553085051257 1.7503684428779136] 1
2021-10-19 01:29:47.502620 (1.0, 500000.0, 10, 10.0, 0.3, 0.52, 5.0, 3) [0.2122631503374285 1.7330716855404034] 1
2021-10-19 01:30:04.306488 (1.0, 500000.0, 10, 10.0, 0.3, 0.58, 5.0, 3) [0.166314044137336 1.7197361401018738] 1
2021-10-19 01:30:17.391869 (1.0, 500000.0, 10, 10.0, 0.3, 0.53, 5.0, 3) [0.20506213507320176 1.7294343311049303] 1
2021-10-19 01:30:57.517085 (1.0, 500000.0, 10, 10.0, 0.3, 0.6, 5.0, 3) [0.15317861319259377 1.7170075697155467] 1
2021-10-19 02:18:58.927819 (1.0, 500000.0, 13, 10.0, 0.3, 0.4, 5.0, 3) [0.2832251856099332 1.7667148526766021] 1
2021-10-19 02:19:36.702303 (1.0, 500000.0, 13, 10.0, 0.3, 0.5, 5.0, 3) [0.16945690434631822 1.7436085615205918] 1
2021-10-19 02:20:48.809558 (1.0, 500000.0, 13, 10.0, 0.3, 0.53, 5.0, 3) [0.1462836643242771 1.7352068840412489] 1
2021-10-19 06:47:57.906012 (1.0, 500000.0, 15, 10.0, 0.3, 0.47, 5.0, 3) [0.17057969445151153 1.7540773639326439] 1
2021-10-19 06:49:15.918275 (1.0, 500000.0, 15, 10.0, 0.3, 0.44, 5.0, 3) [0.20423008734347445 1.760393597642872] 1
2021-10-19 06:50:19.877434 (1.0, 500000.0, 15, 10.0, 0.3, 0.42, 5.0, 3) [0.22677245892813258 1.7652310011176555] 1
2021-10-19 06:51:38.750246 (1.0, 500000.0, 15, 10.0, 0.3, 0.4, 5.0, 3) [0.2539624174396944 1.7692768213636159] 1
2021-10-19 06:52:32.171444 (1.0, 500000.0, 15, 10.0, 0.3, 0.41, 5.0, 3) [0.24125627116310133 1.7677926418036392] 1
2021-10-19 06:53:00.096358 (1.0, 500000.0, 15, 10.0, 0.3, 0.43, 5.0, 3) [0.21427773477725706 1.7626362476154676] 1
2021-10-19 07:08:36.233357 (1.0, 500000.0, 15, 10.0, 0.3, 0.55, 5.0, 3) [0.10794886434369697 1.7348747352613185] 1
2021-10-19 07:13:21.973349 (1.0, 500000.0, 15, 10.0, 0.3, 0.49, 5.0, 3) [0.15219506928889429 1.7482931979383503] 1
2021-10-19 07:13:22.523823 (1.0, 500000.0, 15, 10.0, 0.3, 0.45, 5.0, 3) [0.19157447270140487 1.756995497673949] 1
2021-10-19 07:16:11.251597 (1.0, 500000.0, 15, 10.0, 0.3, 0.59, 5.0, 3) [0.08610552829801123 1.7261713298387378] 1
2021-10-19 09:59:00.131189 (1.0, 500000.0, 11, 10.0, 0.3, 0.44, 5.0, 3) [0.27202851752090895 1.753317493901545] 1
2021-10-19 10:04:28.865521 (1.0, 500000.0, 16, 10.0, 0.3, 0.48, 5.0, 3) [0.15081481113479336 1.7509420271657492] 1
2021-10-19 10:05:35.048375 (1.0, 500000.0, 16, 10.0, 0.3, 0.41, 5.0, 3) [0.22604674509333375 1.769631142842284] 1
2021-10-19 10:05:54.522252 (1.0, 500000.0, 16, 10.0, 0.3, 0.42, 5.0, 3) [0.2158007816518828 1.7652934876455608] 1
2021-10-19 10:06:22.035257 (1.0, 500000.0, 11, 10.0, 0.3, 0.41, 5.0, 3) [0.30934280533704694 1.7599095470301029] 1
2021-10-19 10:06:26.417139 (1.0, 500000.0, 16, 10.0, 0.3, 0.49, 5.0, 3) [0.14041812170036416 1.7503120888672041] 1
2021-10-19 10:07:37.748398 (1.0, 500000.0, 11, 10.0, 0.3, 0.47, 5.0, 3) [0.23840801589567046 1.7470686979971277] 1
2021-10-19 10:07:56.210943 (1.0, 500000.0, 16, 10.0, 0.3, 0.43, 5.0, 3) [0.2028175896799074 1.7642839433180095] 1
2021-10-19 10:08:30.815908 (1.0, 500000.0, 16, 10.0, 0.3, 0.4, 5.0, 3) [0.24084724542795705 1.7707956904903996] 1
2021-10-19 10:08:39.814479 (1.0, 500000.0, 16, 10.0, 0.3, 0.47, 5.0, 3) [0.15931251888940798 1.7548400327317377] 1
2021-10-19 10:08:48.061250 (1.0, 500000.0, 16, 10.0, 0.3, 0.56, 5.0, 3) [0.09149206359096068 1.7349483649780382] 1
2021-10-19 10:09:15.236012 (1.0, 500000.0, 16, 10.0, 0.3, 0.45, 5.0, 3) [0.1815984906574578 1.7592112960676309] 1
2021-10-19 10:10:46.504330 (1.0, 500000.0, 11, 10.0, 0.3, 0.54, 5.0, 3) [0.17557447781344498 1.7305079409833337] 1
2021-10-19 10:11:38.419208 (1.0, 500000.0, 16, 10.0, 0.3, 0.46, 5.0, 3) [0.17029256056205497 1.758173327243314] 1
2021-10-19 10:13:04.571146 (1.0, 500000.0, 11, 10.0, 0.3, 0.43, 5.0, 3) [0.28413126296288593 1.7531428614288704] 1
2021-10-19 10:14:16.089639 (1.0, 500000.0, 11, 10.0, 0.3, 0.56, 5.0, 3) [0.15844660964372634 1.7258315584435142] 1
2021-10-19 10:15:32.798852 (1.0, 500000.0, 11, 10.0, 0.3, 0.49, 5.0, 3) [0.21719470393825416 1.7413124592139544] 1
2021-10-19 10:17:21.874178 (1.0, 500000.0, 11, 10.0, 0.3, 0.59, 5.0, 3) [0.1378164166405019 1.7198574424533821] 1
2021-10-19 10:17:31.687736 (1.0, 500000.0, 11, 10.0, 0.3, 0.45, 5.0, 3) [0.26042134217095053 1.7496410333812036] 1
2021-10-19 10:19:38.931822 (1.0, 500000.0, 11, 10.0, 0.3, 0.4, 5.0, 3) [0.3241969727186331 1.7617628339865383] 1
2021-10-19 10:19:48.693123 (1.0, 500000.0, 11, 10.0, 0.3, 0.58, 5.0, 3) [0.145684184780765 1.7218546814887279] 1
2021-10-19 17:21:39.698543 (1.0, 500000.0, 12, 10.0, 0.3, 0.41, 5.0, 3) [0.28888962688900277 1.7614101422150601] 1
2021-10-19 17:28:42.428499 (1.0, 500000.0, 12, 10.0, 0.3, 0.52, 5.0, 3) [0.17085294124448214 1.7374874981407535] 1
2021-10-19 17:29:19.212704 (1.0, 500000.0, 12, 10.0, 0.3, 0.42, 5.0, 3) [0.2774358784801517 1.7595703310847701] 1
2021-10-19 17:30:26.342977 (1.0, 500000.0, 12, 10.0, 0.3, 0.57, 5.0, 3) [0.13571137838985212 1.7278634022725112] 1
2021-10-19 17:33:26.044962 (1.0, 500000.0, 12, 10.0, 0.3, 0.47, 5.0, 3) [0.21787418141289422 1.7491731620074544] 1
2021-10-19 17:33:46.073454 (1.0, 500000.0, 12, 10.0, 0.3, 0.44, 5.0, 3) [0.25162045405593153 1.7564064750749859] 1
2021-10-19 17:33:48.719887 (1.0, 500000.0, 12, 10.0, 0.3, 0.46, 5.0, 3) [0.2292553791311201 1.7511489271642995] 1
2021-10-19 17:35:30.934761 (1.0, 500000.0, 12, 10.0, 0.3, 0.48, 5.0, 3) [0.20571789867550325 1.7459462717899239] 1
2021-10-19 17:36:33.349511 (1.0, 500000.0, 12, 10.0, 0.3, 0.45, 5.0, 3) [0.23948320898014358 1.7523234749709713] 1
2021-10-19 17:36:57.453650 (1.0, 500000.0, 12, 10.0, 0.3, 0.4, 5.0, 3) [0.2994726261561434 1.7625805664154892] 1
2021-10-19 17:37:14.093294 (1.0, 500000.0, 12, 10.0, 0.3, 0.6, 5.0, 3) [0.11670839316434631 1.7184110066956162] 1
2021-10-20 06:22:51.466958 (1.0, 500000.0, 14, 10.0, 0.3, 0.51, 5.0, 3) [0.14853763734352257 1.7422793170672444] 1
2021-10-20 06:26:51.495837 (1.0, 500000.0, 14, 10.0, 0.3, 0.48, 5.0, 3) [0.175011306462209 1.7497494055714751] 1
2021-10-20 06:28:09.956534 (1.0, 500000.0, 14, 10.0, 0.3, 0.46, 5.0, 3) [0.1951357661340334 1.7538266972811225] 1
2021-10-20 06:28:13.961486 (1.0, 500000.0, 14, 10.0, 0.3, 0.58, 5.0, 3) [0.10087668054260437 1.7284163826562724] 1
2021-10-20 06:28:38.397894 (1.0, 500000.0, 14, 10.0, 0.3, 0.57, 5.0, 3) [0.10657424892548599 1.7295493864630145] 1
2021-10-20 06:29:08.873060 (1.0, 500000.0, 14, 10.0, 0.3, 0.6, 5.0, 3) [0.09057712818113572 1.7229290028011621] 1
2021-10-20 06:29:58.493994 (1.0, 500000.0, 14, 10.0, 0.3, 0.5, 5.0, 3) [0.15743723286588307 1.7440805395948935] 1
2021-10-20 06:30:13.937601 (1.0, 500000.0, 14, 10.0, 0.3, 0.43, 5.0, 3) [0.2298483431186538 1.7622563616942559] 1
2021-10-20 06:30:40.744143 (1.0, 500000.0, 14, 10.0, 0.3, 0.45, 5.0, 3) [0.2078839089990768 1.756943477980232] 1
2021-10-21 13:43:29.561754 (1.0, 500000.0, 15, 10.0, 0.3, 0.48, 5.0, 3) [0.1620765249465728 1.7524986662342299] 1
2021-10-21 13:43:31.504972 (1.0, 500000.0, 15, 10.0, 0.3, 0.46, 5.0, 3) [0.18236820406545104 1.7543840566715201] 1
2021-10-21 13:48:28.977191 (1.0, 500000.0, 15, 10.0, 0.3, 0.52, 5.0, 3) [0.12824137485829354 1.7418540302474048] 1
2021-10-21 13:52:52.246295 (1.0, 500000.0, 15, 10.0, 0.3, 0.51, 5.0, 3) [0.1356537035002326 1.7447797535167033] 1
2021-10-21 13:53:08.816120 (1.0, 500000.0, 15, 10.0, 0.3, 0.54, 5.0, 3) [0.11372229254276475 1.7385549333290016] 1
2021-10-21 13:54:51.775888 (1.0, 500000.0, 15, 10.0, 0.3, 0.57, 5.0, 3) [0.09650242789713433 1.7303563600157186] 1
2021-10-21 13:55:23.833425 (1.0, 500000.0, 15, 10.0, 0.3, 0.53, 5.0, 3) [0.12183385254147662 1.7395044941063951] 1
2021-10-21 13:57:07.498732 (1.0, 500000.0, 15, 10.0, 0.3, 0.58, 5.0, 3) [0.0914647135017103 1.7284440995225661] 1
2021-10-21 13:57:34.667071 (1.0, 500000.0, 15, 10.0, 0.3, 0.5, 5.0, 3) [0.14467415324873978 1.7451311598794632] 1
2021-10-21 13:58:49.835825 (1.0, 500000.0, 15, 10.0, 0.3, 0.6, 5.0, 3) [0.07990276184204279 1.7239401210137772] 1
2021-10-21 13:59:01.270405 (1.0, 500000.0, 15, 10.0, 0.3, 0.56, 5.0, 3) [0.10231457121473603 1.7343357610122203] 1
2021-10-22 12:44:40.788147 (1.0, 500000.0, 16, 10.0, 0.3, 0.5, 5.0, 3) [0.13195566699227923 1.7466460004201818] 1
2021-10-22 12:46:03.768119 (1.0, 500000.0, 16, 10.0, 0.3, 0.55, 5.0, 3) [0.0962534812757391 1.736538258735566] 1
2021-10-22 12:52:14.539277 (1.0, 500000.0, 16, 10.0, 0.3, 0.53, 5.0, 3) [0.10949157630004851 1.7411131590102709] 1
2021-10-22 12:56:34.427602 (1.0, 500000.0, 16, 10.0, 0.3, 0.6, 5.0, 3) [0.07250705648749124 1.724183098171719] 1
2021-10-22 12:57:48.795830 (1.0, 500000.0, 16, 10.0, 0.3, 0.59, 5.0, 3) [0.07681838067212092 1.7293204889158134] 1
2021-10-22 12:58:13.371105 (1.0, 500000.0, 16, 10.0, 0.3, 0.44, 5.0, 3) [0.19146584923548526 1.7609510044406622] 1
2021-10-22 13:00:50.160055 (1.0, 500000.0, 16, 10.0, 0.3, 0.52, 5.0, 3) [0.11753095209612974 1.7431254791510571] 1
2021-10-22 13:01:00.932227 (1.0, 500000.0, 16, 10.0, 0.3, 0.57, 5.0, 3) [0.08630288906104548 1.733412587556326] 1
2021-10-22 13:02:01.774181 (1.0, 500000.0, 16, 10.0, 0.3, 0.58, 5.0, 3) [0.0815115131698534 1.730520176402262] 1
2021-10-22 13:04:12.812312 (1.0, 500000.0, 16, 10.0, 0.3, 0.51, 5.0, 3) [0.12373502773551052 1.745656948001532] 1
2021-10-22 13:05:17.406627 (1.0, 500000.0, 16, 10.0, 0.3, 0.54, 5.0, 3) [0.10356847742532538 1.7385226272054983] 1