2021-07-11 21:55:40.531362 (1.0, 600000.0, 6, 16.0, 0.3, 0.73, 4.0, 3) [0.47890256049686813 0.0019226734014259584 0.013314300337355959] 1
2021-07-11 21:55:44.608437 (1.0, 600000.0, 6, 16.0, 0.3, 0.81, 4.0, 3) [0.4183162232360401 0.0027225976097292283 0.027635282793339575] 1
2021-07-11 22:31:26.231237 (1.0, 600000.0, 6, 16.0, 0.3, 0.82, 4.0, 3) [0.4106446550458466 0.0025747065524686936 0.030287720685351228] 1
2021-07-11 22:31:30.495774 (1.0, 600000.0, 6, 16.0, 0.3, 0.79, 4.0, 3) [0.43101722089642897 0.0022267018665540184 0.023693343503273345] 1
2021-07-11 22:33:31.118540 (1.0, 600000.0, 6, 16.0, 0.3, 0.7, 4.0, 3) [0.5013719409336459 0.0043931940010677496 0.01014696505065593] 1
2021-07-11 22:33:43.782741 (1.0, 600000.0, 6, 16.0, 0.3, 0.74, 4.0, 3) [0.4694759210600949 0.0019480176282194405 0.014919773052048346] 1
2021-07-11 22:34:25.847990 (1.0, 600000.0, 6, 16.0, 0.3, 0.8, 4.0, 3) [0.4239323139098041 0.0027641662587419204 0.025807180414943572] 1
2021-07-11 22:35:01.218218 (1.0, 600000.0, 6, 16.0, 0.3, 0.75, 4.0, 3) [0.46103467716391616 0.0019756284124786169 0.016503577009154391] 1
2021-07-11 22:35:03.500173 (1.0, 600000.0, 6, 16.0, 0.3, 0.77, 4.0, 3) [0.4475474162278059 0.0018142120161133983 0.019438329920420553] 1
2021-07-11 22:35:04.183204 (1.0, 600000.0, 6, 16.0, 0.3, 0.89, 4.0, 3) [0.3686023532418737 0.003205633023445867 0.050298154518339244] 1
2021-07-11 22:36:11.286755 (1.0, 600000.0, 6, 16.0, 0.3, 0.71, 4.0, 3) [0.4945539388647768 0.0035240721969151453 0.01102940337370905] 1
2021-07-11 22:36:15.567441 (1.0, 600000.0, 6, 16.0, 0.3, 0.86, 4.0, 3) [0.38511942452085507 0.0025118393227008622 0.041159560205527232] 1
2021-07-11 22:39:59.422309 (1.0, 600000.0, 6, 16.0, 0.3, 0.85, 4.0, 3) [0.39216208174548595 0.0019632324730436772 0.037866115869110442] 1
2021-07-11 22:40:05.632741 (1.0, 600000.0, 6, 16.0, 0.3, 0.87, 4.0, 3) [0.38094616842095996 0.001554049053824095 0.043380735892650027] 1
2021-07-11 22:40:23.447851 (1.0, 600000.0, 6, 16.0, 0.3, 0.9, 4.0, 3) [0.364942850927482 0.0036266270631432219 0.052632212099951593] 1
2021-07-11 22:40:23.486443 (1.0, 600000.0, 6, 16.0, 0.3, 0.72, 4.0, 3) [0.48708577914121887 0.0037142673976801877 0.012065013717380984] 1
2021-07-11 22:41:32.999143 (1.0, 600000.0, 6, 16.0, 0.3, 0.84, 4.0, 3) [0.3990787054816434 0.0020480043828998121 0.034849335798612942] 1
2021-07-11 22:41:33.592358 (1.0, 600000.0, 6, 16.0, 0.3, 0.83, 4.0, 3) [0.40324317966358847 0.0025892072356665762 0.033085541313011314] 1
2021-07-11 23:12:43.058547 (1.0, 600000.0, 6, 16.0, 0.3, 0.76, 4.0, 3) [0.45281427357626963 0.003149480285206428 0.018207935740360892] 1
2021-07-11 23:13:22.641818 (1.0, 600000.0, 6, 16.0, 0.3, 0.78, 4.0, 3) [0.43982798238676174 0.0035509194317635607 0.021341990868472611] 1
2021-07-11 23:14:01.285387 (1.0, 600000.0, 6, 16.0, 0.3, 0.88, 4.0, 3) [0.3753459722169512 0.0029793170905145455 0.046462701498649658] 1
2021-07-11 23:22:58.778316 (1.0, 600000.0, 7, 16.0, 0.3, 0.71, 4.0, 3) [0.4344983258333962 0.0029382364317992477 0.0094696754546196756] 1
2021-07-11 23:23:06.877815 (1.0, 600000.0, 7, 16.0, 0.3, 0.75, 4.0, 3) [0.40155317001659685 0.0041322262614296628 0.015044519420592609] 1
2021-07-12 00:09:46.684703 (1.0, 600000.0, 8, 16.0, 0.3, 0.71, 4.0, 3) [0.38744423917505305 0.0025687896416053428 0.0084055491541505691] 1
2021-07-12 00:10:01.838252 (1.0, 600000.0, 8, 16.0, 0.3, 0.86, 4.0, 3) [0.28661492425298096 0.0031152166461794481 0.042323592122919182] 1
2021-07-12 00:10:16.141038 (1.0, 600000.0, 8, 16.0, 0.3, 0.9, 4.0, 3) [0.26907126866073733 0.0020467822988581535 0.056201948962714944] 1
2021-07-12 00:10:33.242716 (1.0, 600000.0, 8, 16.0, 0.3, 0.75, 4.0, 3) [0.35845645945474147 0.0017503481181268769 0.01339987287642337] 1
2021-07-12 00:10:40.202783 (1.0, 600000.0, 8, 16.0, 0.3, 0.8, 4.0, 3) [0.32316905483895925 0.0017607484286582045 0.023613895624584373] 1
2021-07-12 00:10:45.959443 (1.0, 600000.0, 8, 16.0, 0.3, 0.73, 4.0, 3) [0.37177811118308335 0.0025471198969016034 0.01081239814204156] 1
2021-07-12 00:10:51.728017 (1.0, 600000.0, 8, 16.0, 0.3, 0.72, 4.0, 3) [0.38031012587169705 0.0023713553619082641 0.0094339945578342833] 1
2021-07-12 00:10:54.726295 (1.0, 600000.0, 8, 16.0, 0.3, 0.77, 4.0, 3) [0.34001069131929823 0.0030035402873262998 0.017969577488284816] 1
2021-07-12 00:10:56.274852 (1.0, 600000.0, 8, 16.0, 0.3, 0.7, 4.0, 3) [0.3960244646194211 0.0030369308960454902 0.0073310885240923706] 1
2021-07-12 00:10:58.564192 (1.0, 600000.0, 8, 16.0, 0.3, 0.76, 4.0, 3) [0.3489881712673787 0.0028254545710896767 0.015578128156586414] 1
2021-07-12 00:15:55.973336 (1.0, 600000.0, 7, 16.0, 0.3, 0.72, 4.0, 3) [0.42775532743237576 0.0014113071010992395 0.010423275260901263] 1
2021-07-12 00:16:04.173943 (1.0, 600000.0, 7, 16.0, 0.3, 0.9, 4.0, 3) [0.30952737375492717 0.0014758260044563907 0.054817775636011985] 1
2021-07-12 00:16:13.559281 (1.0, 600000.0, 7, 16.0, 0.3, 0.7, 4.0, 3) [0.44448636832359295 0.0020579870498768811 0.0082412751711982667] 1
2021-07-12 00:16:28.895443 (1.0, 600000.0, 7, 16.0, 0.3, 0.79, 4.0, 3) [0.37324136943452146 0.001748323169327153 0.022399511686555126] 1
2021-07-12 00:17:24.360280 (1.0, 600000.0, 7, 16.0, 0.3, 0.76, 4.0, 3) [0.3939512405149404 0.0021229738515138544 0.016737150722832148] 1
2021-07-12 00:17:25.210144 (1.0, 600000.0, 7, 16.0, 0.3, 0.73, 4.0, 3) [0.4179426952798919 0.0030242831685714793 0.011946724718354758] 1
2021-07-12 00:17:31.260484 (1.0, 600000.0, 7, 16.0, 0.3, 0.74, 4.0, 3) [0.4101475077666114 0.0035091716659342914 0.013333581680004146] 1
2021-07-12 00:18:05.178208 (1.0, 600000.0, 7, 16.0, 0.3, 0.86, 4.0, 3) [0.33056067183082377 0.0020411353468248179 0.040808858360835816] 1
2021-07-12 00:18:12.582984 (1.0, 600000.0, 7, 16.0, 0.3, 0.84, 4.0, 3) [0.3419917252739022 0.0047929571666269445 0.034744016826027485] 1
2021-07-12 00:18:17.420814 (1.0, 600000.0, 7, 16.0, 0.3, 0.83, 4.0, 3) [0.3460627976723141 0.0020737513891406021 0.032725257626535269] 1
2021-07-12 00:18:25.478059 (1.0, 600000.0, 7, 16.0, 0.3, 0.82, 4.0, 3) [0.354040222427404 0.0020850505711866659 0.029337628381568809] 1
2021-07-12 00:18:27.716471 (1.0, 600000.0, 7, 16.0, 0.3, 0.88, 4.0, 3) [0.3178709571427492 0.0037682117726445317 0.048640998304656395] 1
2021-07-12 00:18:27.776131 (1.0, 600000.0, 7, 16.0, 0.3, 0.85, 4.0, 3) [0.33339453910204203 0.0015193054629853459 0.039049505044634607] 1
2021-07-12 00:18:30.772933 (1.0, 600000.0, 7, 16.0, 0.3, 0.78, 4.0, 3) [0.3794125568907115 0.0024836786496085827 0.020525507334123158] 1
2021-07-12 00:18:30.972510 (1.0, 600000.0, 7, 16.0, 0.3, 0.87, 4.0, 3) [0.32488664342259715 0.0020273481899302803 0.044180611579861841] 1
2021-07-12 00:18:37.334756 (1.0, 600000.0, 7, 16.0, 0.3, 0.8, 4.0, 3) [0.36645221268338335 0.0024880559281219763 0.024623610302239116] 1
2021-07-12 01:12:49.737891 (1.0, 600000.0, 7, 16.0, 0.3, 0.89, 4.0, 3) [0.31386522509072395 0.0018296008766152446 0.051511864423288041] 1
2021-07-12 01:12:56.234716 (1.0, 600000.0, 7, 16.0, 0.3, 0.81, 4.0, 3) [0.3611187235288866 0.001448044624327585 0.026557636133171462] 1
2021-07-12 01:13:42.049237 (1.0, 600000.0, 7, 16.0, 0.3, 0.77, 4.0, 3) [0.38650116446245336 0.0026970390721964598 0.018587665942663707] 1
2021-07-12 02:27:45.141722 (1.0, 600000.0, 9, 16.0, 0.3, 0.71, 4.0, 3) [0.35220595303899005 0.0022179202295114445 0.0072933573882207024] 1
2021-07-12 02:27:46.459226 (1.0, 600000.0, 9, 16.0, 0.3, 0.83, 4.0, 3) [0.26957514793946985 0.0018541688568998605 0.032332385684547431] 1
2021-07-12 02:28:16.206277 (1.0, 600000.0, 9, 16.0, 0.3, 0.7, 4.0, 3) [0.3588759085975151 0.0027183798352866315 0.0064626968152885307] 1
2021-07-12 02:28:37.820552 (1.0, 600000.0, 9, 16.0, 0.3, 0.82, 4.0, 3) [0.27687626577406155 0.0033284580669168443 0.028395814692100108] 1
2021-07-12 02:28:41.041179 (1.0, 600000.0, 9, 16.0, 0.3, 0.75, 4.0, 3) [0.31955694065607737 0.0019754121312821867 0.013130921178807951] 1
2021-07-12 02:28:42.768488 (1.0, 600000.0, 9, 16.0, 0.3, 0.72, 4.0, 3) [0.3425142262691273 0.0022320675970723602 0.0086836693796655661] 1
2021-07-12 02:28:50.205908 (1.0, 600000.0, 9, 16.0, 0.3, 0.85, 4.0, 3) [0.25861911796578996 0.0019040542174517245 0.039357917164041488] 1
2021-07-12 02:29:01.658260 (1.0, 600000.0, 9, 16.0, 0.3, 0.86, 4.0, 3) [0.2536628504146555 0.0016085599983601325 0.043042031111841461] 1
2021-07-12 02:29:02.769353 (1.0, 600000.0, 9, 16.0, 0.3, 0.87, 4.0, 3) [0.2478439648905481 0.0031972171264281236 0.047659501293631605] 1
2021-07-12 02:29:08.350350 (1.0, 600000.0, 9, 16.0, 0.3, 0.9, 4.0, 3) [0.23866870145839486 0.0016590877137689711 0.056631674934978442] 1
2021-07-12 09:24:45.751393 (1.0, 600000.0, 8, 16.0, 0.3, 0.74, 4.0, 3) [0.3652618676424584 0.0021284390367165094 0.012021433402980468] 1
2021-07-12 09:26:30.915229 (1.0, 600000.0, 8, 16.0, 0.3, 0.81, 4.0, 3) [0.31525864685374794 0.0020571060726967704 0.026749959702860551] 1
2021-07-12 09:26:44.270615 (1.0, 600000.0, 8, 16.0, 0.3, 0.82, 4.0, 3) [0.30921755366605036 0.0021997290907666378 0.029450601579701627] 1
2021-07-12 09:26:54.444372 (1.0, 600000.0, 8, 16.0, 0.3, 0.78, 4.0, 3) [0.33495996775654036 0.0013864135870243818 0.019515690290124101] 1
2021-07-12 09:27:04.446292 (1.0, 600000.0, 8, 16.0, 0.3, 0.85, 4.0, 3) [0.2919734520938072 0.00250102198926782 0.038796548751164034] 1
2021-07-12 09:27:16.828564 (1.0, 600000.0, 8, 16.0, 0.3, 0.84, 4.0, 3) [0.29746439080584397 0.0025804804902144706 0.0355278429871657] 1
2021-07-12 09:27:36.554061 (1.0, 600000.0, 8, 16.0, 0.3, 0.79, 4.0, 3) [0.32664094485315825 0.0023949992829686217 0.022275656149591136] 1
2021-07-12 09:27:39.578297 (1.0, 600000.0, 8, 16.0, 0.3, 0.88, 4.0, 3) [0.2776532559267536 0.0016413404682273734 0.048929309914449069] 1
2021-07-12 09:27:40.258380 (1.0, 600000.0, 8, 16.0, 0.3, 0.87, 4.0, 3) [0.28162049298426645 0.0021493399876731218 0.045872279811666861] 1
2021-07-12 09:27:45.018033 (1.0, 600000.0, 8, 16.0, 0.3, 0.83, 4.0, 3) [0.3054138318506365 0.0017155354698853969 0.031361062628080007] 1
2021-07-12 09:27:47.249708 (1.0, 600000.0, 8, 16.0, 0.3, 0.89, 4.0, 3) [0.2729538290222033 0.0015231825520900582 0.052736745933221377] 1
2021-07-12 09:45:04.087381 (1.0, 600000.0, 10, 16.0, 0.3, 0.72, 4.0, 3) [0.3143606477380453 0.0016440203987734073 0.0076763970996142584] 1
2021-07-12 09:45:30.662931 (1.0, 600000.0, 10, 16.0, 0.3, 0.8, 4.0, 3) [0.2560183943412838 0.0026336783946724176 0.024622162930912198] 1
2021-07-12 09:45:38.451225 (1.0, 600000.0, 10, 16.0, 0.3, 0.9, 4.0, 3) [0.21090988192715596 0.0015131436290718977 0.06078550722776184] 1
2021-07-12 11:13:12.218399 (1.0, 600000.0, 10, 16.0, 0.3, 0.78, 4.0, 3) [0.2703850666636532 0.0017889719850900606 0.018501314131940057] 1
2021-07-12 11:14:11.330418 (1.0, 600000.0, 10, 16.0, 0.3, 0.84, 4.0, 3) [0.23503782411917548 0.0019538906918050106 0.037439105597592441] 1
2021-07-12 11:15:16.136972 (1.0, 600000.0, 10, 16.0, 0.3, 0.82, 4.0, 3) [0.24667393798099838 0.0016414560504082981 0.029675019482451256] 1
2021-07-12 11:15:26.574221 (1.0, 600000.0, 10, 16.0, 0.3, 0.71, 4.0, 3) [0.3198174341496538 0.0022168603797755137 0.0068687247797831726] 1
2021-07-12 11:15:26.956272 (1.0, 600000.0, 10, 16.0, 0.3, 0.74, 4.0, 3) [0.296774800637729 0.0032352102217584762 0.010902818113739858] 1
2021-07-12 11:15:37.849541 (1.0, 600000.0, 10, 16.0, 0.3, 0.81, 4.0, 3) [0.252081484878137 0.0015354058159181329 0.026668979766560835] 1
2021-07-12 11:15:50.135503 (1.0, 600000.0, 10, 16.0, 0.3, 0.73, 4.0, 3) [0.3040443627798033 0.0024382702066281358 0.0094257663974185914] 1
2021-07-12 11:16:09.726743 (1.0, 600000.0, 10, 16.0, 0.3, 0.88, 4.0, 3) [0.21769099863394945 0.0016565960407679806 0.053020177471568362] 1
2021-07-12 11:16:12.447282 (1.0, 600000.0, 10, 16.0, 0.3, 0.86, 4.0, 3) [0.22727223085743248 0.0018563109606423973 0.043819093779866952] 1
2021-07-12 11:16:12.667096 (1.0, 600000.0, 10, 16.0, 0.3, 0.7, 4.0, 3) [0.32843410454221433 0.0023911912990517334 0.0057797663302490048] 1
2021-07-12 11:16:35.629783 (1.0, 600000.0, 10, 16.0, 0.3, 0.85, 4.0, 3) [0.23071230463867168 0.0033853730184009727 0.04088497734564428] 1
2021-07-12 11:16:39.350075 (1.0, 600000.0, 10, 16.0, 0.3, 0.77, 4.0, 3) [0.2783066587311349 0.0030629581193890774 0.015796296692818929] 1
2021-07-12 11:18:21.522184 (1.0, 600000.0, 10, 16.0, 0.3, 0.89, 4.0, 3) [0.2134986720626918 0.0017710060308144032 0.057600054487710044] 1
2021-07-12 11:18:22.119033 (1.0, 600000.0, 10, 16.0, 0.3, 0.76, 4.0, 3) [0.28258441855392735 0.0022291482429240635 0.014474580858800355] 1
2021-07-12 11:34:52.854686 (1.0, 600000.0, 11, 16.0, 0.3, 0.72, 4.0, 3) [0.28653684952492686 0.0018174296085323787 0.0075193504311173017] 1
2021-07-12 11:35:13.322387 (1.0, 600000.0, 11, 16.0, 0.3, 0.85, 4.0, 3) [0.20815840317047304 0.0029523543001229442 0.042225004499380367] 1
2021-07-12 11:35:34.675821 (1.0, 600000.0, 11, 16.0, 0.3, 0.71, 4.0, 3) [0.29673252490177426 0.0022182386214091446 0.0060152596834432085] 1
2021-07-12 11:35:48.043600 (1.0, 600000.0, 11, 16.0, 0.3, 0.76, 4.0, 3) [0.25758145310804526 0.0028006313005826994 0.014228217493756953] 1
2021-07-12 11:35:52.840072 (1.0, 600000.0, 11, 16.0, 0.3, 0.84, 4.0, 3) [0.21541564839839952 0.0016603044439811711 0.036032897661764901] 1
2021-07-12 11:36:01.102542 (1.0, 600000.0, 11, 16.0, 0.3, 0.79, 4.0, 3) [0.2409144327614779 0.0022625442786396955 0.020584867850206835] 1
2021-07-12 11:36:02.048744 (1.0, 600000.0, 11, 16.0, 0.3, 0.77, 4.0, 3) [0.2530792674229879 0.0020294260551341676 0.015743891683554185] 1
2021-07-12 11:36:15.674626 (1.0, 600000.0, 11, 16.0, 0.3, 0.88, 4.0, 3) [0.19681076522185165 0.0020572017201135866 0.054193428770868919] 1
2021-07-12 11:36:25.418793 (1.0, 600000.0, 11, 16.0, 0.3, 0.7, 4.0, 3) [0.3036519828623371 0.0023815930096333458 0.0051660315090142636] 1
2021-07-12 11:36:32.576266 (1.0, 600000.0, 11, 16.0, 0.3, 0.74, 4.0, 3) [0.27224636185705026 0.0026400267858064101 0.010299268946556814] 1
2021-07-12 14:21:15.642862 (1.0, 600000.0, 10, 16.0, 0.3, 0.75, 4.0, 3) [0.28978614919740836 0.0022112903452102995 0.012526956274423535] 1
2021-07-12 14:21:25.147154 (1.0, 600000.0, 10, 16.0, 0.3, 0.79, 4.0, 3) [0.2634819191642744 0.0019253496101393657 0.021217314721663549] 1
2021-07-12 14:28:55.193509 (1.0, 600000.0, 10, 16.0, 0.3, 0.83, 4.0, 3) [0.24223372465743018 0.0020586824397500524 0.0325394151033934] 1
2021-07-12 14:29:10.907106 (1.0, 600000.0, 10, 16.0, 0.3, 0.87, 4.0, 3) [0.22283838720130314 0.0020934852907950911 0.047856404229623568] 1
2021-07-12 17:18:41.207830 (1.0, 600000.0, 12, 16.0, 0.3, 0.7, 4.0, 3) [0.28150844262004804 0.0019409096425231323 0.0047783325349344055] 1
2021-07-12 17:18:48.945530 (1.0, 600000.0, 12, 16.0, 0.3, 0.77, 4.0, 3) [0.2327807712123743 0.0022850753963826842 0.015421491406416847] 1
2021-07-12 17:19:00.936830 (1.0, 600000.0, 12, 16.0, 0.3, 0.87, 4.0, 3) [0.18090994807375313 0.0017361249108525318 0.053269864786666184] 1
2021-07-12 17:19:02.810881 (1.0, 600000.0, 12, 16.0, 0.3, 0.72, 4.0, 3) [0.2654019045667968 0.0021367254899545564 0.0070323400333927389] 1
2021-07-12 17:19:11.055263 (1.0, 600000.0, 12, 16.0, 0.3, 0.76, 4.0, 3) [0.23624697354697452 0.0026276522550934146 0.014160568278709399] 1
2021-07-12 17:19:38.162132 (1.0, 600000.0, 12, 16.0, 0.3, 0.79, 4.0, 3) [0.21932336698270385 0.0027214394779377466 0.021229800131581548] 1
2021-07-12 17:20:10.146001 (1.0, 600000.0, 12, 16.0, 0.3, 0.9, 4.0, 3) [0.1718064865977735 0.0019027252445383751 0.066393570475824476] 1
2021-07-12 17:20:25.177699 (1.0, 600000.0, 12, 16.0, 0.3, 0.78, 4.0, 3) [0.22644919736284103 0.0015659636537987142 0.017944626521002646] 1
2021-07-12 17:20:26.016520 (1.0, 600000.0, 12, 16.0, 0.3, 0.8, 4.0, 3) [0.2130826335179836 0.0017499065114882923 0.024678655844622789] 1
2021-07-12 17:21:14.840842 (1.0, 600000.0, 12, 16.0, 0.3, 0.82, 4.0, 3) [0.2034820781488149 0.0011032851788641274 0.031048226476173047] 1
2021-07-12 17:27:23.166571 (1.0, 600000.0, 9, 16.0, 0.3, 0.78, 4.0, 3) [0.29835914739396807 0.0032181759152791699 0.019246736603740201] 1
2021-07-12 17:27:52.354400 (1.0, 600000.0, 9, 16.0, 0.3, 0.8, 4.0, 3) [0.28378981186650265 0.0035052710644829835 0.024964736758301166] 1
2021-07-12 17:28:03.010080 (1.0, 600000.0, 9, 16.0, 0.3, 0.73, 4.0, 3) [0.3357324220109847 0.0023543801527173111 0.009819748700406564] 1
2021-07-12 17:30:45.598849 (1.0, 600000.0, 9, 16.0, 0.3, 0.81, 4.0, 3) [0.28014408652937584 0.0018359603431568384 0.026689007695863239] 1
2021-07-12 17:31:33.733254 (1.0, 600000.0, 9, 16.0, 0.3, 0.74, 4.0, 3) [0.3268617207304519 0.0018102749204648579 0.011502221143135182] 1
2021-07-12 17:33:05.861984 (1.0, 600000.0, 9, 16.0, 0.3, 0.88, 4.0, 3) [0.24505256264507894 0.001855106734532032 0.050338963462730195] 1
2021-07-12 17:33:09.980550 (1.0, 600000.0, 9, 16.0, 0.3, 0.79, 4.0, 3) [0.29283890925092615 0.0018242275624535756 0.021267900642873819] 1
2021-07-12 17:33:53.114544 (1.0, 600000.0, 9, 16.0, 0.3, 0.84, 4.0, 3) [0.26338679373407126 0.0021952029532164934 0.036148114293030303] 1
2021-07-12 17:34:34.848314 (1.0, 600000.0, 9, 16.0, 0.3, 0.77, 4.0, 3) [0.3062469908086774 0.0023370588925778523 0.0166948944172839] 1
2021-07-12 17:34:56.854333 (1.0, 600000.0, 9, 16.0, 0.3, 0.76, 4.0, 3) [0.3132443535899619 0.0016620238964373654 0.014712411104934226] 1
2021-07-12 17:35:07.957672 (1.0, 600000.0, 9, 16.0, 0.3, 0.89, 4.0, 3) [0.241633896243499 0.0015931520604151475 0.05351744467300578] 1
2021-07-12 19:30:26.509162 (1.0, 600000.0, 13, 16.0, 0.3, 0.74, 4.0, 3) [0.23469367053605128 0.0012941133344969913 0.0091851791471190911] 1
2021-07-12 19:30:47.568652 (1.0, 600000.0, 13, 16.0, 0.3, 0.7, 4.0, 3) [0.2627583523516696 0.0016778122329354982 0.0044209492102209825] 1
2021-07-12 19:31:19.952658 (1.0, 600000.0, 13, 16.0, 0.3, 0.78, 4.0, 3) [0.2077510424813741 0.0013867529880688314 0.018483996422557051] 1
2021-07-12 19:31:56.338410 (1.0, 600000.0, 13, 16.0, 0.3, 0.86, 4.0, 3) [0.16890079823781856 0.0010534457630350955 0.05061061954626072] 1
2021-07-12 19:31:58.354750 (1.0, 600000.0, 13, 16.0, 0.3, 0.72, 4.0, 3) [0.24986712260826538 0.0024122040755890496 0.0061908483716822229] 1
2021-07-12 19:32:39.281252 (1.0, 600000.0, 13, 16.0, 0.3, 0.87, 4.0, 3) [0.16416222693609137 0.001628407794102683 0.057088178947241552] 1
2021-07-12 19:32:41.434913 (1.0, 600000.0, 13, 16.0, 0.3, 0.84, 4.0, 3) [0.17671881024268465 0.0019164270117594865 0.041284932186510553] 1
2021-07-12 19:32:43.869610 (1.0, 600000.0, 13, 16.0, 0.3, 0.81, 4.0, 3) [0.1924830840736769 0.0017377871724320892 0.02749558021128853] 1
2021-07-12 19:34:54.138886 (1.0, 600000.0, 13, 16.0, 0.3, 0.82, 4.0, 3) [0.18602301180668598 0.001853776762083516 0.032507653653007555] 1
2021-07-12 19:35:48.180023 (1.0, 600000.0, 13, 16.0, 0.3, 0.79, 4.0, 3) [0.20255243143932544 0.0022807655892915059 0.021161779546635] 1
2021-07-12 22:35:58.334459 (1.0, 600000.0, 14, 16.0, 0.3, 0.84, 4.0, 3) [0.1639046058222074 0.0017136809850129145 0.04150963456099438] 1
2021-07-12 22:37:08.749872 (1.0, 600000.0, 14, 16.0, 0.3, 0.9, 4.0, 3) [0.14258859613750885 0.0016799574908145534 0.075007438114967906] 1
2021-07-12 22:37:23.621338 (1.0, 600000.0, 14, 16.0, 0.3, 0.78, 4.0, 3) [0.19372077195376652 0.0016210683093432164 0.018062342635054105] 1
2021-07-12 22:37:29.454268 (1.0, 600000.0, 14, 16.0, 0.3, 0.74, 4.0, 3) [0.2188308042912514 0.0026107660834422874 0.0089445822483976162] 1
2021-07-12 22:38:07.773263 (1.0, 600000.0, 14, 16.0, 0.3, 0.75, 4.0, 3) [0.21153734915365607 0.0014809091140106005 0.010965019089053384] 1
2021-07-12 22:38:17.457767 (1.0, 600000.0, 14, 16.0, 0.3, 0.88, 4.0, 3) [0.14810224979019415 0.0015463858656985508 0.064403395605673749] 1
2021-07-12 22:38:21.496375 (1.0, 600000.0, 14, 16.0, 0.3, 0.8, 4.0, 3) [0.18311949617070222 0.0023799826834975234 0.024300555009565381] 1
2021-07-12 22:39:11.178715 (1.0, 600000.0, 14, 16.0, 0.3, 0.77, 4.0, 3) [0.1997911327510742 0.0026290942064108071 0.015265432517633083] 1
2021-07-12 22:39:18.500103 (1.0, 600000.0, 14, 16.0, 0.3, 0.72, 4.0, 3) [0.23423920388610672 0.002241414678016499 0.0058183255592257153] 1
2021-07-12 22:39:33.215470 (1.0, 600000.0, 14, 16.0, 0.3, 0.73, 4.0, 3) [0.22494622093621292 0.0017401364585308415 0.0075318537717985797] 1
2021-07-13 00:22:45.629494 (1.0, 600000.0, 15, 16.0, 0.3, 0.74, 4.0, 3) [0.2071232818183021 0.001589744815001126 0.008207600367707726] 1
2021-07-13 00:27:56.483641 (1.0, 600000.0, 15, 16.0, 0.3, 0.82, 4.0, 3) [0.16072737606347515 0.0016410465359650366 0.032934633043229966] 1
2021-07-13 00:28:45.054523 (1.0, 600000.0, 15, 16.0, 0.3, 0.72, 4.0, 3) [0.21919428522697515 0.0032702965646119815 0.0057023708731865535] 1
2021-07-13 00:28:51.998560 (1.0, 600000.0, 15, 16.0, 0.3, 0.77, 4.0, 3) [0.18632655182916327 0.0017472631640401094 0.015272097615653344] 1
2021-07-13 00:29:22.202398 (1.0, 600000.0, 15, 16.0, 0.3, 0.76, 4.0, 3) [0.19106486156803215 0.0019243077827821025 0.013248034693287301] 1
2021-07-13 00:29:29.078026 (1.0, 600000.0, 15, 16.0, 0.3, 0.83, 4.0, 3) [0.15585206626147025 0.0018006498192337094 0.0379763317969855] 1
2021-07-13 00:29:56.492816 (1.0, 600000.0, 15, 16.0, 0.3, 0.75, 4.0, 3) [0.19816250428901855 0.001432435867475062 0.010704298683707023] 1
2021-07-13 00:30:11.608550 (1.0, 600000.0, 15, 16.0, 0.3, 0.73, 4.0, 3) [0.21173602054251958 0.0023550654391594249 0.0071367454535479578] 1
2021-07-13 00:31:17.059443 (1.0, 600000.0, 15, 16.0, 0.3, 0.81, 4.0, 3) [0.16501493529911065 0.0017414485825787132 0.028930187974425925] 1
2021-07-13 00:34:04.085868 (1.0, 600000.0, 15, 16.0, 0.3, 0.71, 4.0, 3) [0.22872748509647542 0.0034571774670383512 0.0042904066603603082] 1
2021-07-13 02:28:09.355175 (1.0, 600000.0, 16, 16.0, 0.3, 0.76, 4.0, 3) [0.17995053052523297 0.0012629203591318938 0.012893364920533813] 1
2021-07-13 02:30:56.604301 (1.0, 600000.0, 16, 16.0, 0.3, 0.89, 4.0, 3) [0.12277350851107505 0.0017377049547108894 0.079378192563261882] 1
2021-07-13 02:34:01.009909 (1.0, 600000.0, 16, 16.0, 0.3, 0.72, 4.0, 3) [0.20887695545352275 0.0021710993118461402 0.0051216296442382252] 1
2021-07-13 11:15:02.469678 (1.0, 600000.0, 16, 16.0, 0.3, 0.81, 4.0, 3) [0.15462339629055533 0.0011989910482100826 0.028964747739821124] 1
2021-07-13 11:15:21.680339 (1.0, 600000.0, 16, 16.0, 0.3, 0.85, 4.0, 3) [0.1366212174603714 0.0018087690563637401 0.0513155051079974] 1
2021-07-13 11:15:43.562482 (1.0, 600000.0, 16, 16.0, 0.3, 0.75, 4.0, 3) [0.18718166299394087 0.0011250974095552849 0.010254034885943172] 1
2021-07-13 11:17:03.703559 (1.0, 600000.0, 16, 16.0, 0.3, 0.84, 4.0, 3) [0.1393977302422518 0.0021018356097484677 0.046957102918298049] 1
2021-07-13 11:18:10.452963 (1.0, 600000.0, 16, 16.0, 0.3, 0.74, 4.0, 3) [0.19270973829523674 0.0014637963649371741 0.0085785597020347926] 1
2021-07-13 11:18:29.463853 (1.0, 600000.0, 16, 16.0, 0.3, 0.78, 4.0, 3) [0.1690423983199696 0.0016797955553705536 0.018261885144802814] 1
2021-07-13 11:18:37.145402 (1.0, 600000.0, 16, 16.0, 0.3, 0.86, 4.0, 3) [0.13389328056792907 0.0010220256410301801 0.055952124660977973] 1
2021-07-13 11:18:42.314229 (1.0, 600000.0, 16, 16.0, 0.3, 0.82, 4.0, 3) [0.1492122823764746 0.0024599492786581403 0.034404842058481058] 1
2021-07-13 11:18:51.221830 (1.0, 600000.0, 16, 16.0, 0.3, 0.71, 4.0, 3) [0.21419405461920307 0.0012603079291094558 0.0043159310296290547] 1
2021-07-13 11:19:45.027822 (1.0, 600000.0, 16, 16.0, 0.3, 0.88, 4.0, 3) [0.12517338606277195 0.0020130212999869405 0.073478142529184429] 1
2021-07-13 11:20:06.186989 (1.0, 600000.0, 16, 16.0, 0.3, 0.8, 4.0, 3) [0.1581950298513526 0.0017009365542496146 0.025831372938551048] 1
2021-07-13 11:20:49.528969 (1.0, 600000.0, 16, 16.0, 0.3, 0.9, 4.0, 3) [0.12017017214865094 0.0020584725586498412 0.086293117160091956] 1
2021-07-13 11:21:13.411047 (1.0, 600000.0, 16, 16.0, 0.3, 0.83, 4.0, 3) [0.1453730332664836 0.001541305541687483 0.038936518835798503] 1
2021-07-13 11:23:38.854550 (1.0, 600000.0, 16, 16.0, 0.3, 0.87, 4.0, 3) [0.12803775553175636 0.0016536738997591932 0.067084985288618962] 1
2021-07-13 11:33:57.408560 (1.0, 600000.0, 11, 16.0, 0.3, 0.75, 4.0, 3) [0.2647006161175615 0.0018726977411366445 0.012171868021784767] 1
2021-07-13 11:39:00.393382 (1.0, 600000.0, 11, 16.0, 0.3, 0.87, 4.0, 3) [0.19974768386581504 0.0016896910194957461 0.05075762977389528] 1
2021-07-13 11:40:12.118521 (1.0, 600000.0, 11, 16.0, 0.3, 0.9, 4.0, 3) [0.1911932844473356 0.0019367474869033255 0.061505211854293439] 1
2021-07-13 11:40:20.920035 (1.0, 600000.0, 11, 16.0, 0.3, 0.81, 4.0, 3) [0.2289539523187493 0.0018422154461730641 0.026752638334943981] 1
2021-07-13 11:40:35.090113 (1.0, 600000.0, 11, 16.0, 0.3, 0.78, 4.0, 3) [0.24607834003853252 0.0018420820669840991 0.018351067714195524] 1
2021-07-13 11:41:58.763124 (1.0, 600000.0, 11, 16.0, 0.3, 0.82, 4.0, 3) [0.22324458014593304 0.0020582669306010064 0.030258915077407175] 1
2021-07-13 11:42:52.579732 (1.0, 600000.0, 11, 16.0, 0.3, 0.89, 4.0, 3) [0.19305052218944566 0.002015000027796515 0.0588508055874081] 1
2021-07-13 11:43:04.524393 (1.0, 600000.0, 11, 16.0, 0.3, 0.73, 4.0, 3) [0.28041074981413316 0.0012441025298689542 0.0086145673240601711] 1
2021-07-13 11:43:29.468051 (1.0, 600000.0, 11, 16.0, 0.3, 0.83, 4.0, 3) [0.21869244823409922 0.0018102377509639726 0.033503958102562625] 1
2021-07-13 11:44:01.883586 (1.0, 600000.0, 11, 16.0, 0.3, 0.86, 4.0, 3) [0.2051141451250998 0.0019641477335690127 0.045158059753357488] 1
2021-07-13 11:44:33.766926 (1.0, 600000.0, 11, 16.0, 0.3, 0.8, 4.0, 3) [0.23395249392928263 0.0018379716260101472 0.023915448626136794] 1
2021-07-13 23:17:54.906186 (1.0, 600000.0, 12, 16.0, 0.3, 0.73, 4.0, 3) [0.25767476800601397 0.0019984011842864549 0.0084597900342490324] 1
2021-07-13 23:18:05.609895 (1.0, 600000.0, 12, 16.0, 0.3, 0.84, 4.0, 3) [0.19452238651365045 0.0026514040161337506 0.038553178499670965] 1
2021-07-13 23:19:46.441115 (1.0, 600000.0, 12, 16.0, 0.3, 0.85, 4.0, 3) [0.18917828697473577 0.0018887066624485825 0.043755268749200077] 1
2021-07-13 23:22:24.353871 (1.0, 600000.0, 12, 16.0, 0.3, 0.86, 4.0, 3) [0.18491733736715432 0.0014079072186610943 0.04848862210379537] 1
2021-07-13 23:22:58.038756 (1.0, 600000.0, 12, 16.0, 0.3, 0.83, 4.0, 3) [0.19850013591704815 0.0023863874537992831 0.034992404252864512] 1
2021-07-13 23:23:35.182521 (1.0, 600000.0, 12, 16.0, 0.3, 0.71, 4.0, 3) [0.2752398073375962 0.002173124573271702 0.0055644186524227719] 1
2021-07-13 23:24:43.866518 (1.0, 600000.0, 12, 16.0, 0.3, 0.89, 4.0, 3) [0.17373156035018716 0.0014647658617978913 0.063330833000870113] 1
2021-07-13 23:25:01.654408 (1.0, 600000.0, 12, 16.0, 0.3, 0.74, 4.0, 3) [0.2526250493892999 0.0026630577271691837 0.0095686207320930961] 1
2021-07-13 23:25:51.188676 (1.0, 600000.0, 12, 16.0, 0.3, 0.75, 4.0, 3) [0.24303324761231904 0.0020087939323412745 0.0120165819454003] 1
2021-07-13 23:25:54.152710 (1.0, 600000.0, 12, 16.0, 0.3, 0.81, 4.0, 3) [0.2089764362034449 0.0019174860782275331 0.027271270435727846] 1
2021-07-13 23:26:28.078121 (1.0, 600000.0, 12, 16.0, 0.3, 0.88, 4.0, 3) [0.17731521963082977 0.0020878295016680528 0.058112361557651211] 1
2021-07-14 03:48:25.106121 (1.0, 600000.0, 16, 16.0, 0.3, 0.7, 4.0, 3) [0.2236093113550403 0.003519408800708103 0.0031916414991753242] 1
2021-07-14 03:50:36.530795 (1.0, 600000.0, 16, 16.0, 0.3, 0.77, 4.0, 3) [0.17471069461249106 0.0019940854397365974 0.015252014213650829] 1
2021-07-14 03:54:47.993977 (1.0, 600000.0, 16, 16.0, 0.3, 0.79, 4.0, 3) [0.16265227231047535 0.0017467115571969654 0.022417672985185752] 1
2021-07-14 03:55:26.757596 (1.0, 600000.0, 16, 16.0, 0.3, 0.73, 4.0, 3) [0.20086299899589188 0.0024270718309124945 0.0066125951556053357] 1
2021-07-14 10:25:02.408702 (1.0, 600000.0, 13, 16.0, 0.3, 0.77, 4.0, 3) [0.21421889423243728 0.0022340253574981111 0.015641637872220584] 1
2021-07-14 10:25:46.367456 (1.0, 600000.0, 13, 16.0, 0.3, 0.8, 4.0, 3) [0.1979313724221866 0.0014165365346308924 0.023872592096541103] 1
2021-07-14 10:27:31.553930 (1.0, 600000.0, 13, 16.0, 0.3, 0.73, 4.0, 3) [0.241073066648069 0.0016577777508017507 0.00777664537238704] 1
2021-07-14 10:28:11.993244 (1.0, 600000.0, 13, 16.0, 0.3, 0.71, 4.0, 3) [0.2571666592042435 0.0021134319500033514 0.0051242998098139994] 1
2021-07-14 10:30:56.530868 (1.0, 600000.0, 13, 16.0, 0.3, 0.9, 4.0, 3) [0.15598725074660943 0.0021362392559930239 0.07086231147876175] 1
2021-07-14 10:32:08.495189 (1.0, 600000.0, 13, 16.0, 0.3, 0.85, 4.0, 3) [0.17305250213757836 0.0017192877984217759 0.045433045518522792] 1
2021-07-14 10:32:38.235283 (1.0, 600000.0, 13, 16.0, 0.3, 0.75, 4.0, 3) [0.2291165483253124 0.0020306252912396161 0.010635120051214676] 1
2021-07-14 10:32:43.792589 (1.0, 600000.0, 13, 16.0, 0.3, 0.76, 4.0, 3) [0.22048531076807945 0.0016940569770730397 0.013276335416079095] 1
2021-07-14 10:34:14.424621 (1.0, 600000.0, 13, 16.0, 0.3, 0.83, 4.0, 3) [0.18236678872039908 0.001449596414527991 0.035726978830099954] 1
2021-07-14 10:34:18.426248 (1.0, 600000.0, 13, 16.0, 0.3, 0.89, 4.0, 3) [0.15754242527856052 0.0023679888887701409 0.0677498520476216] 1
2021-07-14 10:34:56.495702 (1.0, 600000.0, 13, 16.0, 0.3, 0.88, 4.0, 3) [0.1620197927495859 0.001452386357673218 0.060439191759831146] 1
2021-07-14 21:33:31.304867 (1.0, 600000.0, 14, 16.0, 0.3, 0.86, 4.0, 3) [0.15487718441156245 0.0015366857763892587 0.053339198866290967] 1
2021-07-14 21:37:00.134253 (1.0, 600000.0, 14, 16.0, 0.3, 0.82, 4.0, 3) [0.17264776167864093 0.0028187478623038619 0.032529138237788718] 1
2021-07-14 21:39:15.109395 (1.0, 600000.0, 14, 16.0, 0.3, 0.76, 4.0, 3) [0.20448065607877616 0.0010867143488031885 0.013344730021531536] 1
2021-07-14 21:40:32.538499 (1.0, 600000.0, 14, 16.0, 0.3, 0.79, 4.0, 3) [0.18801977902524078 0.0021087813162977247 0.0211754160420012] 1
2021-07-14 21:41:05.254449 (1.0, 600000.0, 14, 16.0, 0.3, 0.71, 4.0, 3) [0.2404781406677589 0.0016724024113248981 0.0048792980489935208] 1
2021-07-14 21:42:00.913555 (1.0, 600000.0, 14, 16.0, 0.3, 0.7, 4.0, 3) [0.24922148291429252 0.0016088419078506627 0.0038174345022342496] 1
2021-07-14 21:42:02.910937 (1.0, 600000.0, 14, 16.0, 0.3, 0.81, 4.0, 3) [0.17753402123412418 0.0017798132825760263 0.028377899149956868] 1
2021-07-14 21:42:46.397593 (1.0, 600000.0, 14, 16.0, 0.3, 0.87, 4.0, 3) [0.15231350758721302 0.0020967576044032977 0.057316278431766739] 1
2021-07-14 21:43:48.305345 (1.0, 600000.0, 14, 16.0, 0.3, 0.83, 4.0, 3) [0.16837979006230874 0.0015517058000546486 0.036651885850698687] 1
2021-07-14 21:44:38.080005 (1.0, 600000.0, 14, 16.0, 0.3, 0.85, 4.0, 3) [0.16041512980773937 0.0026784327606094167 0.045806303684942692] 1
2021-07-14 21:44:43.552782 (1.0, 600000.0, 14, 16.0, 0.3, 0.89, 4.0, 3) [0.14586673462188407 0.0010147960650200225 0.068537226021580425] 1
2021-07-15 10:35:13.685010 (1.0, 600000.0, 15, 16.0, 0.3, 0.79, 4.0, 3) [0.17511582521692734 0.0018743214548588903 0.02138217020298713] 1
2021-07-15 10:41:05.950122 (1.0, 600000.0, 15, 16.0, 0.3, 0.89, 4.0, 3) [0.13268272876839224 0.0011708403449871825 0.075548661816381993] 1
2021-07-15 10:41:45.614019 (1.0, 600000.0, 15, 16.0, 0.3, 0.84, 4.0, 3) [0.15124190834216805 0.0016807805069423555 0.04362347412417248] 1
2021-07-15 10:42:30.449053 (1.0, 600000.0, 15, 16.0, 0.3, 0.87, 4.0, 3) [0.1402300765210737 0.0016902790127440676 0.060532615970506291] 1
2021-07-15 10:42:37.196527 (1.0, 600000.0, 15, 16.0, 0.3, 0.7, 4.0, 3) [0.23298053750580955 0.0010780648162451224 0.0037656092728297823] 1
2021-07-15 10:42:52.514638 (1.0, 600000.0, 15, 16.0, 0.3, 0.8, 4.0, 3) [0.16884815518200913 0.0018441570148275608 0.025774319629938196] 1
2021-07-15 10:45:26.442912 (1.0, 600000.0, 15, 16.0, 0.3, 0.78, 4.0, 3) [0.18178634364384788 0.0020183076284065395 0.017533925715227383] 1
2021-07-15 10:47:00.047835 (1.0, 600000.0, 15, 16.0, 0.3, 0.85, 4.0, 3) [0.14715661334710398 0.0034026907768796256 0.049155360904337253] 1
2021-07-15 10:47:33.316657 (1.0, 600000.0, 15, 16.0, 0.3, 0.86, 4.0, 3) [0.1435549963639012 0.0019350873185768639 0.054777764402398663] 1
2021-07-15 10:48:27.212659 (1.0, 600000.0, 15, 16.0, 0.3, 0.88, 4.0, 3) [0.1363485121934591 0.0018440596771056143 0.067876801765069758] 1
2021-07-15 10:50:25.526763 (1.0, 600000.0, 15, 16.0, 0.3, 0.9, 4.0, 3) [0.13172663469908374 0.0018216088783300584 0.07800371742506966] 1
