2021-09-21 17:38:25.100105 (1.0, 600000.0, 8, 6.0, 0.3, 0.4, 2.0, 3) [0.05875819516701476 0.0010669962939429058 1.1582452969284063] 1
2021-09-21 17:39:37.331806 (1.0, 600000.0, 8, 6.0, 0.3, 0.6, 2.0, 3) [0.03135296082496144 0.0011482661593199058 2.0868389305156629] 1
2021-09-21 17:39:39.360912 (1.0, 600000.0, 8, 6.0, 0.3, 0.5, 2.0, 3) [0.04047335654335285 0.0011220229753189429 1.6037023087674198] 1
2021-09-21 18:00:34.958092 (1.0, 600000.0, 9, 6.0, 0.3, 0.1, 2.0, 3) [0.23121323519887257 0.0032508790147708715 0.063536910760596546] 1
2021-09-21 18:02:39.631047 (1.0, 600000.0, 9, 6.0, 0.3, 0.4, 2.0, 3) [0.045223870577833745 0.00088800373726292958 1.3022803140473795] 1
2021-09-21 18:03:48.805695 (1.0, 600000.0, 9, 6.0, 0.3, 0.7, 2.0, 3) [0.01941121072637819 0.00089994647340990849 2.9654972644880071] 1
2021-09-21 18:11:49.681199 (1.0, 600000.0, 9, 6.0, 0.3, 0.9, 2.0, 3) [0.013065573264205776 0.00059301044243891855 4.5025555386197373] 1
2021-09-21 18:40:42.099188 (1.0, 600000.0, 10, 6.0, 0.3, 0.8, 2.0, 3) [0.012551573237519462 0.00048796469332554126 4.0621044375263518] 1
2021-09-21 18:46:16.044981 (1.0, 600000.0, 10, 6.0, 0.3, 0.3, 2.0, 3) [0.05738071121108881 0.0016694425291171925 0.94136257768514431] 1
2021-09-21 18:53:01.667102 (1.0, 600000.0, 8, 6.0, 0.3, 0.3, 2.0, 3) [0.08983745675589218 0.0017130238397124672 0.74372031739943401] 1
2021-09-21 18:54:25.084917 (1.0, 600000.0, 8, 6.0, 0.3, 0.8, 2.0, 3) [0.01977618936101306 0.00062736300317715855 3.2746328493452546] 1
2021-09-21 19:23:57.359705 (1.0, 600000.0, 11, 6.0, 0.3, 0.1, 2.0, 3) [0.17953619795282014 0.001529678532686487 0.077679249116313964] 1
2021-09-21 20:31:57.815541 (1.0, 600000.0, 12, 6.0, 0.3, 0.4, 2.0, 3) [0.025325621371190495 0.00080410996712089423 1.704880330517174] 1
2021-09-21 20:33:56.373682 (1.0, 600000.0, 12, 6.0, 0.3, 0.9, 2.0, 3) [0.007564196120908485 0.00052584878210519591 5.9570052098725199] 1
2021-09-21 20:37:54.137824 (1.0, 600000.0, 12, 6.0, 0.3, 0.7, 2.0, 3) [0.010772634211025445 0.00050193095719524498 3.9114656201984372] 1
2021-09-21 20:51:09.110303 (1.0, 600000.0, 10, 6.0, 0.3, 0.2, 2.0, 3) [0.10309099928544702 0.0014941539385606745 0.44055314554432878] 1
2021-09-21 20:52:26.609424 (1.0, 600000.0, 10, 6.0, 0.3, 0.6, 2.0, 3) [0.020021460016180603 0.00070862144248572925 2.5809259898226946] 1
2021-09-21 20:59:17.920271 (1.0, 600000.0, 10, 6.0, 0.3, 0.5, 2.0, 3) [0.026586749645484648 0.00080018871736633947 1.9729647516316704] 1
2021-09-21 20:59:19.518573 (1.0, 600000.0, 10, 6.0, 0.3, 0.4, 2.0, 3) [0.03573265839053385 0.0011927990520700319 1.4426343794881009] 1
2021-09-21 21:26:32.873383 (1.0, 600000.0, 8, 6.0, 0.3, 0.1, 2.0, 3) [0.2632118524017333 0.0023352988319117565 0.060636147254070377] 1
2021-09-21 21:27:11.072422 (1.0, 600000.0, 8, 6.0, 0.3, 0.2, 2.0, 3) [0.15264601770008232 0.0028963350829480806 0.32008906825757932] 1
2021-09-21 21:30:16.962965 (1.0, 600000.0, 8, 6.0, 0.3, 0.7, 2.0, 3) [0.02438860477165844 0.0007717229386386595 2.6393912876700392] 1
2021-09-21 21:30:37.120466 (1.0, 600000.0, 8, 6.0, 0.3, 0.9, 2.0, 3) [0.015983188764382605 0.00069384270070815639 4.020770789182758] 1
2021-09-21 22:08:58.404246 (1.0, 600000.0, 13, 6.0, 0.3, 0.2, 2.0, 3) [0.06281900497148833 0.0011524666729673834 0.62332394410705172] 1
2021-09-21 22:10:05.372151 (1.0, 600000.0, 13, 6.0, 0.3, 0.3, 2.0, 3) [0.032690288309793376 0.00098118072380998537 1.2343081190073613] 1
2021-09-21 22:14:04.400421 (1.0, 600000.0, 13, 6.0, 0.3, 0.8, 2.0, 3) [0.007318626483563431 0.00055153903989387573 5.2304875459770992] 1
2021-09-21 22:18:57.404046 (1.0, 600000.0, 13, 6.0, 0.3, 0.9, 2.0, 3) [0.0058545832656513455 0.0004159384939667678 6.4364801484149083] 1
2021-09-21 22:56:44.192194 (1.0, 600000.0, 11, 6.0, 0.3, 0.5, 2.0, 3) [0.02232682236896595 0.00054894418157356521 2.1603086057773089] 1
2021-09-21 22:57:20.809942 (1.0, 600000.0, 11, 6.0, 0.3, 0.6, 2.0, 3) [0.016569429125964482 0.0012013177552280259 2.8325579064408495] 1
2021-09-21 22:58:17.447690 (1.0, 600000.0, 11, 6.0, 0.3, 0.2, 2.0, 3) [0.08636706998276557 0.0015157929736450959 0.50282800300863462] 1
2021-09-21 23:01:14.069736 (1.0, 600000.0, 11, 6.0, 0.3, 0.8, 2.0, 3) [0.010696775207686752 0.00071434898169402681 4.4529499087862199] 1
2021-09-21 23:25:44.426595 (1.0, 600000.0, 10, 6.0, 0.3, 0.1, 2.0, 3) [0.20192341889092008 0.0029514935560701829 0.071388406617814842] 1
2021-09-21 23:29:56.132487 (1.0, 600000.0, 10, 6.0, 0.3, 0.7, 2.0, 3) [0.01601498415549509 0.00068012236703608481 3.2785238671090564] 1
2021-09-21 23:31:57.218261 (1.0, 600000.0, 11, 6.0, 0.3, 0.9, 2.0, 3) [0.008795881350067987 0.00050004083054991486 5.4740124796181] 1
2021-09-21 23:31:59.369382 (1.0, 600000.0, 11, 6.0, 0.3, 0.7, 2.0, 3) [0.012812601130457426 0.00060616376994613425 3.5842338048244233] 1
2021-09-21 23:33:05.058337 (1.0, 600000.0, 10, 6.0, 0.3, 0.9, 2.0, 3) [0.00998643898575023 0.00051401266196300719 5.001056343268993] 1
2021-09-21 23:33:59.002146 (1.0, 600000.0, 11, 6.0, 0.3, 0.3, 2.0, 3) [0.04517224498577238 0.0013069000892345357 1.0483128528542247] 1
2021-09-21 23:35:04.013784 (1.0, 600000.0, 11, 6.0, 0.3, 0.4, 2.0, 3) [0.03010580911327056 0.00073361637880595338 1.5765027776873162] 1
2021-09-21 23:51:58.573091 (1.0, 600000.0, 14, 6.0, 0.3, 0.2, 2.0, 3) [0.05408172044711367 0.0019479515018743455 0.68287953676544078] 1
2021-09-21 23:54:13.493422 (1.0, 600000.0, 14, 6.0, 0.3, 0.1, 2.0, 3) [0.1296598920802799 0.0021914472154609533 0.10502135031714556] 1
2021-09-21 23:59:43.070008 (1.0, 600000.0, 14, 6.0, 0.3, 0.8, 2.0, 3) [0.0063455810989119735 0.00062178160557127288 5.629204133504583] 1
2021-09-22 00:01:19.960552 (1.0, 600000.0, 14, 6.0, 0.3, 0.7, 2.0, 3) [0.007899536801443098 0.0004710440875879923 4.5451891646920846] 1
2021-09-22 01:21:22.023673 (1.0, 600000.0, 12, 6.0, 0.3, 0.5, 2.0, 3) [0.018433060792850682 0.00081226291492265089 2.3620476224152536] 1
2021-09-22 01:21:35.261238 (1.0, 600000.0, 12, 6.0, 0.3, 0.6, 2.0, 3) [0.013968571710481657 0.00067350862834817022 3.0801194891847086] 1
2021-09-22 02:20:54.349883 (1.0, 600000.0, 9, 6.0, 0.3, 0.2, 2.0, 3) [0.1240475203601048 0.0013199042587367883 0.38293247886996695] 1
2021-09-22 02:21:27.807219 (1.0, 600000.0, 9, 6.0, 0.3, 0.3, 2.0, 3) [0.06990544614349044 0.0017119584366354788 0.85415837527116112] 1
2021-09-22 02:22:21.045810 (1.0, 600000.0, 9, 6.0, 0.3, 0.5, 2.0, 3) [0.03272509190129679 0.00076016096170183206 1.7757268175558507] 1
2021-09-22 02:26:27.766252 (1.0, 600000.0, 9, 6.0, 0.3, 0.6, 2.0, 3) [0.02436213317109368 0.0011177370052108005 2.3404049331806944] 1
2021-09-22 02:27:02.726401 (1.0, 600000.0, 9, 6.0, 0.3, 0.8, 2.0, 3) [0.015608971481381469 0.00057209416406324562 3.6699874489683202] 1
2021-09-22 09:55:37.903444 (1.0, 600000.0, 12, 6.0, 0.3, 0.3, 2.0, 3) [0.03862274229614282 0.00073828069475299972 1.134483460323277] 1
2021-09-22 09:59:46.928627 (1.0, 600000.0, 12, 6.0, 0.3, 0.1, 2.0, 3) [0.1599373027108907 0.0019360774990451106 0.086295267083545762] 1
2021-09-22 10:01:54.547791 (1.0, 600000.0, 12, 6.0, 0.3, 0.2, 2.0, 3) [0.07344722101310772 0.0014162809347945194 0.56173031326487088] 1
2021-09-22 10:05:42.903024 (1.0, 600000.0, 12, 6.0, 0.3, 0.8, 2.0, 3) [0.008993794638774102 0.00056360636223870173 4.8459171607292335] 1
2021-09-22 13:03:20.457101 (1.0, 600000.0, 8, 6.0, 0.3, 0.06, 2.0, 3) [0.3233143612128394 0.001586135343764596 0.023537730558189383] 1
2021-09-22 13:27:11.144656 (1.0, 600000.0, 9, 6.0, 0.3, 0.0, 2.0, 3) [0.3967465719730828 0.0017754266755201191 0.0033261541622864421] 1
2021-09-22 14:00:45.895047 (1.0, 600000.0, 10, 6.0, 0.3, 0.02, 2.0, 3) [0.33047546741193534 0.0031405453960898729 0.005632720589891063] 1
2021-09-22 14:00:56.129548 (1.0, 600000.0, 10, 6.0, 0.3, 0.04, 2.0, 3) [0.2957390217788718 0.0020225861311424704 0.011238895421789564] 1
2021-09-22 14:01:08.121984 (1.0, 600000.0, 10, 6.0, 0.3, 0.03, 2.0, 3) [0.31156792390872307 0.0020829476506932609 0.0081980333458427888] 1
2021-09-22 14:01:29.571000 (1.0, 600000.0, 10, 6.0, 0.3, 0.06, 2.0, 3) [0.25897538902992817 0.0021066976590554233 0.023272797958518276] 1
2021-09-22 14:15:21.311830 (1.0, 600000.0, 8, 6.0, 0.3, 0.0, 2.0, 3) [0.42988185029788667 0.0015822472247649089 0.0043368096987424715] 1
2021-09-22 14:15:36.856548 (1.0, 600000.0, 8, 6.0, 0.3, 0.03, 2.0, 3) [0.374502649203006 0.0034627544007567374 0.010457512599541013] 1
2021-09-22 14:17:34.408153 (1.0, 600000.0, 8, 6.0, 0.3, 0.07, 2.0, 3) [0.3065200050863781 0.0015716096874721422 0.030708999043743003] 1
2021-09-22 14:17:39.246562 (1.0, 600000.0, 8, 6.0, 0.3, 0.04, 2.0, 3) [0.3550312460830153 0.001875189900835212 0.014237981263694764] 1
2021-09-22 14:17:46.626484 (1.0, 600000.0, 8, 6.0, 0.3, 0.05, 2.0, 3) [0.34216496198127894 0.0025341425471170631 0.017485069548581391] 1
2021-09-22 14:18:11.124746 (1.0, 600000.0, 8, 6.0, 0.3, 0.08, 2.0, 3) [0.29159849129256044 0.0023056027927907084 0.038824835362032906] 1
2021-09-22 14:18:15.687217 (1.0, 600000.0, 8, 6.0, 0.3, 0.09, 2.0, 3) [0.27741589054873245 0.0025210678937038428 0.048528680584855259] 1
2021-09-22 14:18:36.374908 (1.0, 600000.0, 8, 6.0, 0.3, 0.1, 2.0, 3) [0.26438245240464475 0.0030617369914333627 0.05956083747382554] 1
2021-09-22 14:23:33.372860 (1.0, 600000.0, 8, 6.0, 0.3, 0.02, 2.0, 3) [0.38941070248840653 0.0025085234638628261 0.0082272939802021435] 1
2021-09-22 14:23:41.494145 (1.0, 600000.0, 8, 6.0, 0.3, 0.01, 2.0, 3) [0.40984334183444676 0.0015999447508850977 0.0059597530847442194] 1
2021-09-22 14:50:09.427837 (1.0, 600000.0, 11, 6.0, 0.3, 0.01, 2.0, 3) [0.325594514822816 0.001753702944354742 0.0032374415408819648] 1
2021-09-22 14:51:19.720381 (1.0, 600000.0, 11, 6.0, 0.3, 0.07, 2.0, 3) [0.22065698612638535 0.0026204139744983521 0.032010948383609988] 1
2021-09-22 14:52:49.868226 (1.0, 600000.0, 11, 6.0, 0.3, 0.1, 2.0, 3) [0.17795369945123335 0.0017826364173359709 0.08019170096522113] 1
2021-09-22 15:09:16.716469 (1.0, 600000.0, 9, 6.0, 0.3, 0.1, 2.0, 3) [0.23035888552158246 0.0022160922900768573 0.064540904679550232] 1
2021-09-22 15:09:46.090142 (1.0, 600000.0, 9, 6.0, 0.3, 0.06, 2.0, 3) [0.2877286272134363 0.001922465989762608 0.023334047348339205] 1
2021-09-22 15:11:22.161899 (1.0, 600000.0, 9, 6.0, 0.3, 0.01, 2.0, 3) [0.3768976824507669 0.0038874689313425372 0.0047434106381021865] 1
2021-09-22 15:11:47.855238 (1.0, 600000.0, 9, 6.0, 0.3, 0.03, 2.0, 3) [0.34045449740230593 0.0016242172735134368 0.0091104757235834846] 1
2021-09-22 15:12:05.677209 (1.0, 600000.0, 9, 6.0, 0.3, 0.04, 2.0, 3) [0.32224807294572116 0.0028119049684764709 0.012605906473848206] 1
2021-09-22 15:13:19.637950 (1.0, 600000.0, 9, 6.0, 0.3, 0.09, 2.0, 3) [0.24480241807390102 0.0017906475266814752 0.050005396182389007] 1
2021-09-22 15:13:31.469240 (1.0, 600000.0, 9, 6.0, 0.3, 0.02, 2.0, 3) [0.35809937443143364 0.0022178022947647673 0.0066442635864759876] 1
2021-09-22 15:13:53.720951 (1.0, 600000.0, 9, 6.0, 0.3, 0.07, 2.0, 3) [0.27245781060647994 0.0020564292306582258 0.030642254490698958] 1
2021-09-22 15:21:03.297242 (1.0, 600000.0, 9, 6.0, 0.3, 0.05, 2.0, 3) [0.3050879914397886 0.0026333172644099011 0.017118171180318897] 1
2021-09-22 15:21:08.322307 (1.0, 600000.0, 9, 6.0, 0.3, 0.08, 2.0, 3) [0.2577470766875098 0.0014781544925753375 0.039762199324168093] 1
2021-09-22 16:04:33.125055 (1.0, 600000.0, 12, 6.0, 0.3, 0.07, 2.0, 3) [0.20212433225198764 0.0014286626531666523 0.032070687348548642] 1
2021-09-22 16:05:47.640768 (1.0, 600000.0, 12, 6.0, 0.3, 0.1, 2.0, 3) [0.1596820877164717 0.0018035267522612836 0.086764134196026355] 1
2021-09-22 16:07:53.284595 (1.0, 600000.0, 12, 6.0, 0.3, 0.03, 2.0, 3) [0.2690918004460459 0.0025118643179462144 0.0065086024017516515] 1
2021-09-22 16:12:14.331543 (1.0, 600000.0, 10, 6.0, 0.3, 0.01, 2.0, 3) [0.3511153464804128 0.0018429695154158975 0.0037415173993602291] 1
2021-09-22 16:12:39.468101 (1.0, 600000.0, 10, 6.0, 0.3, 0.1, 2.0, 3) [0.20086173022745854 0.0017726776419829261 0.072835188900301481] 1
2021-09-22 17:41:08.667700 (1.0, 600000.0, 13, 6.0, 0.3, 0.0, 2.0, 3) [0.31246274982980593 0.0020119660988284051 0.0012395968407031665] 1
2021-09-22 17:41:19.987090 (1.0, 600000.0, 13, 6.0, 0.3, 0.04, 2.0, 3) [0.23302250005015254 0.0014946150411531349 0.0096721421014259942] 1
2021-09-22 17:41:52.985490 (1.0, 600000.0, 13, 6.0, 0.3, 0.07, 2.0, 3) [0.18534822175246607 0.0018934184147463373 0.033079812127731728] 1
2021-09-22 17:42:46.268343 (1.0, 600000.0, 13, 6.0, 0.3, 0.05, 2.0, 3) [0.21665071881193726 0.0023935129504402855 0.014769006278859602] 1
2021-09-22 17:43:25.894754 (1.0, 600000.0, 13, 6.0, 0.3, 0.09, 2.0, 3) [0.1574851881716075 0.0015507744550552855 0.067381678515195678] 1
2021-09-22 17:57:39.939003 (1.0, 600000.0, 11, 6.0, 0.3, 0.02, 2.0, 3) [0.3075416047710923 0.0011046229105426285 0.0048095199426528516] 1
2021-09-22 17:58:02.831223 (1.0, 600000.0, 11, 6.0, 0.3, 0.0, 2.0, 3) [0.34757082964962066 0.002110991753995619 0.0020017799285661272] 1
2021-09-22 18:03:29.113582 (1.0, 600000.0, 11, 6.0, 0.3, 0.03, 2.0, 3) [0.2885181226835312 0.0024219633851226461 0.0072933287551767466] 1
2021-09-22 18:03:33.016590 (1.0, 600000.0, 11, 6.0, 0.3, 0.08, 2.0, 3) [0.20439632670229063 0.0022402902109532421 0.045514367657756016] 1
2021-09-22 19:31:28.116726 (1.0, 600000.0, 14, 6.0, 0.3, 0.01, 2.0, 3) [0.27703445707402097 0.0021570889311368952 0.0017836617163331291] 1
2021-09-22 19:32:06.626467 (1.0, 600000.0, 14, 6.0, 0.3, 0.0, 2.0, 3) [0.2986892515921472 0.003455707665113572 0.00097710035005183524] 1
2021-09-22 19:34:03.115791 (1.0, 600000.0, 14, 6.0, 0.3, 0.06, 2.0, 3) [0.18521842085772447 0.0017714821826968349 0.022949126087598141] 1
2021-09-22 20:17:26.734123 (1.0, 600000.0, 12, 6.0, 0.3, 0.01, 2.0, 3) [0.30917003728046566 0.0029957764200728371 0.0025024244854155936] 1
2021-09-22 20:18:01.715920 (1.0, 600000.0, 12, 6.0, 0.3, 0.05, 2.0, 3) [0.23344154425074157 0.0019953716055266155 0.015247290329011686] 1
2021-09-22 20:20:17.049527 (1.0, 600000.0, 12, 6.0, 0.3, 0.0, 2.0, 3) [0.327899982962684 0.0022717313028593786 0.0016017134475328992] 1
2021-09-22 20:21:04.187138 (1.0, 600000.0, 12, 6.0, 0.3, 0.09, 2.0, 3) [0.1733814124100773 0.001834942911878974 0.063219450365120888] 1
2021-09-22 22:06:41.621586 (1.0, 600000.0, 13, 6.0, 0.3, 0.1, 2.0, 3) [0.1445430426801724 0.0014309729692982556 0.09315019546802604] 1
2021-09-22 22:18:29.822456 (1.0, 600000.0, 13, 6.0, 0.3, 0.6, 2.0, 3) [0.011852892006148155 0.00075066052187665691 3.3322213927864603] 1
2021-09-22 22:19:43.448342 (1.0, 600000.0, 13, 6.0, 0.3, 0.4, 2.0, 3) [0.022028744299261275 0.00070376234699029709 1.846503851832594] 1
2021-09-22 22:23:11.879575 (1.0, 600000.0, 13, 6.0, 0.3, 0.5, 2.0, 3) [0.015597839218472017 0.00063581678666074391 2.5424441470916261] 1
2021-09-22 22:23:30.884735 (1.0, 600000.0, 13, 6.0, 0.3, 0.7, 2.0, 3) [0.009078418481557642 0.00038389290059616599 4.227220583935468] 1
2021-09-22 23:03:34.630684 (1.0, 600000.0, 10, 6.0, 0.3, 0.0, 2.0, 3) [0.36951319237089364 0.0019891309450681175 0.0025928133282272642] 1
2021-09-22 23:06:34.954142 (1.0, 600000.0, 10, 6.0, 0.3, 0.08, 2.0, 3) [0.23054946670002882 0.0019090665206226581 0.040781956776201299] 1
2021-09-22 23:06:39.649208 (1.0, 600000.0, 10, 6.0, 0.3, 0.05, 2.0, 3) [0.27718007382414617 0.0020052186407770131 0.016240308275047924] 1
2021-09-22 23:07:09.591243 (1.0, 600000.0, 10, 6.0, 0.3, 0.09, 2.0, 3) [0.21579098423371 0.0015990140923455886 0.05455474229607301] 1
2021-09-22 23:07:37.984442 (1.0, 600000.0, 10, 6.0, 0.3, 0.07, 2.0, 3) [0.24429684997801043 0.002452921640135019 0.031120703971866229] 1
2021-09-23 00:53:15.318012 (1.0, 600000.0, 11, 6.0, 0.3, 0.06, 2.0, 3) [0.2378095692834908 0.0014263461407005712 0.022056427348761197] 1
2021-09-23 00:54:59.364023 (1.0, 600000.0, 11, 6.0, 0.3, 0.09, 2.0, 3) [0.19396248151282247 0.0012657615676108017 0.057046563463431864] 1
2021-09-23 00:55:16.545519 (1.0, 600000.0, 11, 6.0, 0.3, 0.05, 2.0, 3) [0.2544914602514343 0.0022260982884142549 0.015332970340106517] 1
2021-09-23 00:57:48.607294 (1.0, 600000.0, 11, 6.0, 0.3, 0.04, 2.0, 3) [0.2706215651609668 0.0017867701557653071 0.010774025265528788] 1
2021-09-23 04:03:28.907993 (1.0, 600000.0, 14, 6.0, 0.3, 0.08, 2.0, 3) [0.15657028237532652 0.0011735256062862128 0.050649054246218315] 1
2021-09-23 04:03:48.492226 (1.0, 600000.0, 14, 6.0, 0.3, 0.02, 2.0, 3) [0.25737644901030127 0.0030883179592540557 0.003086955560654101] 1
2021-09-23 04:30:49.888387 (1.0, 600000.0, 14, 6.0, 0.3, 0.04, 2.0, 3) [0.22107687683419158 0.0022827535080710837 0.0084834864096566751] 1
2021-09-23 04:42:18.400756 (1.0, 600000.0, 14, 6.0, 0.3, 0.1, 2.0, 3) [0.12869174741132233 0.0014423879719353098 0.10762001132092767] 1
2021-09-23 05:25:12.499116 (1.0, 600000.0, 12, 6.0, 0.3, 0.02, 2.0, 3) [0.28814771952586166 0.0029885478351062088 0.0041366490423059635] 1
2021-09-23 05:26:00.512096 (1.0, 600000.0, 12, 6.0, 0.3, 0.06, 2.0, 3) [0.21686234235986407 0.0029236926561324729 0.022616591986796358] 1
2021-09-23 05:29:08.603725 (1.0, 600000.0, 12, 6.0, 0.3, 0.04, 2.0, 3) [0.25175289672465806 0.0015946077640131085 0.0098626888786150085] 1
2021-09-23 05:30:03.731877 (1.0, 600000.0, 12, 6.0, 0.3, 0.08, 2.0, 3) [0.18786527375891005 0.0021838070177430768 0.044949349265391736] 1
2021-09-23 07:00:51.616439 (1.0, 600000.0, 14, 6.0, 0.3, 0.4, 2.0, 3) [0.018738918066152292 0.00060403381619780652 1.9833561241565711] 1
2021-09-23 07:05:17.215061 (1.0, 600000.0, 14, 6.0, 0.3, 0.3, 2.0, 3) [0.02765555936115235 0.00088839064690123687 1.3257837920637103] 1
2021-09-23 07:06:00.085126 (1.0, 600000.0, 14, 6.0, 0.3, 0.5, 2.0, 3) [0.01340154011829525 0.00099354833900258135 2.7385659503094941] 1
2021-09-23 07:08:38.927135 (1.0, 600000.0, 14, 6.0, 0.3, 0.6, 2.0, 3) [0.00987258173725181 0.00088240002826460082 3.593909959845857] 1
2021-09-23 07:12:36.801955 (1.0, 600000.0, 14, 6.0, 0.3, 0.9, 2.0, 3) [0.005245905646203761 0.0003536638000176604 6.9297871272054499] 1
2021-09-23 19:09:23.865639 (1.0, 600000.0, 14, 6.0, 0.3, 0.05, 2.0, 3) [0.20145259441463537 0.0017513973267058991 0.014617167427371808] 1
2021-09-23 19:10:40.470652 (1.0, 600000.0, 14, 6.0, 0.3, 0.07, 2.0, 3) [0.17034437494326443 0.0030005443169207439 0.034630684808472208] 1
2021-09-23 19:13:07.074436 (1.0, 600000.0, 14, 6.0, 0.3, 0.09, 2.0, 3) [0.14322443540013238 0.0014276389861702099 0.072948660257515327] 1
2021-09-23 19:13:26.085890 (1.0, 600000.0, 14, 6.0, 0.3, 0.03, 2.0, 3) [0.2388351256095067 0.0019660831271992169 0.0051653239147743651] 1
2021-09-24 07:17:08.099265 (1.0, 600000.0, 15, 6.0, 0.3, 0.08, 2.0, 3) [0.14419118614597898 0.0020200043993208031 0.053498012299805164] 1
2021-09-24 07:18:57.241846 (1.0, 600000.0, 15, 6.0, 0.3, 0.01, 2.0, 3) [0.26644428792366176 0.0027182061747960421 0.0014076458548962182] 1
2021-09-24 07:19:34.067714 (1.0, 600000.0, 15, 6.0, 0.3, 0.1, 2.0, 3) [0.11757737674235334 0.0022585868476753192 0.11563492167399969] 1
2021-09-24 07:20:19.237109 (1.0, 600000.0, 15, 6.0, 0.3, 0.04, 2.0, 3) [0.20713563959437425 0.0026734027752950921 0.0082680563566195006] 1
2021-09-24 07:29:21.288576 (1.0, 600000.0, 15, 6.0, 0.3, 0.07, 2.0, 3) [0.15682648777983815 0.0023534163248074835 0.036835579085681656] 1
2021-09-24 10:06:57.102236 (1.0, 600000.0, 13, 6.0, 0.3, 0.01, 2.0, 3) [0.2913184318090386 0.0018288510059431004 0.0021432496606804542] 1
2021-09-24 10:16:34.143432 (1.0, 600000.0, 13, 6.0, 0.3, 0.08, 2.0, 3) [0.1706882791281581 0.0019321099959812838 0.048101420532115816] 1
2021-09-24 10:17:53.846695 (1.0, 600000.0, 13, 6.0, 0.3, 0.1, 2.0, 3) [0.1447780642566171 0.0013215100008146991 0.092665382352364434] 1
2021-09-24 10:18:38.159394 (1.0, 600000.0, 13, 6.0, 0.3, 0.03, 2.0, 3) [0.25212440903773875 0.0013625468472440645 0.0059058261281986629] 1
2021-09-24 10:19:27.922745 (1.0, 600000.0, 13, 6.0, 0.3, 0.02, 2.0, 3) [0.2717770252839843 0.0015642914368288012 0.0035474284732446714] 1
2021-09-24 10:19:40.073658 (1.0, 600000.0, 13, 6.0, 0.3, 0.06, 2.0, 3) [0.1992733140575115 0.0019604702961693982 0.023097748031673103] 1
2021-09-24 10:41:12.682450 (1.0, 600000.0, 16, 6.0, 0.3, 0.06, 2.0, 3) [0.16299400009421713 0.0017266928942747664 0.022266117979717261] 1
2021-09-24 10:44:12.409711 (1.0, 600000.0, 16, 6.0, 0.3, 0.1, 2.0, 3) [0.10699049540931085 0.0011870808520150948 0.12741059282796477] 1
2021-09-24 10:46:14.952794 (1.0, 600000.0, 16, 6.0, 0.3, 0.05, 2.0, 3) [0.17762936398513815 0.002112604779184755 0.013967370565155145] 1
2021-09-24 10:57:37.789201 (1.0, 600000.0, 16, 6.0, 0.3, 0.03, 2.0, 3) [0.2140779752603685 0.0012413862825164245 0.0043792269507270951] 1
2021-09-24 10:59:37.456109 (1.0, 600000.0, 16, 6.0, 0.3, 0.09, 2.0, 3) [0.11962816338733234 0.0016959494315888768 0.086682271163638261] 1
2021-09-24 14:47:50.723959 (1.0, 600000.0, 17, 6.0, 0.3, 0.03, 2.0, 3) [0.20475962533741257 0.002506347744537861 0.0039097480412833433] 1
2021-09-24 14:51:08.643325 (1.0, 600000.0, 17, 6.0, 0.3, 0.0, 2.0, 3) [0.2674804364982917 0.0017946452969451871 0.00046874328905960978] 1
2021-09-24 14:54:02.637192 (1.0, 600000.0, 17, 6.0, 0.3, 0.08, 2.0, 3) [0.1233491576052093 0.0025895866223531734 0.06077082879812333] 1
2021-09-24 14:54:05.933216 (1.0, 600000.0, 17, 6.0, 0.3, 0.01, 2.0, 3) [0.2435069491784463 0.0028196029769669614 0.0010531604568313733] 1
2021-09-24 20:27:40.343822 (1.0, 600000.0, 18, 6.0, 0.3, 0.05, 2.0, 3) [0.16016365710256975 0.0022036475454550492 0.012867189058275894] 1
2021-09-24 20:28:28.038516 (1.0, 600000.0, 18, 6.0, 0.3, 0.0, 2.0, 3) [0.26049432277815643 0.0018245312273078404 0.00035330666880281484] 1
2021-09-24 20:29:52.222285 (1.0, 600000.0, 18, 6.0, 0.3, 0.01, 2.0, 3) [0.23602051801762094 0.0018424179745093732 0.00084662949036801941] 1
2021-09-24 23:30:36.497445 (1.0, 1000000.0, 8, 6.0, 0.3, 0.056, 2.0, 3) [0.3287749649079295 0.001452581508089891 0.021588577853811144] 1
2021-09-24 23:30:49.900235 (1.0, 1000000.0, 8, 6.0, 0.3, 0.053, 2.0, 3) [0.3340055453100238 0.001651443249061747 0.019859456885854668] 1
2021-09-24 23:31:10.896002 (1.0, 1000000.0, 8, 6.0, 0.3, 0.068, 2.0, 3) [0.31022722505487504 0.0016678499122937819 0.02895891309319968] 1
2021-09-24 23:33:05.720875 (1.0, 1000000.0, 8, 6.0, 0.3, 0.059, 2.0, 3) [0.32701821286039706 0.0032669492321628496 0.022209662899666839] 1
2021-09-24 23:33:09.896656 (1.0, 1000000.0, 8, 6.0, 0.3, 0.061, 2.0, 3) [0.3210686414382407 0.0015544930265267193 0.024396679265851155] 1
2021-09-24 23:33:55.079683 (1.0, 1000000.0, 8, 6.0, 0.3, 0.066, 2.0, 3) [0.3136344916095666 0.0017284398528755046 0.027431466196454941] 1
2021-09-24 23:33:59.089722 (1.0, 1000000.0, 8, 6.0, 0.3, 0.057, 2.0, 3) [0.3268828043516028 0.0018356033448405846 0.022223300339136193] 1
2021-09-24 23:34:00.150149 (1.0, 1000000.0, 8, 6.0, 0.3, 0.062, 2.0, 3) [0.3216721034607863 0.0016558333316493915 0.024198284745957005] 1
2021-09-25 00:10:25.163506 (1.0, 1000000.0, 9, 6.0, 0.3, 0.068, 2.0, 3) [0.27535821006767497 0.001968323464014213 0.029099751939627598] 1
2021-09-25 00:11:01.719291 (1.0, 1000000.0, 9, 6.0, 0.3, 0.067, 2.0, 3) [0.2792381828221411 0.0019416458666388877 0.027185977870381441] 1
2021-09-25 00:11:28.832806 (1.0, 1000000.0, 9, 6.0, 0.3, 0.051, 2.0, 3) [0.30307407204895753 0.0012552571846949411 0.017756759642624978] 1
2021-09-25 00:13:31.127142 (1.0, 1000000.0, 9, 6.0, 0.3, 0.06, 2.0, 3) [0.28973768882705364 0.0012477788240385559 0.022543993608975046] 1
2021-09-25 00:13:44.867575 (1.0, 1000000.0, 9, 6.0, 0.3, 0.053, 2.0, 3) [0.29998027162991414 0.002352939848682498 0.01876001932707708] 1
2021-09-25 00:15:07.126420 (1.0, 1000000.0, 9, 6.0, 0.3, 0.065, 2.0, 3) [0.27964385785966894 0.0020018740232388252 0.026954066698225136] 1
2021-09-25 01:06:06.560313 (1.0, 1000000.0, 10, 6.0, 0.3, 0.059, 2.0, 3) [0.26216627006169607 0.0020899970095156887 0.021858399935491466] 1
2021-09-25 01:06:12.659166 (1.0, 1000000.0, 10, 6.0, 0.3, 0.057, 2.0, 3) [0.26698275170247693 0.00274544475984411 0.019884254654680834] 1
2021-09-25 01:06:21.276646 (1.0, 1000000.0, 10, 6.0, 0.3, 0.065, 2.0, 3) [0.2535456649911299 0.0021177265841331033 0.025957422374149403] 1
2021-09-25 01:08:33.291166 (1.0, 1000000.0, 10, 6.0, 0.3, 0.056, 2.0, 3) [0.2653607063738345 0.0018803518551738681 0.02049360765845205] 1
2021-09-25 01:11:10.050446 (1.0, 1000000.0, 10, 6.0, 0.3, 0.05, 2.0, 3) [0.276440036578783 0.0010758520410546646 0.016458179441645859] 1
2021-09-25 01:56:31.287404 (1.0, 1000000.0, 8, 6.0, 0.3, 0.058, 2.0, 3) [0.3265381363999499 0.0019450280985966629 0.022357350335737811] 1
2021-09-25 01:57:03.647990 (1.0, 1000000.0, 8, 6.0, 0.3, 0.064, 2.0, 3) [0.31836294946676147 0.0014113516105511454 0.025488159630056247] 1
2021-09-25 02:27:43.107731 (1.0, 1000000.0, 11, 6.0, 0.3, 0.069, 2.0, 3) [0.22337249092622816 0.0013353296926585582 0.030217414863552079] 1
2021-09-25 02:30:23.952779 (1.0, 1000000.0, 11, 6.0, 0.3, 0.062, 2.0, 3) [0.23351261399627862 0.0014249825025892124 0.024207849620635425] 1
2021-09-25 02:30:40.948585 (1.0, 1000000.0, 11, 6.0, 0.3, 0.061, 2.0, 3) [0.23596347809498758 0.0020559672735246961 0.022970161089706211] 1
2021-09-25 02:30:42.325894 (1.0, 1000000.0, 11, 6.0, 0.3, 0.053, 2.0, 3) [0.24870181990861173 0.0020436689840933105 0.017399641629058729] 1
2021-09-25 02:39:04.805019 (1.0, 1000000.0, 11, 6.0, 0.3, 0.066, 2.0, 3) [0.22723582970335118 0.00098425138505828279 0.027758999064174842] 1
2021-09-25 03:32:55.150374 (1.0, 1000000.0, 9, 6.0, 0.3, 0.062, 2.0, 3) [0.28494308334659496 0.0015963621163827524 0.024520627766228958] 1
2021-09-25 03:33:39.006327 (1.0, 1000000.0, 9, 6.0, 0.3, 0.052, 2.0, 3) [0.30205726040718467 0.0018305173128389685 0.018091349340037317] 1
2021-09-25 03:35:23.156611 (1.0, 1000000.0, 9, 6.0, 0.3, 0.069, 2.0, 3) [0.2756568011286318 0.0016015322111461673 0.028958499665516092] 1
2021-09-25 03:35:57.874792 (1.0, 1000000.0, 9, 6.0, 0.3, 0.058, 2.0, 3) [0.2913000324207731 0.001575685064725359 0.021892592356012257] 1
2021-09-25 03:37:26.448425 (1.0, 1000000.0, 9, 6.0, 0.3, 0.059, 2.0, 3) [0.29147795585984976 0.0015944640581594431 0.021864433947359659] 1
2021-09-25 03:38:58.008730 (1.0, 1000000.0, 9, 6.0, 0.3, 0.056, 2.0, 3) [0.29477029910920477 0.0023908428963970675 0.020597991919596572] 1
2021-09-25 03:42:48.661385 (1.0, 1000000.0, 9, 6.0, 0.3, 0.07, 2.0, 3) [0.2732234822776103 0.0026684858136096948 0.030234127449894056] 1
2021-09-25 03:44:11.740734 (1.0, 1000000.0, 9, 6.0, 0.3, 0.05, 2.0, 3) [0.304157401673654 0.0015150426237252634 0.017401584170530327] 1
2021-09-25 04:16:24.817715 (1.0, 1000000.0, 12, 6.0, 0.3, 0.06, 2.0, 3) [0.21724957887054983 0.0016744925844377053 0.022400381865711125] 1
2021-09-25 04:16:59.767417 (1.0, 1000000.0, 12, 6.0, 0.3, 0.068, 2.0, 3) [0.20405025315359687 0.0016940663035663721 0.030607120596680363] 1
2021-09-25 04:18:11.636728 (1.0, 1000000.0, 12, 6.0, 0.3, 0.069, 2.0, 3) [0.2033382343223085 0.0021962873075460558 0.031189872851969325] 1
2021-09-25 04:19:00.637254 (1.0, 1000000.0, 12, 6.0, 0.3, 0.063, 2.0, 3) [0.2136923583184602 0.0015264248102139603 0.024411271155591951] 1
2021-09-25 04:35:17.236397 (1.0, 1000000.0, 8, 6.0, 0.3, 0.054, 2.0, 3) [0.3323104671564429 0.0017477411697007764 0.020422825130585978] 1
2021-09-25 04:37:40.056335 (1.0, 1000000.0, 8, 6.0, 0.3, 0.069, 2.0, 3) [0.3094486988872265 0.0016957109887924444 0.029322767042260719] 1
2021-09-25 04:39:22.841139 (1.0, 1000000.0, 8, 6.0, 0.3, 0.06, 2.0, 3) [0.32166802396654576 0.0022272889857201978 0.024158088255096556] 1
2021-09-25 05:09:03.609123 (1.0, 1000000.0, 10, 6.0, 0.3, 0.051, 2.0, 3) [0.2744132951851147 0.002403419665739836 0.017124912915378453] 1
2021-09-25 05:09:08.794774 (1.0, 1000000.0, 10, 6.0, 0.3, 0.069, 2.0, 3) [0.24576268421047454 0.0022450195315961738 0.030218385417565056] 1
2021-09-25 05:20:21.502923 (1.0, 1000000.0, 10, 6.0, 0.3, 0.058, 2.0, 3) [0.26473792939017143 0.0018272291188268593 0.020785307038833127] 1
2021-09-25 05:20:50.739258 (1.0, 1000000.0, 10, 6.0, 0.3, 0.06, 2.0, 3) [0.2606930956452911 0.0013578576706947938 0.022510209601152579] 1
2021-09-25 05:25:47.024674 (1.0, 1000000.0, 10, 6.0, 0.3, 0.061, 2.0, 3) [0.2578116572953705 0.0015678437798784704 0.02381293906784018] 1
2021-09-25 05:26:01.327968 (1.0, 1000000.0, 10, 6.0, 0.3, 0.07, 2.0, 3) [0.24378681928619458 0.0021621242043734722 0.031414294936079341] 1
2021-09-25 05:26:04.116427 (1.0, 1000000.0, 10, 6.0, 0.3, 0.062, 2.0, 3) [0.2571506509662653 0.0021481267804702581 0.024136835528468899] 1
2021-09-25 05:26:07.352737 (1.0, 1000000.0, 10, 6.0, 0.3, 0.068, 2.0, 3) [0.24887473683305208 0.0011847204310765625 0.028448356693264763] 1
2021-09-25 05:26:15.661553 (1.0, 1000000.0, 10, 6.0, 0.3, 0.063, 2.0, 3) [0.2549982139323917 0.002726437581305551 0.025193318577737388] 1
2021-09-25 05:28:14.033938 (1.0, 1000000.0, 10, 6.0, 0.3, 0.067, 2.0, 3) [0.24959098760545398 0.0016809478834106792 0.028006450753329536] 1
2021-09-25 06:57:22.446640 (1.0, 1000000.0, 13, 6.0, 0.3, 0.066, 2.0, 3) [0.1903015426765653 0.0016105083556729506 0.029095950620834331] 1
2021-09-25 07:03:34.403387 (1.0, 1000000.0, 13, 6.0, 0.3, 0.059, 2.0, 3) [0.20390965658406304 0.0019688139794887868 0.020532738674367973] 1
2021-09-25 08:40:08.101910 (1.0, 1000000.0, 11, 6.0, 0.3, 0.067, 2.0, 3) [0.22619154981205372 0.0017767906071562679 0.028403977629045254] 1
2021-09-25 08:40:43.199334 (1.0, 1000000.0, 11, 6.0, 0.3, 0.07, 2.0, 3) [0.2215050964879499 0.001376303703055878 0.031441907042352064] 1
2021-09-25 08:43:39.957073 (1.0, 1000000.0, 11, 6.0, 0.3, 0.064, 2.0, 3) [0.23049294673275814 0.001815123421718718 0.025874519952592656] 1
2021-09-25 08:44:20.146188 (1.0, 1000000.0, 11, 6.0, 0.3, 0.051, 2.0, 3) [0.2511633270240124 0.0019354338347180415 0.016478801446842682] 1
2021-09-25 08:45:10.668884 (1.0, 1000000.0, 11, 6.0, 0.3, 0.056, 2.0, 3) [0.2431543395861904 0.0026389460030052958 0.019639615283056088] 1
2021-09-25 08:45:14.407710 (1.0, 1000000.0, 11, 6.0, 0.3, 0.068, 2.0, 3) [0.2246712938331306 0.0019433898114899263 0.029364929694361375] 1
2021-09-25 08:56:49.380701 (1.0, 1000000.0, 11, 6.0, 0.3, 0.05, 2.0, 3) [0.2530589599784724 0.0018212630622332245 0.015821493314182169] 1
2021-09-25 08:57:49.455503 (1.0, 1000000.0, 11, 6.0, 0.3, 0.058, 2.0, 3) [0.23999818105045728 0.0017490398382607952 0.021007248211040185] 1
2021-09-25 09:14:43.263774 (1.0, 600000.0, 17, 6.0, 0.3, 0.05, 2.0, 3) [0.1680027565094092 0.0016164382769480081 0.013574076811411599] 1
2021-09-25 09:15:36.352934 (1.0, 600000.0, 17, 6.0, 0.3, 0.06, 2.0, 3) [0.1520266266278509 0.0020899533134866397 0.023250638391533646] 1
2021-09-25 11:53:16.285451 (1.0, 1000000.0, 12, 6.0, 0.3, 0.059, 2.0, 3) [0.21940506852369335 0.0018119283325556473 0.021301115947259152] 1
2021-09-25 11:55:49.713477 (1.0, 1000000.0, 12, 6.0, 0.3, 0.055, 2.0, 3) [0.22626470477895036 0.0011698998759874012 0.018085273043410802] 1
2021-09-25 11:58:54.002553 (1.0, 1000000.0, 12, 6.0, 0.3, 0.07, 2.0, 3) [0.20167404425501456 0.0013679186029246124 0.032385678817864923] 1
2021-09-25 11:59:12.584842 (1.0, 1000000.0, 12, 6.0, 0.3, 0.056, 2.0, 3) [0.224595743679825 0.0014501540665398116 0.018820434725177658] 1
2021-09-25 11:59:54.071410 (1.0, 1000000.0, 12, 6.0, 0.3, 0.064, 2.0, 3) [0.21095196542961528 0.0018687647564910649 0.026021071685101153] 1
2021-09-25 12:01:09.542942 (1.0, 1000000.0, 12, 6.0, 0.3, 0.053, 2.0, 3) [0.22915651707697438 0.0024921155730035735 0.016899980729157896] 1
2021-09-25 12:04:32.685001 (1.0, 1000000.0, 12, 6.0, 0.3, 0.061, 2.0, 3) [0.21555842317013388 0.0018409037469811641 0.023326650207058489] 1
2021-09-25 12:06:32.326426 (1.0, 1000000.0, 12, 6.0, 0.3, 0.051, 2.0, 3) [0.23205117038828477 0.0013989528121563014 0.015761892678774481] 1
2021-09-25 12:08:02.227699 (1.0, 1000000.0, 12, 6.0, 0.3, 0.067, 2.0, 3) [0.2071378443558038 0.0011551334963564436 0.028514283808279157] 1
2021-09-25 12:08:20.789084 (1.0, 1000000.0, 12, 6.0, 0.3, 0.05, 2.0, 3) [0.233053155638963 0.002657366584924643 0.015368543246195946] 1
2021-09-25 12:18:38.963693 (1.0, 1000000.0, 12, 6.0, 0.3, 0.065, 2.0, 3) [0.2093522275038485 0.001919609110510516 0.027016956900686194] 1
2021-09-25 12:20:29.086934 (1.0, 1000000.0, 12, 6.0, 0.3, 0.062, 2.0, 3) [0.21534801279656104 0.001259454101512689 0.023465772589534219] 1
2021-09-25 14:50:47.500939 (1.0, 1000000.0, 11, 6.0, 0.3, 0.065, 2.0, 3) [0.23023062870027225 0.0017824492133854907 0.026050345843953063] 1
2021-09-25 14:51:36.649267 (1.0, 1000000.0, 11, 6.0, 0.3, 0.052, 2.0, 3) [0.24954978307526327 0.0020505740772811996 0.017084833889350327] 1
2021-09-25 14:51:40.454015 (1.0, 1000000.0, 11, 6.0, 0.3, 0.057, 2.0, 3) [0.24205168120987097 0.0017305967121675678 0.020114753441995058] 1
2021-09-25 15:48:46.952576 (1.0, 1000000.0, 8, 6.0, 0.3, 0.052, 2.0, 3) [0.33690633538351905 0.0020012562082629519 0.018987266394541836] 1
2021-09-25 15:50:12.899338 (1.0, 1000000.0, 8, 6.0, 0.3, 0.051, 2.0, 3) [0.33846138701264195 0.0016569819254789624 0.018533260987035879] 1
2021-09-25 15:51:36.664110 (1.0, 1000000.0, 8, 6.0, 0.3, 0.07, 2.0, 3) [0.3076040912802479 0.0017944128983562355 0.030202378131648468] 1
2021-09-25 15:51:44.707537 (1.0, 1000000.0, 8, 6.0, 0.3, 0.063, 2.0, 3) [0.3172690006024281 0.0018141512544283427 0.025878348017981147] 1
2021-09-25 15:51:45.929058 (1.0, 1000000.0, 8, 6.0, 0.3, 0.05, 2.0, 3) [0.3402974136171354 0.0019823836102013941 0.017991112137677293] 1
2021-09-25 15:55:12.297179 (1.0, 1000000.0, 8, 6.0, 0.3, 0.067, 2.0, 3) [0.31297826718946165 0.0017704274821457586 0.027725399409539608] 1
2021-09-25 15:55:33.582624 (1.0, 1000000.0, 8, 6.0, 0.3, 0.055, 2.0, 3) [0.33091760827292294 0.0023030461930315846 0.020865814536114354] 1
2021-09-25 15:56:19.855031 (1.0, 1000000.0, 8, 6.0, 0.3, 0.065, 2.0, 3) [0.31518045048696136 0.0020074802432079844 0.02677309341786616] 1
2021-09-25 16:25:15.204823 (1.0, 1000000.0, 14, 6.0, 0.3, 0.065, 2.0, 3) [0.17802169244521526 0.0012336578905785636 0.028036320426197581] 1
2021-09-25 16:28:02.595621 (1.0, 1000000.0, 14, 6.0, 0.3, 0.053, 2.0, 3) [0.19654399483961105 0.0011655662859283422 0.016767951627316452] 1
2021-09-25 16:30:05.611781 (1.0, 1000000.0, 14, 6.0, 0.3, 0.054, 2.0, 3) [0.19574424042545274 0.0017726579433658891 0.01714963187557457] 1
2021-09-25 17:13:46.878146 (1.0, 1000000.0, 14, 6.0, 0.3, 0.07, 2.0, 3) [0.17093861384298095 0.0013011179581798094 0.034081206618063777] 1
2021-09-25 17:21:39.776425 (1.0, 1000000.0, 14, 6.0, 0.3, 0.062, 2.0, 3) [0.18311841699171091 0.0020237223471594144 0.024354537075624433] 1
2021-09-25 17:28:57.021726 (1.0, 1000000.0, 14, 6.0, 0.3, 0.057, 2.0, 3) [0.19099945623996112 0.0011510867118025632 0.01955564586634596] 1
2021-09-25 17:45:11.716075 (1.0, 1000000.0, 13, 6.0, 0.3, 0.051, 2.0, 3) [0.21432129157592372 0.001552490644024491 0.015664758984615758] 1
2021-09-25 17:47:23.203868 (1.0, 1000000.0, 13, 6.0, 0.3, 0.069, 2.0, 3) [0.18770060018129148 0.0018669349452490756 0.031126394306331594] 1
2021-09-25 17:47:23.817026 (1.0, 1000000.0, 13, 6.0, 0.3, 0.07, 2.0, 3) [0.18522541978396936 0.00200875509786263 0.033126387099175543] 1
2021-09-25 17:47:25.559891 (1.0, 1000000.0, 13, 6.0, 0.3, 0.056, 2.0, 3) [0.20608314473857797 0.0020988906744913078 0.019374501806135251] 1
2021-09-25 17:48:32.292995 (1.0, 1000000.0, 13, 6.0, 0.3, 0.062, 2.0, 3) [0.19601647233469063 0.0013789164438223157 0.025112862777172746] 1
2021-09-25 17:49:27.858769 (1.0, 1000000.0, 13, 6.0, 0.3, 0.06, 2.0, 3) [0.20118437365173203 0.001677137152384874 0.022012770350732392] 1
2021-09-25 17:50:53.278844 (1.0, 1000000.0, 13, 6.0, 0.3, 0.055, 2.0, 3) [0.20815269346981863 0.0011722740729677614 0.018383222336500964] 1
2021-09-25 17:51:32.389623 (1.0, 1000000.0, 13, 6.0, 0.3, 0.057, 2.0, 3) [0.20457346981164745 0.0014309871376597049 0.020143357255402883] 1
2021-09-25 17:51:50.910497 (1.0, 1000000.0, 13, 6.0, 0.3, 0.058, 2.0, 3) [0.20369625407079947 0.0009658499657465131 0.020625485727072592] 1
2021-09-25 17:51:54.392460 (1.0, 1000000.0, 13, 6.0, 0.3, 0.052, 2.0, 3) [0.2144604829928679 0.0010460459318139932 0.015627752916990371] 1
2021-09-25 17:55:39.865921 (1.0, 1000000.0, 13, 6.0, 0.3, 0.05, 2.0, 3) [0.2164171664859874 0.0014253841526646158 0.014857719860980228] 1
2021-09-25 17:55:46.493865 (1.0, 1000000.0, 13, 6.0, 0.3, 0.068, 2.0, 3) [0.18867959214992214 0.0017193460580373857 0.030363071590759582] 1
2021-09-25 18:01:47.916712 (1.0, 1000000.0, 13, 6.0, 0.3, 0.065, 2.0, 3) [0.19339537905373705 0.0017889044198956836 0.026898321882199622] 1
2021-09-25 18:02:35.369560 (1.0, 1000000.0, 13, 6.0, 0.3, 0.067, 2.0, 3) [0.18800853114946492 0.002493899781374152 0.030819818771828305] 1
2021-09-25 18:03:37.889285 (1.0, 1000000.0, 14, 6.0, 0.3, 0.059, 2.0, 3) [0.18859391241401918 0.0021619600309502386 0.020906499628795934] 1
2021-09-25 18:03:40.237608 (1.0, 1000000.0, 13, 6.0, 0.3, 0.064, 2.0, 3) [0.19462831014016693 0.0014520851692754696 0.026050670556280121] 1
2021-09-25 18:04:02.608163 (1.0, 1000000.0, 13, 6.0, 0.3, 0.053, 2.0, 3) [0.21192610843687507 0.0011618681588152085 0.016685593782294006] 1
2021-09-25 18:43:37.978008 (1.0, 600000.0, 18, 6.0, 0.3, 0.04, 2.0, 3) [0.17750064041984973 0.0011759270472867043 0.0069094587542100367] 1
2021-09-25 18:44:45.054679 (1.0, 600000.0, 18, 6.0, 0.3, 0.03, 2.0, 3) [0.19446040402136763 0.0015166506691484641 0.0037576609897225517] 1
2021-09-25 21:28:49.010366 (1.0, 1000000.0, 10, 6.0, 0.3, 0.052, 2.0, 3) [0.2733888423745592 0.0034911701383732907 0.017479262036358696] 1
2021-09-25 21:33:23.690823 (1.0, 1000000.0, 10, 6.0, 0.3, 0.054, 2.0, 3) [0.2717957243616117 0.0019831241226595095 0.018087633989097879] 1
2021-09-25 21:34:20.959735 (1.0, 1000000.0, 10, 6.0, 0.3, 0.064, 2.0, 3) [0.2545001343428521 0.0017374115976840803 0.025440438269300428] 1
2021-09-25 21:35:38.751236 (1.0, 1000000.0, 10, 6.0, 0.3, 0.053, 2.0, 3) [0.27160495711425486 0.001480305124534799 0.018125681570708686] 1
2021-09-25 21:35:48.228466 (1.0, 1000000.0, 10, 6.0, 0.3, 0.066, 2.0, 3) [0.2510532543597671 0.0014195070694952442 0.027237491823609187] 1
2021-09-25 21:36:06.955829 (1.0, 1000000.0, 10, 6.0, 0.3, 0.055, 2.0, 3) [0.2687106883718414 0.0015631020564793512 0.01920318541449385] 1
2021-09-25 22:35:10.543054 (1.0, 1000000.0, 9, 6.0, 0.3, 0.055, 2.0, 3) [0.29684926483949 0.0013079319479005324 0.019844955166927879] 1
2021-09-25 22:35:43.376255 (1.0, 1000000.0, 9, 6.0, 0.3, 0.061, 2.0, 3) [0.28770007820513366 0.0016275415370344882 0.023386138468252222] 1
2021-09-25 22:36:08.982982 (1.0, 1000000.0, 9, 6.0, 0.3, 0.054, 2.0, 3) [0.29811923772392307 0.0010283321052681046 0.01939404234340893] 1
2021-09-25 22:39:22.944440 (1.0, 1000000.0, 9, 6.0, 0.3, 0.063, 2.0, 3) [0.2815392440599343 0.0022373362472462958 0.026004639001178585] 1
2021-09-25 22:39:28.839992 (1.0, 1000000.0, 9, 6.0, 0.3, 0.066, 2.0, 3) [0.2794732495451726 0.0014223828075967373 0.027052877518721298] 1
2021-09-25 22:40:42.151970 (1.0, 1000000.0, 9, 6.0, 0.3, 0.057, 2.0, 3) [0.2941765878772052 0.0014294553200529527 0.020813305059257825] 1
2021-09-25 22:41:01.753366 (1.0, 1000000.0, 9, 6.0, 0.3, 0.064, 2.0, 3) [0.282743568849002 0.001658369078957185 0.025528781925949456] 1
2021-09-25 22:45:32.702655 (1.0, 1000000.0, 15, 6.0, 0.3, 0.059, 2.0, 3) [0.17555997568850443 0.0017888176249487671 0.02119479970925213] 1
2021-09-25 22:51:00.373739 (1.0, 1000000.0, 15, 6.0, 0.3, 0.064, 2.0, 3) [0.16653455828434235 0.0019191637511783446 0.027668848463612932] 1
2021-09-25 22:51:26.719695 (1.0, 1000000.0, 15, 6.0, 0.3, 0.057, 2.0, 3) [0.17851609839208807 0.0012314669929081596 0.019406479808741408] 1
2021-09-25 22:52:01.937466 (1.0, 1000000.0, 15, 6.0, 0.3, 0.067, 2.0, 3) [0.16206540873818223 0.0011619667283834303 0.031589350551307627] 1
2021-09-25 22:53:31.001208 (1.0, 1000000.0, 15, 6.0, 0.3, 0.054, 2.0, 3) [0.18287700704359794 0.0017933524364950233 0.017001499940193895] 1
2021-09-25 22:59:14.886805 (1.0, 1000000.0, 15, 6.0, 0.3, 0.055, 2.0, 3) [0.1815509406496352 0.0026097620075194645 0.017717844156641644] 1
2021-09-26 03:38:12.112190 (1.0, 1000000.0, 11, 6.0, 0.3, 0.06, 2.0, 3) [0.23806346425380606 0.0025174759825355711 0.021958585605900791] 1
2021-09-26 03:40:24.766029 (1.0, 1000000.0, 11, 6.0, 0.3, 0.054, 2.0, 3) [0.24731829968864283 0.0017191935449709624 0.017927545750807378] 1
2021-09-26 03:42:01.275034 (1.0, 1000000.0, 11, 6.0, 0.3, 0.059, 2.0, 3) [0.23908228954578478 0.002057724807827877 0.021461637634433595] 1
2021-09-26 03:43:19.443672 (1.0, 1000000.0, 11, 6.0, 0.3, 0.055, 2.0, 3) [0.24550088781773674 0.0014203799253871775 0.018662682076342977] 1
2021-09-26 03:43:42.435333 (1.0, 1000000.0, 11, 6.0, 0.3, 0.063, 2.0, 3) [0.2324505570001249 0.0016108907914239687 0.024772782618495352] 1
2021-09-26 04:21:16.349875 (1.0, 1000000.0, 13, 6.0, 0.3, 0.061, 2.0, 3) [0.19970440953355534 0.0018654338424711498 0.02286934530981697] 1
2021-09-26 04:21:37.726608 (1.0, 1000000.0, 13, 6.0, 0.3, 0.054, 2.0, 3) [0.2124514804178965 0.0020657453425169401 0.016477187630023926] 1
2021-09-26 04:22:41.448743 (1.0, 1000000.0, 13, 6.0, 0.3, 0.063, 2.0, 3) [0.19513450832689108 0.0015420938126471627 0.025682238858524629] 1
2021-09-26 05:42:10.556886 (1.0, 600000.0, 15, 6.0, 0.3, 0.02, 2.0, 3) [0.24491450754086622 0.0013393436017545746 0.002674429915727923] 1
2021-09-26 05:53:15.478768 (1.0, 600000.0, 15, 6.0, 0.3, 0.09, 2.0, 3) [0.13129536932318941 0.0016429564503797991 0.078050446558974085] 1
2021-09-26 05:57:32.721564 (1.0, 600000.0, 15, 6.0, 0.3, 0.06, 2.0, 3) [0.17280026991643951 0.001524007765319127 0.022964651821149186] 1
2021-09-26 06:00:41.761624 (1.0, 600000.0, 15, 6.0, 0.3, 0.05, 2.0, 3) [0.19014763570695228 0.0021325082917773731 0.013710061491596606] 1
2021-09-26 06:01:07.223555 (1.0, 600000.0, 15, 6.0, 0.3, 0.03, 2.0, 3) [0.22432269583344372 0.0015697505725638552 0.0049414153580040598] 1
2021-09-26 06:02:15.646480 (1.0, 600000.0, 15, 6.0, 0.3, 0.0, 2.0, 3) [0.2881749516517129 0.0027378012313306259 0.00073695118463391971] 1
2021-09-26 07:59:11.839486 (1.0, 1000000.0, 14, 6.0, 0.3, 0.066, 2.0, 3) [0.17681411843843037 0.0020792208848701109 0.028981134685979033] 1
2021-09-26 08:01:41.275329 (1.0, 1000000.0, 14, 6.0, 0.3, 0.055, 2.0, 3) [0.1942099966096646 0.0019364373214785587 0.017897895148536128] 1
2021-09-26 08:16:49.065959 (1.0, 1000000.0, 14, 6.0, 0.3, 0.061, 2.0, 3) [0.18355157370602737 0.0010649501177012256 0.024025351796337212] 1
2021-09-26 08:18:04.428191 (1.0, 1000000.0, 14, 6.0, 0.3, 0.069, 2.0, 3) [0.17223295809674474 0.0020521753668164108 0.032902037704834131] 1
2021-09-26 08:20:44.870881 (1.0, 1000000.0, 14, 6.0, 0.3, 0.05, 2.0, 3) [0.20360065771152588 0.0019794056962763856 0.013782609541437531] 1
2021-09-26 08:20:45.828503 (1.0, 1000000.0, 14, 6.0, 0.3, 0.067, 2.0, 3) [0.1749830588050025 0.0011915250939575938 0.030462333020785264] 1
2021-09-26 11:18:05.613182 (1.0, 1000000.0, 12, 6.0, 0.3, 0.066, 2.0, 3) [0.20877811579284422 0.0014914218521412644 0.027420011035089009] 1
2021-09-26 11:30:41.932189 (1.0, 1000000.0, 12, 6.0, 0.3, 0.058, 2.0, 3) [0.22047012519064338 0.0021609098325144154 0.020743449533996532] 1
2021-09-26 11:35:26.383375 (1.0, 1000000.0, 12, 6.0, 0.3, 0.052, 2.0, 3) [0.23070041448237028 0.0011844417648785815 0.016272907855489998] 1
2021-09-26 11:35:55.649807 (1.0, 1000000.0, 12, 6.0, 0.3, 0.054, 2.0, 3) [0.22739996293932138 0.0013947399833674507 0.017611865889273302] 1
2021-09-26 11:36:28.480643 (1.0, 1000000.0, 12, 6.0, 0.3, 0.057, 2.0, 3) [0.2226461702592018 0.0012746236516491621 0.019724673021770618] 1
2021-09-26 11:57:29.262252 (1.0, 600000.0, 18, 6.0, 0.3, 0.1, 2.0, 3) [0.09119531676989888 0.0015596007562719476 0.14559054328273882] 1
2021-09-26 11:58:22.765289 (1.0, 600000.0, 18, 6.0, 0.3, 0.02, 2.0, 3) [0.2149211037454882 0.0016190052697388551 0.0018047966200053192] 1
2021-09-26 12:03:01.704986 (1.0, 600000.0, 18, 6.0, 0.3, 0.08, 2.0, 3) [0.11489903341827089 0.0013527337072136456 0.064203331491298504] 1
2021-09-26 12:05:31.961689 (1.0, 600000.0, 18, 6.0, 0.3, 0.07, 2.0, 3) [0.12840982347832006 0.0019996657130724768 0.039877137629837398] 1
2021-09-26 12:09:01.842393 (1.0, 600000.0, 18, 6.0, 0.3, 0.06, 2.0, 3) [0.14440104602578097 0.0023555874859925246 0.022612241090440209] 1
2021-09-26 12:14:07.768686 (1.0, 600000.0, 18, 6.0, 0.3, 0.09, 2.0, 3) [0.10097808989097927 0.0028650143878651427 0.10408010041091367] 1
2021-09-26 16:40:51.520187 (1.0, 1000000.0, 15, 6.0, 0.3, 0.052, 2.0, 3) [0.1864554389002429 0.0014448474051785829 0.015309959447665443] 1
2021-09-26 16:41:32.408364 (1.0, 1000000.0, 15, 6.0, 0.3, 0.066, 2.0, 3) [0.1665618375655618 0.0014706043225193469 0.027723440504060386] 1
2021-09-26 16:51:19.431732 (1.0, 1000000.0, 15, 6.0, 0.3, 0.053, 2.0, 3) [0.18443991451112307 0.0015227805616759677 0.016249543615341727] 1
2021-09-26 16:51:33.364750 (1.0, 1000000.0, 15, 6.0, 0.3, 0.063, 2.0, 3) [0.16915069538123226 0.0017687097874161161 0.025626092580481461] 1
2021-09-26 16:57:37.819263 (1.0, 1000000.0, 15, 6.0, 0.3, 0.068, 2.0, 3) [0.16081768204506272 0.0012244661320055911 0.032757100468653405] 1
2021-09-26 17:02:42.001664 (1.0, 1000000.0, 15, 6.0, 0.3, 0.062, 2.0, 3) [0.1698327982776207 0.00090454604028235601 0.025089326137398889] 1
2021-09-26 17:08:22.547089 (1.0, 1000000.0, 15, 6.0, 0.3, 0.06, 2.0, 3) [0.17447002756499919 0.00082293562910014449 0.021891822203608489] 1
2021-09-26 17:09:42.573989 (1.0, 1000000.0, 15, 6.0, 0.3, 0.07, 2.0, 3) [0.1578580105620153 0.0024360905563475233 0.035728842032828403] 1
2021-09-26 20:16:13.170010 (1.0, 600000.0, 16, 6.0, 0.3, 0.02, 2.0, 3) [0.23525902614743352 0.0023246542972674817 0.0022326669872101785] 1
2021-09-26 20:18:06.257441 (1.0, 600000.0, 16, 6.0, 0.3, 0.0, 2.0, 3) [0.27514781346232 0.0019485018897141999 0.00062592772345583894] 1
2021-09-26 20:30:33.051908 (1.0, 600000.0, 16, 6.0, 0.3, 0.01, 2.0, 3) [0.2547951478233823 0.0017234440283259245 0.0011977004820392381] 1
2021-09-26 20:30:36.722958 (1.0, 600000.0, 16, 6.0, 0.3, 0.04, 2.0, 3) [0.19676433993397277 0.0025256431568899001 0.0076124054156232242] 1
2021-09-26 20:31:59.354946 (1.0, 600000.0, 16, 6.0, 0.3, 0.07, 2.0, 3) [0.14646039506832906 0.001439947533428462 0.037470414914324186] 1
2021-09-26 20:36:38.071795 (1.0, 600000.0, 16, 6.0, 0.3, 0.08, 2.0, 3) [0.1320122743061476 0.0018722732395921237 0.058919668430319823] 1
2021-09-27 04:10:28.780507 (1.0, 600000.0, 17, 6.0, 0.3, 0.04, 2.0, 3) [0.1864536644731285 0.0017406165728943515 0.007277141491435872] 1
2021-09-27 04:19:19.848581 (1.0, 600000.0, 17, 6.0, 0.3, 0.02, 2.0, 3) [0.2237397380905741 0.0017742379168598323 0.0020573748615819246] 1
2021-09-27 04:24:21.020719 (1.0, 600000.0, 17, 6.0, 0.3, 0.1, 2.0, 3) [0.09844937651048091 0.002172140310281373 0.13707219413764088] 1
2021-09-27 04:30:07.105071 (1.0, 600000.0, 17, 6.0, 0.3, 0.09, 2.0, 3) [0.11109766212568924 0.0012456575625156647 0.090862215558447645] 1
2021-09-27 04:30:36.222662 (1.0, 600000.0, 17, 6.0, 0.3, 0.07, 2.0, 3) [0.13618776606550756 0.0011850904393813945 0.039539248304785397] 1
