2021-11-01 18:02:08.182416 (1.0, 1000000.0, 8, 16.0, 0.3, 0.69, 0.0, 3) [0.38402556657881526 0.0018359303615677078 0.0088800641305018888] 1
2021-11-01 18:02:47.558421 (1.0, 1000000.0, 8, 16.0, 0.3, 0.75, 0.0, 3) [0.33899667728653027 0.00162457631093953 0.018291998291737738] 1
2021-11-01 18:03:25.214534 (1.0, 1000000.0, 8, 16.0, 0.3, 0.76, 0.0, 3) [0.3339677372736772 0.0021314118290920512 0.019831193821568987] 1
2021-11-01 18:03:49.926932 (1.0, 1000000.0, 8, 16.0, 0.3, 0.82, 0.0, 3) [0.29663373285435735 0.0011305219069923749 0.036057065201834465] 1
2021-11-01 18:04:10.821248 (1.0, 1000000.0, 8, 16.0, 0.3, 0.81, 0.0, 3) [0.30144319859025714 0.0015001223539940589 0.033365424013004165] 1
2021-11-01 18:04:16.985272 (1.0, 1000000.0, 8, 16.0, 0.3, 0.66, 0.0, 3) [0.41072051639710555 0.0017615764180791377 0.0057958900073061424] 1
2021-11-01 18:27:07.132812 (1.0, 1000000.0, 9, 16.0, 0.3, 0.68, 0.0, 3) [0.3564211679343662 0.002027652988336934 0.0067606644849777728] 1
2021-11-01 18:28:31.657159 (1.0, 1000000.0, 9, 16.0, 0.3, 0.7, 0.0, 3) [0.33858948519772447 0.0018485369186911843 0.0093123359308154661] 1
2021-11-01 18:29:20.306154 (1.0, 1000000.0, 9, 16.0, 0.3, 0.85, 0.0, 3) [0.24696649241076887 0.0019173605412785692 0.04841061178122625] 1
2021-11-01 18:29:25.526263 (1.0, 1000000.0, 9, 16.0, 0.3, 0.78, 0.0, 3) [0.2836067406408368 0.0016019481834173999 0.025070182873011999] 1
2021-11-01 18:30:15.462429 (1.0, 1000000.0, 9, 16.0, 0.3, 0.8, 0.0, 3) [0.2732375708656261 0.00094714282897083934 0.030220039760646508] 1
2021-11-01 18:30:46.580306 (1.0, 1000000.0, 9, 16.0, 0.3, 0.84, 0.0, 3) [0.25292356603702554 0.0015543769866407031 0.043577754539181369] 1
2021-11-01 19:22:08.783839 (1.0, 1000000.0, 10, 16.0, 0.3, 0.75, 0.0, 3) [0.27379071314103715 0.0030754052537522304 0.017259915543419536] 1
2021-11-01 19:23:20.831377 (1.0, 1000000.0, 10, 16.0, 0.3, 0.83, 0.0, 3) [0.23085810690510017 0.0013016157846740958 0.040715902601226532] 1
2021-11-01 19:23:43.784138 (1.0, 1000000.0, 10, 16.0, 0.3, 0.67, 0.0, 3) [0.33201015055316035 0.002095680948960856 0.0053799814770392387] 1
2021-11-01 19:24:42.727432 (1.0, 1000000.0, 10, 16.0, 0.3, 0.68, 0.0, 3) [0.3241594945531994 0.0020815141914459672 0.0062984876959228187] 1
2021-11-01 19:25:10.600950 (1.0, 1000000.0, 10, 16.0, 0.3, 0.84, 0.0, 3) [0.22503800032591403 0.001506776593678242 0.045619258275338477] 1
2021-11-01 19:25:28.449436 (1.0, 1000000.0, 10, 16.0, 0.3, 0.72, 0.0, 3) [0.2954271999793842 0.001623774945466104 0.011199329475185432] 1
2021-11-01 19:58:44.805491 (1.0, 1000000.0, 8, 16.0, 0.3, 0.74, 0.0, 3) [0.3453166813575755 0.001297010823348712 0.01650349524088526] 1
2021-11-01 19:59:19.305359 (1.0, 1000000.0, 8, 16.0, 0.3, 0.85, 0.0, 3) [0.28087019857014345 0.001476994742088781 0.046334873081699902] 1
2021-11-01 20:00:50.313071 (1.0, 1000000.0, 8, 16.0, 0.3, 0.77, 0.0, 3) [0.32561060960742083 0.0028012343365796583 0.022657360842884326] 1
2021-11-01 20:01:15.592725 (1.0, 1000000.0, 8, 16.0, 0.3, 0.68, 0.0, 3) [0.3938117990250666 0.0022039964867530287 0.0076044833698401728] 1
2021-11-01 20:01:17.326577 (1.0, 1000000.0, 8, 16.0, 0.3, 0.84, 0.0, 3) [0.28561742892767583 0.0020003140458597119 0.042952389177611218] 1
2021-11-01 20:01:48.946543 (1.0, 1000000.0, 8, 16.0, 0.3, 0.71, 0.0, 3) [0.3693420760869538 0.0029213036517051019 0.0112548015677768] 1
2021-11-01 20:02:34.596359 (1.0, 1000000.0, 8, 16.0, 0.3, 0.79, 0.0, 3) [0.3143753801533014 0.0018817191992000011 0.02714692690362595] 1
2021-11-01 20:02:36.505981 (1.0, 1000000.0, 8, 16.0, 0.3, 0.65, 0.0, 3) [0.420079287182982 0.0014208653016170869 0.004985690742988217] 1
2021-11-01 20:15:36.683035 (1.0, 1000000.0, 11, 16.0, 0.3, 0.68, 0.0, 3) [0.29965966539134975 0.0017538578145835629 0.0056379832082287243] 1
2021-11-01 20:16:41.311541 (1.0, 1000000.0, 11, 16.0, 0.3, 0.73, 0.0, 3) [0.26323195126174126 0.0012805718863891878 0.012565982106106334] 1
2021-11-01 20:17:23.115279 (1.0, 1000000.0, 11, 16.0, 0.3, 0.69, 0.0, 3) [0.29199882975563834 0.0018085546419163467 0.0066700199129715535] 1
2021-11-01 20:17:29.860031 (1.0, 1000000.0, 11, 16.0, 0.3, 0.82, 0.0, 3) [0.2108182111686049 0.0012882070322731455 0.039724455964769201] 1
2021-11-01 20:18:26.048049 (1.0, 1000000.0, 11, 16.0, 0.3, 0.8, 0.0, 3) [0.22197658578526458 0.0029116799665183891 0.031089621951798194] 1
2021-11-01 20:18:32.421714 (1.0, 1000000.0, 11, 16.0, 0.3, 0.78, 0.0, 3) [0.23180406500168083 0.0019669266716280526 0.025088980432901215] 1
2021-11-01 20:18:58.916004 (1.0, 1000000.0, 11, 16.0, 0.3, 0.85, 0.0, 3) [0.19874654117205032 0.0013568512743120677 0.051738851922216146] 1
2021-11-01 21:01:51.207685 (1.0, 1000000.0, 9, 16.0, 0.3, 0.71, 0.0, 3) [0.33256242980909234 0.0016703130479867037 0.010398216813186995] 1
2021-11-01 21:01:53.471798 (1.0, 1000000.0, 9, 16.0, 0.3, 0.65, 0.0, 3) [0.3829996232596713 0.0012631374015127505 0.0041865454774112068] 1
2021-11-01 21:02:32.789354 (1.0, 1000000.0, 9, 16.0, 0.3, 0.75, 0.0, 3) [0.303127219599451 0.0024524276200526616 0.017653118697364526] 1
2021-11-01 21:03:44.714098 (1.0, 1000000.0, 9, 16.0, 0.3, 0.74, 0.0, 3) [0.31174430687641796 0.0022653159909686096 0.01512785491870668] 1
2021-11-01 21:03:55.335685 (1.0, 1000000.0, 9, 16.0, 0.3, 0.69, 0.0, 3) [0.347744362939767 0.0018572093924275979 0.0079045760332631665] 1
2021-11-01 21:04:02.670221 (1.0, 1000000.0, 9, 16.0, 0.3, 0.76, 0.0, 3) [0.296570916832651 0.0017162755696347595 0.019856352289164665] 1
2021-11-01 21:12:29.106723 (1.0, 1000000.0, 9, 16.0, 0.3, 0.79, 0.0, 3) [0.2790698253883896 0.0013714976480819355 0.027225610345046756] 1
2021-11-01 21:13:13.030839 (1.0, 1000000.0, 12, 16.0, 0.3, 0.67, 0.0, 3) [0.2870996682743367 0.0018681342109400632 0.0041767109904749895] 1
2021-11-01 21:14:14.640231 (1.0, 1000000.0, 9, 16.0, 0.3, 0.77, 0.0, 3) [0.2898237580174273 0.0023052523565654814 0.022426552800708537] 1
2021-11-01 21:16:44.072691 (1.0, 1000000.0, 12, 16.0, 0.3, 0.65, 0.0, 3) [0.30534316129464856 0.0014878239415111625 0.0026964324779971847] 1
2021-11-01 21:16:50.110717 (1.0, 1000000.0, 12, 16.0, 0.3, 0.69, 0.0, 3) [0.2706536288652043 0.0022356024825195666 0.0061991075235453448] 1
2021-11-01 21:17:11.863409 (1.0, 1000000.0, 12, 16.0, 0.3, 0.7, 0.0, 3) [0.26308615355293075 0.0022218095214477825 0.0074323633547849427] 1
2021-11-01 21:17:19.563172 (1.0, 1000000.0, 12, 16.0, 0.3, 0.68, 0.0, 3) [0.28005113989298863 0.0020406918525342427 0.004954264793669538] 1
2021-11-01 21:17:27.134048 (1.0, 1000000.0, 12, 16.0, 0.3, 0.8, 0.0, 3) [0.20312899658671016 0.0013165987182785263 0.031345726160266561] 1
2021-11-01 21:17:29.807163 (1.0, 1000000.0, 12, 16.0, 0.3, 0.66, 0.0, 3) [0.29535387786357564 0.0011402802381354235 0.0034258017934952183] 1
2021-11-01 21:19:28.607572 (1.0, 1000000.0, 12, 16.0, 0.3, 0.77, 0.0, 3) [0.2174395606113239 0.0016617061834269405 0.022225017653991645] 1
2021-11-01 21:19:43.500410 (1.0, 1000000.0, 12, 16.0, 0.3, 0.73, 0.0, 3) [0.24234285497306657 0.0022844812735365967 0.012230341300529432] 1
2021-11-01 21:20:46.485977 (1.0, 1000000.0, 12, 16.0, 0.3, 0.75, 0.0, 3) [0.23012314935799982 0.0012219564372448991 0.016421541534807401] 1
2021-11-01 22:21:43.605419 (1.0, 1000000.0, 10, 16.0, 0.3, 0.65, 0.0, 3) [0.3527408775786092 0.0023480526713943331 0.0035581571386420659] 1
2021-11-01 22:22:11.225859 (1.0, 1000000.0, 10, 16.0, 0.3, 0.69, 0.0, 3) [0.31755997471170494 0.0011607538363569937 0.0071918882933981803] 1
2021-11-01 22:23:39.739465 (1.0, 1000000.0, 10, 16.0, 0.3, 0.79, 0.0, 3) [0.24870924985194265 0.0016201891117940492 0.028446182903613417] 1
2021-11-01 22:24:25.099904 (1.0, 1000000.0, 13, 16.0, 0.3, 0.67, 0.0, 3) [0.26805529054702826 0.0028788023784896699 0.0038522470152757152] 1
2021-11-01 22:25:06.134788 (1.0, 1000000.0, 10, 16.0, 0.3, 0.82, 0.0, 3) [0.23428003982489873 0.0012800020604580534 0.037987935783724024] 1
2021-11-01 22:25:46.636571 (1.0, 1000000.0, 10, 16.0, 0.3, 0.73, 0.0, 3) [0.2884864321308591 0.0014723218825608607 0.012869458684275248] 1
2021-11-01 22:26:33.172781 (1.0, 1000000.0, 10, 16.0, 0.3, 0.85, 0.0, 3) [0.22029470772714688 0.0018192562400744536 0.050174756944525167] 1
2021-11-01 22:29:03.026877 (1.0, 1000000.0, 10, 16.0, 0.3, 0.74, 0.0, 3) [0.2818026162778624 0.0014077744911961711 0.014718052405905154] 1
2021-11-01 22:29:04.910649 (1.0, 1000000.0, 10, 16.0, 0.3, 0.8, 0.0, 3) [0.2453215212423704 0.0016375173057754406 0.030523219805821483] 1
2021-11-01 22:29:19.654628 (1.0, 1000000.0, 13, 16.0, 0.3, 0.7, 0.0, 3) [0.24527300054241663 0.0014601543625035324 0.0069702079240584486] 1
2021-11-01 22:29:41.338088 (1.0, 1000000.0, 13, 16.0, 0.3, 0.81, 0.0, 3) [0.18079868985928146 0.0018013681546086161 0.037177235985606932] 1
2021-11-01 22:30:16.019378 (1.0, 1000000.0, 13, 16.0, 0.3, 0.85, 0.0, 3) [0.16362195758092152 0.0012368286757667147 0.057794945435099769] 1
2021-11-01 22:31:00.631024 (1.0, 1000000.0, 13, 16.0, 0.3, 0.73, 0.0, 3) [0.2240468150309108 0.0014027400185984782 0.012098047675298236] 1
2021-11-02 00:22:22.975703 (1.0, 1000000.0, 11, 16.0, 0.3, 0.79, 0.0, 3) [0.22724459385592344 0.0020932356152528111 0.027716674652342396] 1
2021-11-02 00:22:45.126939 (1.0, 1000000.0, 11, 16.0, 0.3, 0.76, 0.0, 3) [0.24212013408737096 0.0013863234482628384 0.019961907226835135] 1
2021-11-02 00:36:38.949585 (1.0, 1000000.0, 11, 16.0, 0.3, 0.75, 0.0, 3) [0.24915144211390516 0.0013294398493993557 0.017126000673092154] 1
2021-11-02 00:37:08.192349 (1.0, 1000000.0, 11, 16.0, 0.3, 0.81, 0.0, 3) [0.21655988457325165 0.0011088335442877321 0.035032675202969009] 1
2021-11-02 01:34:16.011150 (1.0, 1000000.0, 14, 16.0, 0.3, 0.75, 0.0, 3) [0.1965511563683156 0.0014335912455978367 0.016660365215603729] 1
2021-11-02 01:37:14.454668 (1.0, 1000000.0, 14, 16.0, 0.3, 0.67, 0.0, 3) [0.25233683875788254 0.0017757834986887751 0.003497028088716562] 1
2021-11-02 01:38:56.589652 (1.0, 1000000.0, 14, 16.0, 0.3, 0.83, 0.0, 3) [0.15751061699708122 0.00072855614735374216 0.049450218137316974] 1
2021-11-02 03:37:56.875776 (1.0, 1000000.0, 15, 16.0, 0.3, 0.69, 0.0, 3) [0.22237423119529395 0.0015776649086642663 0.00518094599845648] 1
2021-11-02 03:43:36.853281 (1.0, 1000000.0, 15, 16.0, 0.3, 0.74, 0.0, 3) [0.18938937379062482 0.0016125840729071094 0.0139259672998404] 1
2021-11-02 03:48:59.051796 (1.0, 1000000.0, 15, 16.0, 0.3, 0.75, 0.0, 3) [0.18129414705178423 0.001645411861377333 0.017719095059826266] 1
2021-11-02 04:31:27.709558 (1.0, 1000000.0, 15, 16.0, 0.3, 0.72, 0.0, 3) [0.20113565004375614 0.0016318229046433674 0.0097853473174343772] 1
2021-11-02 04:33:47.243770 (1.0, 1000000.0, 15, 16.0, 0.3, 0.68, 0.0, 3) [0.23041121489830715 0.0019432661266387771 0.0040724694220608806] 1
2021-11-02 05:04:03.319011 (1.0, 1000000.0, 11, 16.0, 0.3, 0.65, 0.0, 3) [0.3247161112486677 0.0028922801636829722 0.0032444706674145027] 1
2021-11-02 05:05:54.443892 (1.0, 1000000.0, 11, 16.0, 0.3, 0.67, 0.0, 3) [0.3087433376446803 0.0019258890964586766 0.0046150110390377483] 1
2021-11-02 05:07:29.739102 (1.0, 1000000.0, 11, 16.0, 0.3, 0.7, 0.0, 3) [0.28384662172702096 0.0017442019081778633 0.0079840994033951191] 1
2021-11-02 05:08:12.079960 (1.0, 1000000.0, 13, 16.0, 0.3, 0.65, 0.0, 3) [0.28521721243401577 0.0014778782151879083 0.0024654517669054007] 1
2021-11-02 05:10:59.793085 (1.0, 1000000.0, 13, 16.0, 0.3, 0.84, 0.0, 3) [0.16690586274287914 0.0016310969277339949 0.053097516933491629] 1
2021-11-02 05:15:57.257688 (1.0, 1000000.0, 13, 16.0, 0.3, 0.74, 0.0, 3) [0.21749377204920453 0.001405126307587361 0.014347433711620153] 1
2021-11-02 05:16:14.316159 (1.0, 1000000.0, 13, 16.0, 0.3, 0.79, 0.0, 3) [0.1897924001778193 0.0018168384340089877 0.029435866165186047] 1
2021-11-02 05:17:36.410625 (1.0, 1000000.0, 8, 16.0, 0.3, 0.7, 0.0, 3) [0.3780171138272799 0.0029291333103590514 0.0097975593549702363] 1
2021-11-02 05:17:43.429912 (1.0, 1000000.0, 13, 16.0, 0.3, 0.78, 0.0, 3) [0.19507673265342007 0.0010536929505328705 0.025676629808569631] 1
2021-11-02 05:18:05.945213 (1.0, 1000000.0, 8, 16.0, 0.3, 0.72, 0.0, 3) [0.36026465286228126 0.0025841107757250004 0.012994279929470757] 1
2021-11-02 05:18:34.053112 (1.0, 1000000.0, 8, 16.0, 0.3, 0.83, 0.0, 3) [0.2911312330994533 0.0011671095566377588 0.039336091421929925] 1
2021-11-02 05:18:39.304808 (1.0, 1000000.0, 13, 16.0, 0.3, 0.76, 0.0, 3) [0.20519431384781572 0.003283810221741376 0.019739757185984322] 1
2021-11-02 05:18:41.433438 (1.0, 1000000.0, 8, 16.0, 0.3, 0.67, 0.0, 3) [0.400374735560033 0.0024979351674328703 0.0068334597666234844] 1
2021-11-02 05:19:10.182258 (1.0, 1000000.0, 8, 16.0, 0.3, 0.8, 0.0, 3) [0.30753978338515975 0.0016719523195392794 0.030248687998918729] 1
2021-11-02 05:19:39.859460 (1.0, 1000000.0, 8, 16.0, 0.3, 0.78, 0.0, 3) [0.31808111304799636 0.0024255456576833226 0.025521052498905916] 1
2021-11-02 05:19:45.338397 (1.0, 1000000.0, 8, 16.0, 0.3, 0.73, 0.0, 3) [0.3540343961535509 0.0022721383674855389 0.014386273102542313] 1
2021-11-02 05:21:29.551458 (1.0, 1000000.0, 13, 16.0, 0.3, 0.83, 0.0, 3) [0.17157308782199843 0.0018033656581501471 0.047115697540094363] 1
2021-11-02 05:21:45.471392 (1.0, 1000000.0, 13, 16.0, 0.3, 0.75, 0.0, 3) [0.21151887756455065 0.00098567484075609275 0.016763722013312866] 1
2021-11-02 08:11:03.649881 (1.0, 1000000.0, 16, 16.0, 0.3, 0.66, 0.0, 3) [0.2346449038237381 0.00098465693835383863 0.0022398769881233106] 1
2021-11-02 11:02:25.876391 (1.0, 1000000.0, 14, 16.0, 0.3, 0.71, 0.0, 3) [0.22211287524950046 0.0019906564422441995 0.0081517050827889549] 1
2021-11-02 11:05:16.762934 (1.0, 1000000.0, 14, 16.0, 0.3, 0.77, 0.0, 3) [0.1852154250808167 0.0017314935378045606 0.022853258052061187] 1
2021-11-02 11:13:42.436646 (1.0, 1000000.0, 14, 16.0, 0.3, 0.68, 0.0, 3) [0.2448150041602809 0.0011115217322021597 0.0043149306467285273] 1
2021-11-02 11:17:44.704767 (1.0, 1000000.0, 14, 16.0, 0.3, 0.7, 0.0, 3) [0.22946770533280106 0.0016866157979078403 0.0066317036540108724] 1
2021-11-02 11:18:58.318587 (1.0, 1000000.0, 14, 16.0, 0.3, 0.72, 0.0, 3) [0.2156911448896807 0.00096767129341234013 0.0097596711470394615] 1
2021-11-02 11:22:09.596192 (1.0, 1000000.0, 14, 16.0, 0.3, 0.76, 0.0, 3) [0.1907805801459021 0.0013524379897120631 0.019587601237416308] 1
2021-11-02 11:28:51.938552 (1.0, 1000000.0, 14, 16.0, 0.3, 0.85, 0.0, 3) [0.14942203629117287 0.0014226455466401511 0.061803724610366068] 1
2021-11-02 11:30:04.698361 (1.0, 1000000.0, 14, 16.0, 0.3, 0.81, 0.0, 3) [0.16645811166829638 0.0012835557730368201 0.038583469722946649] 1
2021-11-02 11:30:11.545005 (1.0, 1000000.0, 14, 16.0, 0.3, 0.8, 0.0, 3) [0.1705543923217659 0.001442830021819828 0.034431977431332812] 1
2021-11-02 11:30:32.382963 (1.0, 1000000.0, 14, 16.0, 0.3, 0.66, 0.0, 3) [0.2620469145949242 0.002332696297899796 0.0026655475636740826] 1
2021-11-02 11:31:45.017559 (1.0, 1000000.0, 14, 16.0, 0.3, 0.78, 0.0, 3) [0.17972709341930523 0.0029117648264000767 0.026626138466490232] 1
2021-11-02 11:34:57.453071 (1.0, 1000000.0, 14, 16.0, 0.3, 0.69, 0.0, 3) [0.23763310971765175 0.0013599951788259295 0.0052798136906484303] 1
2021-11-02 11:50:18.124616 (1.0, 1000000.0, 9, 16.0, 0.3, 0.73, 0.0, 3) [0.31674782711739263 0.0018965059490583763 0.013807985067331451] 1
2021-11-02 11:52:48.023670 (1.0, 1000000.0, 9, 16.0, 0.3, 0.83, 0.0, 3) [0.2570936788722381 0.0017052133008673236 0.040401939066615232] 1
2021-11-02 11:54:55.109580 (1.0, 1000000.0, 9, 16.0, 0.3, 0.66, 0.0, 3) [0.3737129521721974 0.0017794973760717153 0.0049432535329426526] 1
2021-11-02 11:56:29.123645 (1.0, 1000000.0, 9, 16.0, 0.3, 0.67, 0.0, 3) [0.3636397971885753 0.0013448945100228273 0.0059260863473730441] 1
2021-11-02 11:56:53.030986 (1.0, 1000000.0, 9, 16.0, 0.3, 0.81, 0.0, 3) [0.2667483180741704 0.0023694972909783663 0.033945923182166979] 1
2021-11-02 11:58:07.510006 (1.0, 1000000.0, 9, 16.0, 0.3, 0.72, 0.0, 3) [0.32456119820884755 0.0022813787848593114 0.0120006934228661] 1
2021-11-02 11:59:05.936345 (1.0, 1000000.0, 9, 16.0, 0.3, 0.82, 0.0, 3) [0.263823016267807 0.0019314602997423569 0.035817587808095096] 1
2021-11-02 12:42:32.909183 (1.0, 1000000.0, 10, 16.0, 0.3, 0.7, 0.0, 3) [0.3090335532774133 0.0033847949678237643 0.0085339640948236782] 1
2021-11-02 12:44:52.751868 (1.0, 1000000.0, 10, 16.0, 0.3, 0.78, 0.0, 3) [0.2551606299947225 0.00096205910049608359 0.02503069364234449] 1
2021-11-02 12:45:10.524569 (1.0, 1000000.0, 10, 16.0, 0.3, 0.66, 0.0, 3) [0.3417069756454891 0.0023089752546888213 0.004433988234365205] 1
2021-11-02 12:46:12.437852 (1.0, 1000000.0, 10, 16.0, 0.3, 0.77, 0.0, 3) [0.26280783303123784 0.0017507367060539754 0.021525499129180455] 1
2021-11-02 12:46:44.394237 (1.0, 1000000.0, 10, 16.0, 0.3, 0.76, 0.0, 3) [0.26882472071907487 0.0023765253407823936 0.019084014825547377] 1
2021-11-02 12:46:49.160717 (1.0, 1000000.0, 10, 16.0, 0.3, 0.81, 0.0, 3) [0.2400026601853777 0.001092210272254329 0.033918547579240559] 1
2021-11-02 12:46:57.872587 (1.0, 1000000.0, 10, 16.0, 0.3, 0.71, 0.0, 3) [0.30163834241174226 0.0011959271059256407 0.0098774239088742864] 1
2021-11-02 16:30:44.403207 (1.0, 1000000.0, 15, 16.0, 0.3, 0.67, 0.0, 3) [0.23880696236981402 0.0012690051322915225 0.0031656045487781248] 1
2021-11-02 16:33:07.958135 (1.0, 1000000.0, 15, 16.0, 0.3, 0.81, 0.0, 3) [0.15203484325809757 0.0013101016019355946 0.042429272057179737] 1
2021-11-02 16:34:03.363461 (1.0, 1000000.0, 15, 16.0, 0.3, 0.65, 0.0, 3) [0.25596473035138534 0.00097017907446336575 0.0018914755630170018] 1
2021-11-02 16:42:15.966559 (1.0, 1000000.0, 15, 16.0, 0.3, 0.85, 0.0, 3) [0.13869653836327003 0.0012109514771991843 0.06319808298414395] 1
2021-11-02 16:47:09.637546 (1.0, 1000000.0, 15, 16.0, 0.3, 0.66, 0.0, 3) [0.24620201458709995 0.0021526427868555761 0.0025332913763413322] 1
2021-11-02 16:49:34.019697 (1.0, 1000000.0, 15, 16.0, 0.3, 0.77, 0.0, 3) [0.17241843244372546 0.0012926588771267429 0.023131448028575027] 1
2021-11-02 16:49:44.797167 (1.0, 1000000.0, 15, 16.0, 0.3, 0.7, 0.0, 3) [0.21697200872101385 0.0017456483957831357 0.0060985354628807827] 1
2021-11-02 16:50:06.905676 (1.0, 1000000.0, 15, 16.0, 0.3, 0.82, 0.0, 3) [0.14931472083098474 0.0010614821311813445 0.046084313538705901] 1
2021-11-02 16:51:22.682565 (1.0, 1000000.0, 15, 16.0, 0.3, 0.8, 0.0, 3) [0.15817843871992732 0.0018364131014146573 0.035401869420565987] 1
2021-11-02 16:54:06.797319 (1.0, 1000000.0, 15, 16.0, 0.3, 0.73, 0.0, 3) [0.1975397619847503 0.0018938095545108168 0.010934174253489182] 1
2021-11-02 19:32:35.609688 (1.0, 1000000.0, 13, 16.0, 0.3, 0.66, 0.0, 3) [0.27615702605145714 0.0020513347125218793 0.0031185676210439693] 1
2021-11-02 19:34:54.176115 (1.0, 1000000.0, 13, 16.0, 0.3, 0.72, 0.0, 3) [0.2314903536313781 0.0013092583227286147 0.0099803004867031093] 1
2021-11-02 19:34:59.586803 (1.0, 1000000.0, 13, 16.0, 0.3, 0.68, 0.0, 3) [0.26098569811319117 0.0017113317754256987 0.0046330204108747186] 1
2021-11-02 19:34:59.613944 (1.0, 1000000.0, 13, 16.0, 0.3, 0.69, 0.0, 3) [0.253428397334795 0.0011319825087545453 0.0056392374309663503] 1
2021-11-02 19:35:00.243883 (1.0, 1000000.0, 13, 16.0, 0.3, 0.82, 0.0, 3) [0.17609422654048937 0.0010373119261447019 0.041948256857894946] 1
2021-11-02 19:35:37.290680 (1.0, 1000000.0, 13, 16.0, 0.3, 0.8, 0.0, 3) [0.1849192574005281 0.0013930877416110355 0.033368620146343668] 1
2021-11-02 19:37:46.148128 (1.0, 1000000.0, 13, 16.0, 0.3, 0.77, 0.0, 3) [0.1990634098560333 0.0015632727929552974 0.023118109625168443] 1
2021-11-02 19:38:37.584520 (1.0, 1000000.0, 13, 16.0, 0.3, 0.71, 0.0, 3) [0.23805867655620316 0.0013212715557521894 0.0084134612468926406] 1
2021-11-02 20:13:44.524829 (1.0, 1000000.0, 14, 16.0, 0.3, 0.84, 0.0, 3) [0.1542751754608054 0.0015529126019729696 0.054142391517959812] 1
2021-11-02 20:16:19.593246 (1.0, 1000000.0, 14, 16.0, 0.3, 0.65, 0.0, 3) [0.27081524664909845 0.0014663383786652732 0.0020855507944463831] 1
2021-11-02 20:16:50.571882 (1.0, 1000000.0, 14, 16.0, 0.3, 0.79, 0.0, 3) [0.17612052249271848 0.0013612031186152928 0.02947977009987288] 1
2021-11-02 20:18:20.307352 (1.0, 1000000.0, 14, 16.0, 0.3, 0.73, 0.0, 3) [0.2090750257479263 0.0012863332239072738 0.011748171359847756] 1
2021-11-02 20:19:54.174515 (1.0, 1000000.0, 14, 16.0, 0.3, 0.82, 0.0, 3) [0.16215823172223062 0.0016611716505336594 0.043473895462081732] 1
2021-11-02 20:22:02.670733 (1.0, 1000000.0, 14, 16.0, 0.3, 0.74, 0.0, 3) [0.2027412405924243 0.0023671652069701685 0.014029024871813159] 1
2021-11-02 23:06:17.107027 (1.0, 1000000.0, 11, 16.0, 0.3, 0.66, 0.0, 3) [0.31630426532807127 0.0011908624100729125 0.003905006561256997] 1
2021-11-02 23:08:27.929281 (1.0, 1000000.0, 11, 16.0, 0.3, 0.71, 0.0, 3) [0.2758196041158545 0.0015825733195808085 0.0095152694837370398] 1
2021-11-02 23:09:39.162540 (1.0, 1000000.0, 11, 16.0, 0.3, 0.83, 0.0, 3) [0.2066645661438886 0.0018324125406994777 0.043481009080414031] 1
2021-11-02 23:10:08.918039 (1.0, 1000000.0, 11, 16.0, 0.3, 0.72, 0.0, 3) [0.2689576827956264 0.0018351455946490961 0.011076837536967714] 1
2021-11-02 23:10:10.539025 (1.0, 1000000.0, 11, 16.0, 0.3, 0.77, 0.0, 3) [0.23756902632031507 0.00082129840626767427 0.022083669851733174] 1
2021-11-02 23:10:15.202710 (1.0, 1000000.0, 11, 16.0, 0.3, 0.84, 0.0, 3) [0.20272619698511637 0.0012391452547706175 0.047445782049324377] 1
2021-11-02 23:10:58.429704 (1.0, 1000000.0, 11, 16.0, 0.3, 0.74, 0.0, 3) [0.25596720248498406 0.0020608933916384303 0.014736317882434225] 1
2021-11-02 23:12:45.303053 (1.0, 1000000.0, 16, 16.0, 0.3, 0.75, 0.0, 3) [0.17182374573365608 0.0014659591790265874 0.016706959277640859] 1
2021-11-02 23:12:50.805640 (1.0, 1000000.0, 16, 16.0, 0.3, 0.84, 0.0, 3) [0.13140888167662101 0.0013920554506862111 0.060420110188943228] 1
2021-11-02 23:19:10.144336 (1.0, 1000000.0, 16, 16.0, 0.3, 0.73, 0.0, 3) [0.18403175956191856 0.0013273924802690207 0.011314569189971199] 1
2021-11-02 23:19:21.672522 (1.0, 1000000.0, 16, 16.0, 0.3, 0.7, 0.0, 3) [0.20237808057536397 0.0017250688000211753 0.0062876335692341268] 1
2021-11-02 23:22:03.809533 (1.0, 1000000.0, 16, 16.0, 0.3, 0.65, 0.0, 3) [0.24321593236862835 0.0016320950022975917 0.0017031342865764815] 1
2021-11-02 23:23:16.186448 (1.0, 1000000.0, 16, 16.0, 0.3, 0.67, 0.0, 3) [0.22716561940482566 0.0015810107061893567 0.0028470221214764112] 1
2021-11-02 23:23:42.445014 (1.0, 1000000.0, 16, 16.0, 0.3, 0.82, 0.0, 3) [0.1380607855142555 0.0015405284902528171 0.048846347424991846] 1
2021-11-02 23:23:44.807451 (1.0, 1000000.0, 16, 16.0, 0.3, 0.79, 0.0, 3) [0.15008230482803034 0.0015632250513951441 0.033378041265915925] 1
2021-11-02 23:24:22.655216 (1.0, 1000000.0, 16, 16.0, 0.3, 0.77, 0.0, 3) [0.16120156567702085 0.0020690647011105661 0.023442474132151486] 1
2021-11-02 23:25:29.517840 (1.0, 1000000.0, 16, 16.0, 0.3, 0.76, 0.0, 3) [0.16588555580502576 0.001688835214141606 0.020188953925667486] 1
2021-11-02 23:26:59.854330 (1.0, 1000000.0, 16, 16.0, 0.3, 0.78, 0.0, 3) [0.15482482779561946 0.001919542329405654 0.028700359698214384] 1
2021-11-02 23:27:07.268430 (1.0, 1000000.0, 16, 16.0, 0.3, 0.81, 0.0, 3) [0.14213430605326724 0.00095445486183956465 0.042965501592677494] 1
2021-11-02 23:27:08.093615 (1.0, 1000000.0, 16, 16.0, 0.3, 0.74, 0.0, 3) [0.17850975882429002 0.0011838669907521374 0.013501396233511312] 1
2021-11-02 23:27:13.728589 (1.0, 1000000.0, 16, 16.0, 0.3, 0.71, 0.0, 3) [0.19579058877122993 0.0013268709273960731 0.007765446105467185] 1
2021-11-02 23:33:27.422977 (1.0, 1000000.0, 16, 16.0, 0.3, 0.83, 0.0, 3) [0.1333650423026194 0.0010269426190086081 0.056567648063462934] 1
2021-11-02 23:37:55.566939 (1.0, 1000000.0, 16, 16.0, 0.3, 0.69, 0.0, 3) [0.21254594572611782 0.0026839035661332606 0.0045498746772944694] 1
2021-11-02 23:38:32.503348 (1.0, 1000000.0, 16, 16.0, 0.3, 0.68, 0.0, 3) [0.21858820024845987 0.0016414077694891346 0.0037449828791889118] 1
2021-11-02 23:39:17.206616 (1.0, 1000000.0, 16, 16.0, 0.3, 0.72, 0.0, 3) [0.18949220057479713 0.0016412204496726104 0.0095057548491134514] 1
2021-11-02 23:41:34.101228 (1.0, 1000000.0, 16, 16.0, 0.3, 0.85, 0.0, 3) [0.12826213261702077 0.0012046707407415871 0.066636788405295869] 1
2021-11-02 23:43:19.198943 (1.0, 1000000.0, 16, 16.0, 0.3, 0.8, 0.0, 3) [0.14734130467500733 0.0011867448358312456 0.036477004118575955] 1
2021-11-04 01:50:22.787276 (1.0, 1000000.0, 12, 16.0, 0.3, 0.76, 0.0, 3) [0.22292165828066016 0.0024939886543631296 0.019480476404944685] 1
2021-11-04 01:50:38.284927 (1.0, 1000000.0, 12, 16.0, 0.3, 0.78, 0.0, 3) [0.2111390663875954 0.0013595746511498295 0.0258050544519711] 1
2021-11-04 01:53:03.113541 (1.0, 1000000.0, 12, 16.0, 0.3, 0.85, 0.0, 3) [0.17906096467443222 0.0024111201466318253 0.055434422192803361] 1
2021-11-04 01:55:56.152753 (1.0, 1000000.0, 12, 16.0, 0.3, 0.81, 0.0, 3) [0.19763611142778748 0.0017279314453578364 0.035684103320692856] 1
2021-11-04 01:57:05.137889 (1.0, 1000000.0, 12, 16.0, 0.3, 0.74, 0.0, 3) [0.235418606638468 0.0025901903645004997 0.014433585195098169] 1
2021-11-04 01:57:17.822096 (1.0, 1000000.0, 12, 16.0, 0.3, 0.72, 0.0, 3) [0.2486488533115795 0.0021472903729638439 0.010510621376213752] 1
2021-11-04 01:57:50.312941 (1.0, 1000000.0, 12, 16.0, 0.3, 0.79, 0.0, 3) [0.2073382138403671 0.0019032283652762952 0.028291813240030252] 1
2021-11-04 01:59:45.412901 (1.0, 1000000.0, 12, 16.0, 0.3, 0.82, 0.0, 3) [0.19218067035798173 0.0020153431360303837 0.040617433744936038] 1
2021-11-04 02:00:39.226662 (1.0, 1000000.0, 12, 16.0, 0.3, 0.71, 0.0, 3) [0.2568463453989118 0.0012906978367948447 0.0086414841503697406] 1
2021-11-04 02:01:03.078875 (1.0, 1000000.0, 12, 16.0, 0.3, 0.83, 0.0, 3) [0.18809063778026117 0.001804566340450715 0.044819038075749155] 1
2021-11-04 02:02:03.887053 (1.0, 1000000.0, 12, 16.0, 0.3, 0.84, 0.0, 3) [0.18499385242633445 0.0016108654822409394 0.048340565628709802] 1
2021-11-04 11:47:01.832032 (1.0, 1000000.0, 15, 16.0, 0.3, 0.76, 0.0, 3) [0.17683621372467712 0.00080382720382057773 0.020263837474071299] 1
2021-11-04 11:48:16.820926 (1.0, 1000000.0, 15, 16.0, 0.3, 0.83, 0.0, 3) [0.14412861779053318 0.0011936757866942065 0.053679928809604809] 1
2021-11-04 11:48:47.681786 (1.0, 1000000.0, 15, 16.0, 0.3, 0.79, 0.0, 3) [0.16210678938415632 0.0018585046462804365 0.031488721132048925] 1
2021-11-04 11:48:57.290741 (1.0, 1000000.0, 15, 16.0, 0.3, 0.71, 0.0, 3) [0.20915272104886265 0.0019622410318257512 0.0077037784718861227] 1
2021-11-04 11:50:48.967875 (1.0, 1000000.0, 15, 16.0, 0.3, 0.78, 0.0, 3) [0.1677779081621094 0.0018518261026463673 0.026581889097333757] 1
2021-11-04 11:50:50.434299 (1.0, 1000000.0, 15, 16.0, 0.3, 0.84, 0.0, 3) [0.1424301274296303 0.0018640470018715907 0.056596583524696265] 1
