2021-08-26 10:43:00.632154 (1.0, 1000000.0, 6, 16.0, 0.3, 0.84, 6.0, 3) [0.43877182548518157 1.6795327649058456] 1
2021-08-26 10:44:01.500609 (1.0, 1000000.0, 6, 16.0, 0.3, 0.77, 6.0, 3) [0.49617179125714994 1.6878181562513737] 1
2021-08-26 10:44:11.418692 (1.0, 1000000.0, 6, 16.0, 0.3, 0.7, 6.0, 3) [0.5628152452813677 1.6988210258108514] 1
2021-08-26 10:44:24.296353 (1.0, 1000000.0, 6, 16.0, 0.3, 0.85, 6.0, 3) [0.4329143893868466 1.679988581170768] 1
2021-08-26 10:44:27.375548 (1.0, 1000000.0, 6, 16.0, 0.3, 0.83, 6.0, 3) [0.44721834565335694 1.6794928866421512] 1
2021-08-26 11:03:07.672014 (1.0, 1000000.0, 7, 16.0, 0.3, 0.9, 6.0, 3) [0.3443348469586749 1.680412322881482] 1
2021-08-26 11:03:54.383900 (1.0, 1000000.0, 7, 16.0, 0.3, 0.74, 6.0, 3) [0.460762657886927 1.7016255406022243] 1
2021-08-26 11:04:15.032063 (1.0, 1000000.0, 7, 16.0, 0.3, 0.81, 6.0, 3) [0.40344199440711037 1.6944747457569314] 1
2021-08-26 11:04:52.929070 (1.0, 1000000.0, 7, 16.0, 0.3, 0.7, 6.0, 3) [0.5008652889194952 1.7083707797278791] 1
2021-08-26 11:05:16.689301 (1.0, 1000000.0, 7, 16.0, 0.3, 0.79, 6.0, 3) [0.41795880478743386 1.6954170531936981] 1
2021-08-26 11:33:26.139679 (1.0, 1000000.0, 8, 16.0, 0.3, 0.74, 6.0, 3) [0.4143407624212627 1.7099046429631923] 1
2021-08-26 11:33:56.986250 (1.0, 1000000.0, 8, 16.0, 0.3, 0.81, 6.0, 3) [0.35941050356548926 1.7012738028839991] 1
2021-08-26 11:34:17.367766 (1.0, 1000000.0, 8, 16.0, 0.3, 0.83, 6.0, 3) [0.34395781436819794 1.6972131028663819] 1
2021-08-26 11:36:02.656767 (1.0, 1000000.0, 8, 16.0, 0.3, 0.89, 6.0, 3) [0.30889580492100244 1.6909980055822558] 1
2021-08-26 11:58:29.046498 (1.0, 1000000.0, 6, 16.0, 0.3, 0.75, 6.0, 3) [0.5134286651325534 1.6934228219525711] 1
2021-08-26 11:58:53.735385 (1.0, 1000000.0, 6, 16.0, 0.3, 0.9, 6.0, 3) [0.39812722403191253 1.6733514262680798] 1
2021-08-26 12:03:08.666962 (1.0, 1000000.0, 6, 16.0, 0.3, 0.86, 6.0, 3) [0.4255284011439427 1.6775399896113903] 1
2021-08-26 12:03:15.801320 (1.0, 1000000.0, 6, 16.0, 0.3, 0.79, 6.0, 3) [0.47972124477328076 1.6864542108856677] 1
2021-08-26 12:06:58.152176 (1.0, 1000000.0, 6, 16.0, 0.3, 0.82, 6.0, 3) [0.4556735377480374 1.6817300726354254] 1
2021-08-26 12:07:45.212147 (1.0, 1000000.0, 6, 16.0, 0.3, 0.71, 6.0, 3) [0.5533283598621606 1.6952029071481514] 1
2021-08-26 12:17:40.026257 (1.0, 1000000.0, 9, 16.0, 0.3, 0.88, 6.0, 3) [0.2782768780928563 1.6961838276011862] 1
2021-08-26 12:19:43.991229 (1.0, 1000000.0, 9, 16.0, 0.3, 0.77, 6.0, 3) [0.35338370828254456 1.7098928705216978] 1
2021-08-26 12:21:40.958071 (1.0, 1000000.0, 9, 16.0, 0.3, 0.8, 6.0, 3) [0.3295671474636862 1.7060760830424413] 1
2021-08-26 12:38:10.947365 (1.0, 1000000.0, 7, 16.0, 0.3, 0.84, 6.0, 3) [0.38136873314039665 1.68898183958093] 1
2021-08-26 12:38:13.257311 (1.0, 1000000.0, 7, 16.0, 0.3, 0.73, 6.0, 3) [0.47022594120092137 1.7037772688609947] 1
2021-08-26 12:55:11.438746 (1.0, 1000000.0, 7, 16.0, 0.3, 0.77, 6.0, 3) [0.43567150939661703 1.6987156244658899] 1
2021-08-26 12:55:59.269999 (1.0, 1000000.0, 7, 16.0, 0.3, 0.88, 6.0, 3) [0.35612978364608483 1.6832315458746596] 1
2021-08-26 12:56:57.304227 (1.0, 1000000.0, 7, 16.0, 0.3, 0.87, 6.0, 3) [0.3619875654586731 1.6839916446701111] 1
2021-08-26 12:57:44.656270 (1.0, 1000000.0, 7, 16.0, 0.3, 0.76, 6.0, 3) [0.4437167541506728 1.6989572170013059] 1
2021-08-26 13:04:15.350768 (1.0, 1000000.0, 7, 16.0, 0.3, 0.71, 6.0, 3) [0.49082199920003183 1.7074532346016962] 1
2021-08-26 13:04:40.053827 (1.0, 1000000.0, 7, 16.0, 0.3, 0.78, 6.0, 3) [0.42802628750344557 1.6973799578410136] 1
2021-08-26 13:16:26.408082 (1.0, 1000000.0, 10, 16.0, 0.3, 0.73, 6.0, 3) [0.3559466656609439 1.721110850540428] 1
2021-08-26 13:17:05.382561 (1.0, 1000000.0, 10, 16.0, 0.3, 0.89, 6.0, 3) [0.2462255895403125 1.6981523491615587] 1
2021-08-26 13:17:18.035848 (1.0, 1000000.0, 10, 16.0, 0.3, 0.77, 6.0, 3) [0.3218387692931123 1.7156255241453857] 1
2021-08-26 13:18:14.405565 (1.0, 1000000.0, 10, 16.0, 0.3, 0.85, 6.0, 3) [0.2688221275597765 1.7038524451383052] 1
2021-08-26 13:18:26.154983 (1.0, 1000000.0, 10, 16.0, 0.3, 0.79, 6.0, 3) [0.3076909088512858 1.7111738358230295] 1
2021-08-26 13:20:56.372395 (1.0, 1000000.0, 6, 16.0, 0.3, 0.74, 6.0, 3) [0.5229825214176534 1.6929855260814406] 1
2021-08-26 13:22:38.171358 (1.0, 1000000.0, 6, 16.0, 0.3, 0.88, 6.0, 3) [0.41268966718770905 1.6767411445352596] 1
2021-08-26 13:22:39.270452 (1.0, 1000000.0, 6, 16.0, 0.3, 0.8, 6.0, 3) [0.47050146686348215 1.6851012942968204] 1
2021-08-26 13:24:20.580832 (1.0, 1000000.0, 6, 16.0, 0.3, 0.78, 6.0, 3) [0.48694450200640793 1.6862587951350463] 1
2021-08-26 13:25:31.648130 (1.0, 1000000.0, 6, 16.0, 0.3, 0.87, 6.0, 3) [0.4198281927271423 1.6771638437245604] 1
2021-08-26 13:25:56.743994 (1.0, 1000000.0, 6, 16.0, 0.3, 0.81, 6.0, 3) [0.4613552946701247 1.6853460521462451] 1
2021-08-26 13:37:53.933250 (1.0, 1000000.0, 8, 16.0, 0.3, 0.77, 6.0, 3) [0.3884738678960452 1.7062046262656636] 1
2021-08-26 13:38:08.636184 (1.0, 1000000.0, 8, 16.0, 0.3, 0.8, 6.0, 3) [0.3668148774229012 1.700952373356019] 1
2021-08-26 13:41:53.839076 (1.0, 1000000.0, 8, 16.0, 0.3, 0.79, 6.0, 3) [0.37320286511531614 1.7031519206011687] 1
2021-08-26 13:41:57.652834 (1.0, 1000000.0, 8, 16.0, 0.3, 0.78, 6.0, 3) [0.38020059677055174 1.7042023479498598] 1
2021-08-26 13:42:55.288751 (1.0, 1000000.0, 8, 16.0, 0.3, 0.71, 6.0, 3) [0.4420860329068429 1.7146035246115388] 1
2021-08-26 13:43:16.732836 (1.0, 1000000.0, 8, 16.0, 0.3, 0.87, 6.0, 3) [0.31807657467723044 1.692707128165609] 1
2021-08-26 13:43:18.338501 (1.0, 1000000.0, 8, 16.0, 0.3, 0.7, 6.0, 3) [0.45428836311295234 1.715572988778777] 1
2021-08-26 13:43:36.113369 (1.0, 1000000.0, 8, 16.0, 0.3, 0.76, 6.0, 3) [0.397593353523341 1.7075655499700815] 1
2021-08-26 13:43:41.041745 (1.0, 1000000.0, 8, 16.0, 0.3, 0.75, 6.0, 3) [0.4067260964469441 1.7103434311643773] 1
2021-08-26 13:43:41.409546 (1.0, 1000000.0, 8, 16.0, 0.3, 0.73, 6.0, 3) [0.42390223415749295 1.7108977705730124] 1
2021-08-26 14:31:43.315866 (1.0, 1000000.0, 6, 16.0, 0.3, 0.73, 6.0, 3) [0.5320760423528319 1.6933662511913878] 1
2021-08-26 14:37:05.972515 (1.0, 1000000.0, 6, 16.0, 0.3, 0.72, 6.0, 3) [0.542656669012049 1.6959550176051372] 1
2021-08-26 14:37:11.205125 (1.0, 1000000.0, 6, 16.0, 0.3, 0.76, 6.0, 3) [0.5052191488600314 1.6927980967146188] 1
2021-08-26 14:38:20.009683 (1.0, 1000000.0, 6, 16.0, 0.3, 0.89, 6.0, 3) [0.4037961179117702 1.6744071011918917] 1
2021-08-26 14:47:10.621917 (1.0, 1000000.0, 11, 16.0, 0.3, 0.78, 6.0, 3) [0.29315847871142797 1.7169897971072756] 1
2021-08-26 14:47:14.100039 (1.0, 1000000.0, 11, 16.0, 0.3, 0.77, 6.0, 3) [0.2993329071923797 1.7174235337574402] 1
2021-08-26 14:47:26.962869 (1.0, 1000000.0, 11, 16.0, 0.3, 0.8, 6.0, 3) [0.2767890003168345 1.713518543400562] 1
2021-08-26 14:56:30.012804 (1.0, 1000000.0, 11, 16.0, 0.3, 0.9, 6.0, 3) [0.21823128902457664 1.6995965232784627] 1
2021-08-26 15:00:30.992695 (1.0, 1000000.0, 7, 16.0, 0.3, 0.85, 6.0, 3) [0.37535788522728436 1.6862483306828955] 1
2021-08-26 15:01:24.305523 (1.0, 1000000.0, 7, 16.0, 0.3, 0.72, 6.0, 3) [0.48042747776156214 1.7052438051443273] 1
2021-08-26 15:07:17.880161 (1.0, 1000000.0, 7, 16.0, 0.3, 0.86, 6.0, 3) [0.3676680155786501 1.6876939196480838] 1
2021-08-26 15:14:33.666330 (1.0, 1000000.0, 9, 16.0, 0.3, 0.72, 6.0, 3) [0.39739607495621443 1.7179103320743665] 1
2021-08-26 15:15:15.770896 (1.0, 1000000.0, 9, 16.0, 0.3, 0.71, 6.0, 3) [0.40479679860547907 1.7203431063254007] 1
2021-08-26 15:18:36.950405 (1.0, 1000000.0, 9, 16.0, 0.3, 0.84, 6.0, 3) [0.3029244572941595 1.7020108062767672] 1
2021-08-26 15:18:37.108344 (1.0, 1000000.0, 9, 16.0, 0.3, 0.82, 6.0, 3) [0.31680700998322725 1.704183194775535] 1
2021-08-26 15:23:17.383254 (1.0, 1000000.0, 9, 16.0, 0.3, 0.7, 6.0, 3) [0.4153584118853976 1.7202711596825415] 1
2021-08-26 15:23:32.335813 (1.0, 1000000.0, 9, 16.0, 0.3, 0.78, 6.0, 3) [0.34498866845971876 1.7094066207797525] 1
2021-08-26 15:23:49.709160 (1.0, 1000000.0, 9, 16.0, 0.3, 0.83, 6.0, 3) [0.3098628126824111 1.7030060975654979] 1
2021-08-26 15:23:55.004575 (1.0, 1000000.0, 9, 16.0, 0.3, 0.75, 6.0, 3) [0.36833321732469526 1.7132735748259889] 1
2021-08-26 15:27:47.410634 (1.0, 1000000.0, 9, 16.0, 0.3, 0.85, 6.0, 3) [0.2981261050693254 1.6977018698987043] 1
2021-08-26 15:29:12.317063 (1.0, 1000000.0, 9, 16.0, 0.3, 0.81, 6.0, 3) [0.3229981207811224 1.7026045581374376] 1
2021-08-26 15:34:24.229441 (1.0, 1000000.0, 9, 16.0, 0.3, 0.79, 6.0, 3) [0.3380669875194912 1.7069725140568985] 1
2021-08-26 15:35:27.327361 (1.0, 1000000.0, 9, 16.0, 0.3, 0.76, 6.0, 3) [0.36169969252297896 1.7112332934475978] 1
2021-08-26 15:48:29.369262 (1.0, 1000000.0, 8, 16.0, 0.3, 0.88, 6.0, 3) [0.31371313697702113 1.6910403813933874] 1
2021-08-26 15:52:21.244188 (1.0, 1000000.0, 8, 16.0, 0.3, 0.9, 6.0, 3) [0.30151619774298627 1.6875335960873554] 1
2021-08-26 15:52:31.822998 (1.0, 1000000.0, 8, 16.0, 0.3, 0.82, 6.0, 3) [0.35084760032185536 1.6989665871695763] 1
2021-08-26 17:05:50.055336 (1.0, 1000000.0, 10, 16.0, 0.3, 0.71, 6.0, 3) [0.3746158847950364 1.7232982975356392] 1
2021-08-26 17:06:18.388218 (1.0, 1000000.0, 10, 16.0, 0.3, 0.88, 6.0, 3) [0.2506430588595137 1.6985844998814785] 1
2021-08-26 17:07:53.457070 (1.0, 1000000.0, 10, 16.0, 0.3, 0.87, 6.0, 3) [0.2570206982705166 1.7011853890248037] 1
2021-08-26 17:09:03.020822 (1.0, 1000000.0, 10, 16.0, 0.3, 0.76, 6.0, 3) [0.33209976155870813 1.7164354896543914] 1
2021-08-26 17:09:39.696501 (1.0, 1000000.0, 10, 16.0, 0.3, 0.81, 6.0, 3) [0.2940285968348829 1.7083695120876259] 1
2021-08-26 17:10:25.622203 (1.0, 1000000.0, 10, 16.0, 0.3, 0.8, 6.0, 3) [0.3013610701620825 1.7111037298113967] 1
2021-08-26 17:10:40.622583 (1.0, 1000000.0, 10, 16.0, 0.3, 0.78, 6.0, 3) [0.31614959538949367 1.7127480254741525] 1
2021-08-26 17:27:18.072537 (1.0, 1000000.0, 10, 16.0, 0.3, 0.82, 6.0, 3) [0.28604264866976786 1.7076147700245148] 1
2021-08-26 18:03:43.083050 (1.0, 1000000.0, 8, 16.0, 0.3, 0.72, 6.0, 3) [0.43312180249792276 1.7131046760761315] 1
2021-08-26 18:06:39.343110 (1.0, 1000000.0, 8, 16.0, 0.3, 0.85, 6.0, 3) [0.33068810688803113 1.6934411024421283] 1
2021-08-26 18:08:18.155650 (1.0, 1000000.0, 8, 16.0, 0.3, 0.86, 6.0, 3) [0.32257797400153027 1.6915878202174117] 1
2021-08-26 18:09:11.518699 (1.0, 1000000.0, 8, 16.0, 0.3, 0.84, 6.0, 3) [0.33687752087227896 1.6955028608284304] 1
2021-08-26 18:49:54.994050 (1.0, 1000000.0, 7, 16.0, 0.3, 0.82, 6.0, 3) [0.3970144253607046 1.6909805032159015] 1
2021-08-26 18:51:59.936313 (1.0, 1000000.0, 7, 16.0, 0.3, 0.75, 6.0, 3) [0.4517725299667148 1.6999993984489465] 1
2021-08-26 18:58:51.459775 (1.0, 1000000.0, 9, 16.0, 0.3, 0.87, 6.0, 3) [0.28271407724767805 1.6967747486064262] 1
2021-08-26 19:03:48.157125 (1.0, 1000000.0, 7, 16.0, 0.3, 0.83, 6.0, 3) [0.388503812108321 1.6902903304871555] 1
2021-08-26 19:05:01.210649 (1.0, 1000000.0, 9, 16.0, 0.3, 0.86, 6.0, 3) [0.29049654485046433 1.6975468429752136] 1
2021-08-26 19:07:04.429271 (1.0, 1000000.0, 9, 16.0, 0.3, 0.73, 6.0, 3) [0.38685821997979053 1.716846086767911] 1
2021-08-26 19:07:40.413263 (1.0, 1000000.0, 7, 16.0, 0.3, 0.8, 6.0, 3) [0.4120762911828926 1.6949970886321752] 1
2021-08-26 19:08:02.009374 (1.0, 1000000.0, 9, 16.0, 0.3, 0.74, 6.0, 3) [0.37834723609773574 1.7140692236890664] 1
2021-08-26 19:09:01.654023 (1.0, 1000000.0, 7, 16.0, 0.3, 0.89, 6.0, 3) [0.350760013242723 1.6838145561547646] 1
2021-08-26 19:13:29.642568 (1.0, 1000000.0, 9, 16.0, 0.3, 0.9, 6.0, 3) [0.26967034702255854 1.692872034054939] 1
2021-08-26 19:14:09.271283 (1.0, 1000000.0, 9, 16.0, 0.3, 0.89, 6.0, 3) [0.2728136202816694 1.6944185354313239] 1
2021-08-26 20:30:22.191651 (1.0, 1000000.0, 11, 16.0, 0.3, 0.81, 6.0, 3) [0.27050363482775397 1.7129486094361466] 1
2021-08-26 20:31:30.484554 (1.0, 1000000.0, 11, 16.0, 0.3, 0.86, 6.0, 3) [0.24032119837535315 1.7058162901996439] 1
2021-08-26 20:34:15.752446 (1.0, 1000000.0, 11, 16.0, 0.3, 0.88, 6.0, 3) [0.229106546076048 1.7019297568213076] 1
2021-08-26 20:34:43.762364 (1.0, 1000000.0, 11, 16.0, 0.3, 0.72, 6.0, 3) [0.33961561140432145 1.7250460834215147] 1
2021-08-26 20:44:19.073805 (1.0, 1000000.0, 11, 16.0, 0.3, 0.76, 6.0, 3) [0.307952162429998 1.7207268588553934] 1
2021-08-26 20:46:31.999444 (1.0, 1000000.0, 11, 16.0, 0.3, 0.73, 6.0, 3) [0.3324479499751803 1.7247737843437136] 1
2021-08-26 20:51:30.503257 (1.0, 1000000.0, 11, 16.0, 0.3, 0.85, 6.0, 3) [0.24520927481901747 1.7064083893860651] 1
2021-08-26 20:51:31.187316 (1.0, 1000000.0, 11, 16.0, 0.3, 0.83, 6.0, 3) [0.257917338039169 1.7088997058139781] 1
2021-08-26 20:51:39.510164 (1.0, 1000000.0, 11, 16.0, 0.3, 0.7, 6.0, 3) [0.357934665957032 1.7286604480735741] 1
2021-08-26 20:51:41.068330 (1.0, 1000000.0, 11, 16.0, 0.3, 0.87, 6.0, 3) [0.2335494818694167 1.7031723482073198] 1
2021-08-26 20:57:44.180753 (1.0, 1000000.0, 11, 16.0, 0.3, 0.82, 6.0, 3) [0.26468849830881386 1.7107134698207349] 1
2021-08-26 20:58:28.196542 (1.0, 1000000.0, 11, 16.0, 0.3, 0.79, 6.0, 3) [0.2841852039517184 1.7140586037853496] 1
2021-08-26 21:36:57.691329 (1.0, 1000000.0, 10, 16.0, 0.3, 0.83, 6.0, 3) [0.28206874912012897 1.7061933280630266] 1
2021-08-26 21:37:02.329179 (1.0, 1000000.0, 10, 16.0, 0.3, 0.7, 6.0, 3) [0.3857013572349247 1.7254418028884591] 1
2021-08-26 21:39:43.371680 (1.0, 1000000.0, 10, 16.0, 0.3, 0.9, 6.0, 3) [0.24164348137707425 1.6969928646877415] 1
2021-08-26 21:51:00.772564 (1.0, 1000000.0, 12, 16.0, 0.3, 0.81, 6.0, 3) [0.24972860046441792 1.7154248151127636] 1
2021-08-26 21:51:12.520638 (1.0, 1000000.0, 12, 16.0, 0.3, 0.77, 6.0, 3) [0.27863240960663055 1.7199745107301776] 1
2021-08-26 21:51:14.581404 (1.0, 1000000.0, 12, 16.0, 0.3, 0.7, 6.0, 3) [0.33821753866752113 1.7314972406720501] 1
2021-08-26 21:51:52.878490 (1.0, 1000000.0, 12, 16.0, 0.3, 0.72, 6.0, 3) [0.3198327187900375 1.7282649452747312] 1
2021-08-26 21:59:36.253062 (1.0, 1000000.0, 12, 16.0, 0.3, 0.83, 6.0, 3) [0.236541383263029 1.7125154793650139] 1
2021-08-27 04:15:16.447217 (1.0, 1000000.0, 13, 16.0, 0.3, 0.71, 6.0, 3) [0.3097735095153134 1.7319969800982171] 1
2021-08-27 05:06:06.900034 (1.0, 1000000.0, 10, 16.0, 0.3, 0.75, 6.0, 3) [0.3406819295201022 1.7185024968847495] 1
2021-08-27 05:13:58.980647 (1.0, 1000000.0, 10, 16.0, 0.3, 0.74, 6.0, 3) [0.3490057116392967 1.7195467706657503] 1
2021-08-27 05:18:07.931723 (1.0, 1000000.0, 10, 16.0, 0.3, 0.72, 6.0, 3) [0.3670054543441288 1.7217794476266317] 1
2021-08-27 05:19:41.438323 (1.0, 1000000.0, 10, 16.0, 0.3, 0.86, 6.0, 3) [0.26231540348810506 1.7016244457367362] 1
2021-08-27 05:19:53.412893 (1.0, 1000000.0, 10, 16.0, 0.3, 0.84, 6.0, 3) [0.27436927321752363 1.7047497848734237] 1
2021-08-27 05:53:23.535671 (1.0, 1000000.0, 12, 16.0, 0.3, 0.75, 6.0, 3) [0.2946396143552729 1.723156567096787] 1
2021-08-27 05:54:35.922458 (1.0, 1000000.0, 12, 16.0, 0.3, 0.89, 6.0, 3) [0.2033815964372353 1.7030412798774113] 1
2021-08-27 05:56:07.952522 (1.0, 1000000.0, 12, 16.0, 0.3, 0.73, 6.0, 3) [0.3101563793449726 1.7256995190039595] 1
2021-08-27 05:56:43.234886 (1.0, 1000000.0, 12, 16.0, 0.3, 0.86, 6.0, 3) [0.22129219561870458 1.707082687078141] 1
2021-08-27 05:58:59.687177 (1.0, 1000000.0, 12, 16.0, 0.3, 0.82, 6.0, 3) [0.2434032114799007 1.7135088319782104] 1
2021-08-27 05:59:14.443722 (1.0, 1000000.0, 12, 16.0, 0.3, 0.88, 6.0, 3) [0.2102020022512061 1.7052686735125901] 1
2021-08-27 06:00:55.119276 (1.0, 1000000.0, 12, 16.0, 0.3, 0.85, 6.0, 3) [0.22621123301745816 1.7090786660663018] 1
2021-08-27 06:05:23.212553 (1.0, 1000000.0, 12, 16.0, 0.3, 0.9, 6.0, 3) [0.1993413359024801 1.7024525153757224] 1
2021-08-27 06:10:25.290637 (1.0, 1000000.0, 12, 16.0, 0.3, 0.79, 6.0, 3) [0.26490371485739445 1.7181228132684814] 1
2021-08-27 06:11:36.676472 (1.0, 1000000.0, 12, 16.0, 0.3, 0.8, 6.0, 3) [0.2573978378278079 1.7165146471686887] 1
2021-08-27 08:21:09.126495 (1.0, 1000000.0, 14, 16.0, 0.3, 0.71, 6.0, 3) [0.2940588512399554 1.7339071109758157] 1
2021-08-27 08:24:54.261437 (1.0, 1000000.0, 14, 16.0, 0.3, 0.75, 6.0, 3) [0.259590171195144 1.7281160003045515] 1
2021-08-27 08:26:38.800648 (1.0, 1000000.0, 14, 16.0, 0.3, 0.82, 6.0, 3) [0.21117674273410533 1.7169899746318695] 1
2021-08-27 08:29:16.004920 (1.0, 1000000.0, 14, 16.0, 0.3, 0.84, 6.0, 3) [0.19972921137584126 1.7135055700964952] 1
2021-08-27 08:29:30.427621 (1.0, 1000000.0, 14, 16.0, 0.3, 0.89, 6.0, 3) [0.1754674347271303 1.707989683530132] 1
2021-08-27 08:31:08.157075 (1.0, 1000000.0, 14, 16.0, 0.3, 0.78, 6.0, 3) [0.23701903793288576 1.7231486329720416] 1
2021-08-27 13:07:45.023938 (1.0, 1000000.0, 15, 16.0, 0.3, 0.81, 6.0, 3) [0.20565490597835612 1.7196757043805433] 1
2021-08-27 13:08:45.772041 (1.0, 1000000.0, 15, 16.0, 0.3, 0.9, 6.0, 3) [0.15984194469922927 1.7071099684918285] 1
2021-08-27 13:09:26.032807 (1.0, 1000000.0, 15, 16.0, 0.3, 0.76, 6.0, 3) [0.23851475955013413 1.7268184627330747] 1
2021-08-27 13:10:20.454563 (1.0, 1000000.0, 15, 16.0, 0.3, 0.75, 6.0, 3) [0.24716693969156506 1.7288041848174911] 1
2021-08-27 14:31:45.187350 (1.0, 1000000.0, 11, 16.0, 0.3, 0.75, 6.0, 3) [0.3160277298030337 1.7202356017944254] 1
2021-08-27 14:34:04.480865 (1.0, 1000000.0, 11, 16.0, 0.3, 0.84, 6.0, 3) [0.2508494092584 1.7082470977585358] 1
2021-08-27 14:43:20.550800 (1.0, 1000000.0, 11, 16.0, 0.3, 0.71, 6.0, 3) [0.3500826046557051 1.7269161935870772] 1
2021-08-27 14:46:44.667218 (1.0, 1000000.0, 11, 16.0, 0.3, 0.74, 6.0, 3) [0.3229386692849994 1.7213190784696055] 1
2021-08-27 14:49:19.332768 (1.0, 1000000.0, 11, 16.0, 0.3, 0.89, 6.0, 3) [0.22508971532602823 1.6993927076105835] 1
2021-08-27 15:13:09.310467 (1.0, 1000000.0, 13, 16.0, 0.3, 0.76, 6.0, 3) [0.26761871638851603 1.7244503167663974] 1
2021-08-27 15:13:38.823587 (1.0, 1000000.0, 13, 16.0, 0.3, 0.87, 6.0, 3) [0.19730980625479133 1.7080668098868037] 1
2021-08-27 15:14:43.807537 (1.0, 1000000.0, 13, 16.0, 0.3, 0.72, 6.0, 3) [0.3019094277475139 1.7296142268986774] 1
2021-08-27 15:15:14.122165 (1.0, 1000000.0, 13, 16.0, 0.3, 0.89, 6.0, 3) [0.19061469777035892 1.7051705359949489] 1
2021-08-27 15:17:03.610804 (1.0, 1000000.0, 13, 16.0, 0.3, 0.77, 6.0, 3) [0.26058794400119095 1.7219481200904003] 1
2021-08-27 15:17:32.141583 (1.0, 1000000.0, 13, 16.0, 0.3, 0.75, 6.0, 3) [0.2769697014835008 1.7243651231903003] 1
2021-08-27 15:17:51.993034 (1.0, 1000000.0, 13, 16.0, 0.3, 0.79, 6.0, 3) [0.2447314718391479 1.7187403026517949] 1
2021-08-27 15:18:49.302096 (1.0, 1000000.0, 13, 16.0, 0.3, 0.7, 6.0, 3) [0.32113498900141063 1.7333643231568192] 1
2021-08-27 15:18:53.023668 (1.0, 1000000.0, 13, 16.0, 0.3, 0.8, 6.0, 3) [0.2372670662709021 1.7187246875386353] 1
2021-08-27 15:19:09.817347 (1.0, 1000000.0, 13, 16.0, 0.3, 0.81, 6.0, 3) [0.2329474995058082 1.7167977921810829] 1
2021-08-27 15:19:42.286975 (1.0, 1000000.0, 13, 16.0, 0.3, 0.88, 6.0, 3) [0.19352968833191847 1.7065141530575871] 1
2021-08-27 15:20:09.429622 (1.0, 1000000.0, 13, 16.0, 0.3, 0.84, 6.0, 3) [0.21380186431165538 1.7126835252079375] 1
2021-08-27 15:20:11.285429 (1.0, 1000000.0, 13, 16.0, 0.3, 0.82, 6.0, 3) [0.22632160313605731 1.7159573160108585] 1
2021-08-27 15:20:23.878218 (1.0, 1000000.0, 13, 16.0, 0.3, 0.9, 6.0, 3) [0.18576978010942397 1.7034964001879507] 1
2021-08-27 15:24:16.632324 (1.0, 1000000.0, 13, 16.0, 0.3, 0.86, 6.0, 3) [0.20318397279471737 1.7089664825398116] 1
2021-08-27 15:25:06.121084 (1.0, 1000000.0, 13, 16.0, 0.3, 0.83, 6.0, 3) [0.22010355177070062 1.7139163428509365] 1
2021-08-27 15:28:33.222248 (1.0, 1000000.0, 13, 16.0, 0.3, 0.78, 6.0, 3) [0.2535790839653702 1.721808355068684] 1
2021-08-27 15:29:13.721583 (1.0, 1000000.0, 13, 16.0, 0.3, 0.85, 6.0, 3) [0.20786748660851564 1.7106576354182963] 1
2021-08-27 15:31:51.570309 (1.0, 1000000.0, 13, 16.0, 0.3, 0.74, 6.0, 3) [0.2842193554069838 1.7270253623484559] 1
2021-08-27 15:32:05.216517 (1.0, 1000000.0, 13, 16.0, 0.3, 0.73, 6.0, 3) [0.29375280658663855 1.7290336790972574] 1
2021-08-27 22:46:28.761338 (1.0, 1000000.0, 14, 16.0, 0.3, 0.86, 6.0, 3) [0.1892882441635777 1.7117314217732333] 1
2021-08-27 22:46:31.082203 (1.0, 1000000.0, 14, 16.0, 0.3, 0.87, 6.0, 3) [0.18459210141939214 1.7104386177715072] 1
2021-08-27 22:52:01.469531 (1.0, 1000000.0, 14, 16.0, 0.3, 0.74, 6.0, 3) [0.2688747745262531 1.7295758185907526] 1
2021-08-27 22:52:14.313260 (1.0, 1000000.0, 14, 16.0, 0.3, 0.9, 6.0, 3) [0.17075744875043433 1.7052489063478984] 1
2021-08-27 22:57:15.187081 (1.0, 1000000.0, 14, 16.0, 0.3, 0.7, 6.0, 3) [0.3044057322581006 1.7359842898065729] 1
2021-08-27 22:57:37.313992 (1.0, 1000000.0, 14, 16.0, 0.3, 0.88, 6.0, 3) [0.17849824179304125 1.7084370508978088] 1
2021-08-27 23:21:31.675421 (1.0, 1000000.0, 14, 16.0, 0.3, 0.77, 6.0, 3) [0.24581677207304828 1.7248914149803307] 1
2021-08-27 23:22:10.439112 (1.0, 1000000.0, 14, 16.0, 0.3, 0.79, 6.0, 3) [0.2314166085175139 1.7208982342383823] 1
2021-08-27 23:51:14.603680 (1.0, 1000000.0, 16, 16.0, 0.3, 0.87, 6.0, 3) [0.1594769950627539 1.7124833859798718] 1
2021-08-27 23:52:53.393296 (1.0, 1000000.0, 16, 16.0, 0.3, 0.8, 6.0, 3) [0.19808410873372836 1.7232523726617961] 1
2021-08-27 23:54:05.419344 (1.0, 1000000.0, 16, 16.0, 0.3, 0.78, 6.0, 3) [0.21207058840782483 1.7257763620676181] 1
2021-08-27 23:58:10.796490 (1.0, 1000000.0, 16, 16.0, 0.3, 0.73, 6.0, 3) [0.2509397253846995 1.7325884789390869] 1
2021-08-27 23:59:04.543019 (1.0, 1000000.0, 16, 16.0, 0.3, 0.71, 6.0, 3) [0.2675875319354849 1.736924392079396] 1
2021-08-28 00:03:35.977628 (1.0, 1000000.0, 16, 16.0, 0.3, 0.83, 6.0, 3) [0.18191683793236252 1.7173750077263821] 1
2021-08-28 00:04:53.389895 (1.0, 1000000.0, 16, 16.0, 0.3, 0.9, 6.0, 3) [0.14869124862455502 1.7074637636721597] 1
2021-08-28 08:04:49.137544 (1.0, 1000000.0, 15, 16.0, 0.3, 0.85, 6.0, 3) [0.18267906640195936 1.7142350212940358] 1
2021-08-28 08:05:13.696073 (1.0, 1000000.0, 15, 16.0, 0.3, 0.83, 6.0, 3) [0.19368664721148343 1.715791093106158] 1
2021-08-28 08:06:02.031211 (1.0, 1000000.0, 15, 16.0, 0.3, 0.77, 6.0, 3) [0.23182963812071633 1.72595135601136] 1
2021-08-28 08:07:38.714090 (1.0, 1000000.0, 15, 16.0, 0.3, 0.87, 6.0, 3) [0.17136418766476552 1.7112110635455478] 1
2021-08-28 08:13:01.367090 (1.0, 1000000.0, 15, 16.0, 0.3, 0.71, 6.0, 3) [0.2795016861671146 1.7348398453078695] 1
2021-08-28 08:13:39.407125 (1.0, 1000000.0, 15, 16.0, 0.3, 0.74, 6.0, 3) [0.25520737196257537 1.7306193569428365] 1
2021-08-28 08:14:15.609961 (1.0, 1000000.0, 15, 16.0, 0.3, 0.78, 6.0, 3) [0.22492312038980686 1.7247894435041389] 1
2021-08-28 08:16:21.479891 (1.0, 1000000.0, 15, 16.0, 0.3, 0.88, 6.0, 3) [0.1674259163770802 1.7098259039614594] 1
2021-08-28 08:19:05.459235 (1.0, 1000000.0, 15, 16.0, 0.3, 0.72, 6.0, 3) [0.27171651356551263 1.7333571807327] 1
2021-08-28 08:19:40.508939 (1.0, 1000000.0, 15, 16.0, 0.3, 0.84, 6.0, 3) [0.18706182980325461 1.7149756987226239] 1
2021-08-28 08:22:40.724175 (1.0, 1000000.0, 15, 16.0, 0.3, 0.89, 6.0, 3) [0.16250841793911006 1.7080311707726157] 1
2021-08-28 08:25:17.627008 (1.0, 1000000.0, 15, 16.0, 0.3, 0.7, 6.0, 3) [0.29016273534135834 1.7372439853047212] 1
2021-08-28 13:31:54.880494 (1.0, 1000000.0, 12, 16.0, 0.3, 0.74, 6.0, 3) [0.3013900174224297 1.7251241092259402] 1
2021-08-28 13:34:04.107248 (1.0, 1000000.0, 12, 16.0, 0.3, 0.76, 6.0, 3) [0.28496541986083535 1.7224421011073505] 1
2021-08-28 13:36:39.174287 (1.0, 1000000.0, 12, 16.0, 0.3, 0.78, 6.0, 3) [0.2696901738758513 1.7182188130005407] 1
2021-08-28 13:36:57.979818 (1.0, 1000000.0, 12, 16.0, 0.3, 0.71, 6.0, 3) [0.32840765986014686 1.7306093697909635] 1
2021-08-28 13:37:40.882278 (1.0, 1000000.0, 12, 16.0, 0.3, 0.84, 6.0, 3) [0.23032027360698967 1.7110752388898349] 1
2021-08-28 13:37:58.934190 (1.0, 1000000.0, 12, 16.0, 0.3, 0.87, 6.0, 3) [0.2153931851576738 1.707905770408755] 1
2021-08-28 16:16:23.623507 (1.0, 1000000.0, 16, 16.0, 0.3, 0.74, 6.0, 3) [0.2413956010023594 1.7318532813807019] 1
2021-08-28 16:17:38.152981 (1.0, 1000000.0, 16, 16.0, 0.3, 0.7, 6.0, 3) [0.27811191292589893 1.7384270220577223] 1
2021-08-28 16:30:16.230628 (1.0, 1000000.0, 16, 16.0, 0.3, 0.77, 6.0, 3) [0.2195489137022787 1.728104309205357] 1
2021-08-28 16:31:36.378958 (1.0, 1000000.0, 16, 16.0, 0.3, 0.81, 6.0, 3) [0.1932170673133256 1.7208011462357868] 1
2021-08-28 16:42:47.699602 (1.0, 1000000.0, 16, 16.0, 0.3, 0.88, 6.0, 3) [0.15666957395552822 1.7112492285048937] 1
2021-08-28 16:43:45.115943 (1.0, 1000000.0, 16, 16.0, 0.3, 0.84, 6.0, 3) [0.17555807456043673 1.7165435325076079] 1
2021-08-30 10:31:39.406110 (1.0, 1000000.0, 15, 16.0, 0.3, 0.73, 6.0, 3) [0.2631261988028773 1.7314113451276265] 1
2021-08-30 10:41:27.343517 (1.0, 1000000.0, 15, 16.0, 0.3, 0.79, 6.0, 3) [0.21783003132553788 1.7222756935374293] 1
2021-08-30 10:52:32.827096 (1.0, 1000000.0, 15, 16.0, 0.3, 0.8, 6.0, 3) [0.21112887965126895 1.7219609441590389] 1
2021-08-30 10:55:29.480754 (1.0, 1000000.0, 15, 16.0, 0.3, 0.86, 6.0, 3) [0.17682880245141347 1.7124225776923667] 1
2021-08-30 10:56:12.061922 (1.0, 1000000.0, 15, 16.0, 0.3, 0.82, 6.0, 3) [0.19830950061981276 1.7181519861973287] 1
2021-08-30 16:00:39.477624 (1.0, 1000000.0, 14, 16.0, 0.3, 0.76, 6.0, 3) [0.2522016921917809 1.7261863289867314] 1
2021-08-30 16:22:33.249794 (1.0, 1000000.0, 14, 16.0, 0.3, 0.73, 6.0, 3) [0.2757847910223635 1.7306729127790605] 1
2021-08-30 16:26:21.031162 (1.0, 1000000.0, 14, 16.0, 0.3, 0.81, 6.0, 3) [0.21826114373121913 1.7193634531523447] 1
2021-08-30 16:29:29.792280 (1.0, 1000000.0, 14, 16.0, 0.3, 0.85, 6.0, 3) [0.19456396216392258 1.7120443964388958] 1
2021-08-30 16:30:15.091847 (1.0, 1000000.0, 14, 16.0, 0.3, 0.72, 6.0, 3) [0.285266451812171 1.7330143672294611] 1
2021-08-30 16:31:15.728215 (1.0, 1000000.0, 14, 16.0, 0.3, 0.83, 6.0, 3) [0.20600263141610536 1.7156503441007973] 1
2021-08-30 16:31:46.478886 (1.0, 1000000.0, 14, 16.0, 0.3, 0.8, 6.0, 3) [0.223069033691691 1.7208515409938714] 1
2021-09-01 05:52:40.960910 (1.0, 1000000.0, 16, 16.0, 0.3, 0.75, 6.0, 3) [0.23295794700908928 1.7298832081794711] 1
2021-09-01 06:04:10.990488 (1.0, 1000000.0, 16, 16.0, 0.3, 0.82, 6.0, 3) [0.18614811956185673 1.7194029415949241] 1
2021-09-01 06:13:39.368161 (1.0, 1000000.0, 16, 16.0, 0.3, 0.76, 6.0, 3) [0.22732698397314027 1.7291752805722682] 1
2021-09-01 06:17:59.174548 (1.0, 1000000.0, 16, 16.0, 0.3, 0.72, 6.0, 3) [0.2604656731779922 1.7349858552495743] 1
2021-09-01 06:18:55.141333 (1.0, 1000000.0, 16, 16.0, 0.3, 0.89, 6.0, 3) [0.15208805728063382 1.7089060260077473] 1
2021-09-01 06:24:55.128117 (1.0, 1000000.0, 16, 16.0, 0.3, 0.86, 6.0, 3) [0.16534156651922466 1.7136402281790792] 1
2021-09-01 06:25:03.212495 (1.0, 1000000.0, 16, 16.0, 0.3, 0.85, 6.0, 3) [0.16980133482161403 1.7147798167347732] 1
2021-09-01 06:25:06.069224 (1.0, 1000000.0, 16, 16.0, 0.3, 0.79, 6.0, 3) [0.2053844549534904 1.7231548531669818] 1