2022-03-03 09:11:02.183149 (1.0, 100000.0, 6, 0.0, 0.001, 0.8, 2.0, 3) [0.10339605614253818 0.006137311385095207 3.231861333192888] 10 1038.2943465709686s
2022-03-03 09:11:26.046989 (1.0, 100000.0, 6, 0.0, 0.001, 0.6, 2.0, 3) [0.5186267794508768 0.00980551448485078 0.01921888341034608] 10 1062.2247624397278s
2022-03-03 09:11:40.342369 (1.0, 100000.0, 6, 0.0, 0.001, 0.2, 2.0, 3) [2.6732643004792207 0.04708560749684867 4.701058217282812e-14] 10 1076.579163312912s
2022-03-03 09:16:31.927701 (1.0, 100000.0, 7, 0.0, 0.001, 0.4, 2.0, 3) [1.1009340459762034 0.016824410837938862 1.0520210003135892e-06] 10 1368.666804075241s
2022-03-03 09:16:53.097891 (1.0, 100000.0, 7, 0.0, 0.001, 0.2, 2.0, 3) [2.555340042261485 0.04186133129462964 1.1697522689772329e-15] 10 1388.761872768402s
2022-03-03 09:24:10.922450 (1.0, 100000.0, 8, 0.0, 0.001, 0.6, 2.0, 3) [0.5561247764818089 0.007998978379113347 0.0017932425562718682] 10 1827.6267259120941s
2022-03-03 09:24:22.382219 (1.0, 100000.0, 8, 0.0, 0.001, 0.4, 2.0, 3) [1.1116700903342382 0.017428178593053997 1.044065364022627e-07] 10 1838.5667128562927s
2022-03-03 09:24:41.571191 (1.0, 100000.0, 8, 0.0, 0.001, 0.3, 2.0, 3) [1.6233669028679543 0.012971301419633804 2.536768043476123e-11] 10 1857.5218942165375s
2022-03-03 09:25:00.838858 (1.0, 100000.0, 8, 0.0, 0.001, 0.1, 2.0, 3) [5.576164260176297 0.05199225285508656 7.232404516129434e-39] 10 1876.627424955368s
2022-03-03 09:31:31.137049 (1.0, 100000.0, 6, 0.0, 0.001, 1.0, 2.0, 3) [4.34943167418903e-09 3.631219717660511e-08 23.00000116768402] 10 2265.9787583351135s
2022-03-03 09:31:50.387633 (1.0, 100000.0, 6, 0.0, 0.001, 0.7, 2.0, 3) [0.3047012119533077 0.009016171436072442 0.3036696000949709] 10 2286.114195585251s
2022-03-03 09:35:41.063106 (1.0, 100000.0, 6, 0.0, 0.001, 0.1, 2.0, 3) [5.718354135416055 0.04450964399986974 6.377508683450686e-30] 10 2517.7922077178955s
2022-03-03 09:36:02.126885 (1.0, 100000.0, 6, 0.0, 0.001, 0.0, 2.0, 3) [9.118736992863525 0.00027151304819719756 4.203190960023787e-46] 10 2536.9039187431335s
2022-03-03 09:55:08.365742 (1.0, 100000.0, 7, 0.0, 0.001, 0.5, 2.0, 3) [0.7534986656035201 0.010784310204204466 0.0002070598586481192] 10 3682.811763525009s
2022-03-03 09:55:24.499210 (1.0, 100000.0, 7, 0.0, 0.001, 0.6, 2.0, 3) [0.5393126334139051 0.00820184887802664 0.00604107294210554] 10 3700.299259185791s
2022-03-03 09:57:19.838147 (1.0, 100000.0, 8, 0.0, 0.001, 0.5, 2.0, 3) [0.7684099955949673 0.00928205791513948 4.091996340580416e-05] 10 3816.103458881378s
2022-03-03 09:58:09.767263 (1.0, 100000.0, 8, 0.0, 0.001, 0.0, 2.0, 3) [9.118736355207535 0.00026285180615803744 1.0679434704096692e-61] 10 3864.2870531082153s
2022-03-03 10:06:52.939191 (1.0, 100000.0, 7, 0.0, 0.001, 0.7, 2.0, 3) [0.3210667571688983 0.008364489361434448 0.15776963565045468] 10 4389.671656370163s
2022-03-03 10:07:31.281394 (1.0, 100000.0, 7, 0.0, 0.001, 0.1, 2.0, 3) [5.632459433340133 0.05819157676720743 2.2883763437420714e-34] 10 4425.868154764175s
2022-03-03 10:13:53.340115 (1.0, 100000.0, 6, 0.0, 0.001, 0.9, 2.0, 3) [0.011408361984916624 0.0028703107243929866 9.327327596164432] 10 4809.643712520599s
2022-03-03 10:16:26.256982 (1.0, 100000.0, 6, 0.0, 0.001, 0.4, 2.0, 3) [1.0941189035501417 0.020833670646127567 9.648471807776089e-06] 10 4960.111072063446s
2022-03-03 10:17:04.601923 (1.0, 100000.0, 6, 0.0, 0.001, 0.5, 2.0, 3) [0.7380841274715599 0.011128884341126447 0.0009596429931693522] 10 4998.351460695267s
2022-03-03 10:17:05.845362 (1.0, 100000.0, 6, 0.0, 0.001, 0.3, 2.0, 3) [1.6030348922368893 0.02045186992646698 1.877727198339528e-08] 10 5001.080061674118s
2022-03-03 10:29:06.017119 (1.0, 100000.0, 7, 0.0, 0.001, 0.9, 2.0, 3) [0.009031574063891193 0.0022397629148989766 12.731738269570991] 10 5721.030091285706s
2022-03-03 10:31:05.590271 (1.0, 100000.0, 7, 0.0, 0.001, 0.3, 2.0, 3) [1.6078436743323326 0.016017906690186354 7.566292780248834e-10] 10 5842.293578624725s
2022-03-03 10:32:14.357648 (1.0, 100000.0, 7, 0.0, 0.001, 0.0, 2.0, 3) [9.118726227915595 0.00021937134759485917 6.839390391254934e-54] 10 5908.609675884247s
2022-03-03 10:34:15.518357 (1.0, 100000.0, 7, 0.0, 0.001, 1.0, 2.0, 3) [1.419734885674081e-06 5.7759905220011464e-05 25.00010311918738] 10 6031.370654344559s
2022-03-03 10:34:44.977381 (1.0, 100000.0, 7, 0.0, 0.001, 0.8, 2.0, 3) [0.10686625239759444 0.0061597205713011605 3.208523914052061] 10 6059.732091188431s
2022-03-03 11:40:17.964086 (1.0, 100000.0, 8, 0.0, 0.001, 1.0, 2.0, 3) [9.79486246162103e-07 4.850677667445801e-05 38.99987526611687] 10 9990.668701410294s
2022-03-03 11:40:26.743913 (1.0, 100000.0, 8, 0.0, 0.001, 0.9, 2.0, 3) [0.009022821693603784 0.0016680300582175695 14.142433825276418] 10 10000.63807296753s
2022-03-03 11:41:14.559659 (1.0, 100000.0, 8, 0.0, 0.001, 0.8, 2.0, 3) [0.1147466558668013 0.004456128688281007 2.736757998059121] 10 10047.489351987839s
2022-03-03 11:41:19.802198 (1.0, 100000.0, 8, 0.0, 0.001, 0.7, 2.0, 3) [0.33652753338150077 0.008544988599567436 0.07361118475921266] 10 10056.371678113937s
2022-03-03 11:42:24.098722 (1.0, 100000.0, 8, 0.0, 0.001, 0.2, 2.0, 3) [2.4639382541335015 0.04143706205242486 3.043594726277546e-17] 10 10118.276676893234s
