2022-03-09 17:26:03.747430 (1.0, 100000.0, 10, 10.0, 0.3, 0.271, 2.0, 3) [0.35064223713324616 0.00316282502031412 0.0037023392023059955] 10 616.1387860774994s
2022-03-09 17:26:07.783704 (1.0, 100000.0, 10, 10.0, 0.3, 0.271, 2.0, 3) [0.3499274755302733 0.0031014014685556957 0.0037481624997849246] 10 620.2164225578308s
2022-03-09 17:36:31.166768 (1.0, 100000.0, 10, 10.0, 0.3, 0.271, 2.0, 3) [0.3446971634101117 0.003915908246820693 0.004155943850260866] 10 627.4167993068695s
2022-03-09 17:36:35.703051 (1.0, 100000.0, 10, 10.0, 0.3, 0.271, 2.0, 3) [0.349321313793328 0.004715578069916876 0.0037910060810412006] 10 627.9174194335938s
2022-03-09 17:47:19.060683 (1.0, 100000.0, 10, 10.0, 0.3, 0.271, 2.0, 3) [0.349346493166882 0.005286607930901982 0.0037927777357578147] 10 647.8900773525238s
2022-03-09 17:47:24.008672 (1.0, 100000.0, 10, 10.0, 0.3, 0.271, 2.0, 3) [0.34620659176770935 0.0042581243033039335 0.004034349058895999] 10 648.3015239238739s
2022-03-09 17:57:36.502839 (1.0, 100000.0, 10, 10.0, 0.3, 0.271, 2.0, 3) [0.34796801757534956 0.005950162292882803 0.0038945934981374853] 10 617.4377720355988s
2022-03-09 17:57:42.270416 (1.0, 100000.0, 10, 10.0, 0.3, 0.271, 2.0, 3) [0.34880124906324883 0.004644765749243028 0.0038374741423155374] 10 618.2571890354156s
2022-03-09 18:08:23.067512 (1.0, 100000.0, 10, 10.0, 0.3, 0.271, 2.0, 3) [0.3497139157992252 0.003002164572638325 0.0037642106543047736] 10 646.5596075057983s
2022-03-09 18:08:30.087132 (1.0, 100000.0, 10, 10.0, 0.3, 0.271, 2.0, 3) [0.3463215473032731 0.005002319254012675 0.004028236835823215] 10 647.8120386600494s
2022-03-09 18:18:17.003263 (1.0, 100000.0, 10, 10.0, 0.3, 0.271, 2.0, 3) [0.34397377193643536 0.003281672925051823 0.004214238144780259] 10 593.9288766384125s
2022-03-09 18:18:30.259053 (1.0, 100000.0, 10, 10.0, 0.3, 0.271, 2.0, 3) [0.35133669953511726 0.004788432033971913 0.003655721837678626] 10 600.1664011478424s
2022-03-09 18:28:11.318305 (1.0, 100000.0, 10, 10.0, 0.3, 0.271, 2.0, 3) [0.34314405532078035 0.005407849083113283 0.004282308693385781] 10 594.310122013092s
2022-03-09 18:28:29.454660 (1.0, 100000.0, 10, 10.0, 0.3, 0.271, 2.0, 3) [0.3496803610973807 0.007186876701415563 0.0037670904168692317] 10 599.190580368042s
2022-03-09 18:38:06.206985 (1.0, 100000.0, 10, 10.0, 0.3, 0.271, 2.0, 3) [0.3443723324621099 0.006043108758474295 0.004189841762031708] 10 594.8813149929047s
2022-03-09 18:38:28.662398 (1.0, 100000.0, 10, 10.0, 0.3, 0.271, 2.0, 3) [0.34828828474957113 0.004643906692051187 0.003882805566415799] 10 599.2000365257263s
2022-03-09 18:48:34.176239 (1.0, 100000.0, 10, 10.0, 0.3, 0.271, 2.0, 3) [0.3495386812228451 0.00480965792414259 0.0037785386784529723] 10 627.9625062942505s
2022-03-09 18:49:02.786277 (1.0, 100000.0, 10, 10.0, 0.3, 0.271, 2.0, 3) [0.34703912484409283 0.005190280162316196 0.003968369091152889] 10 634.1161572933197s
2022-03-09 18:59:13.687299 (1.0, 100000.0, 10, 10.0, 0.3, 0.271, 2.0, 3) [0.34758752460581593 0.0029201856551976484 0.003929445106740982] 10 639.4990859031677s
2022-03-09 18:59:29.145037 (1.0, 100000.0, 10, 10.0, 0.3, 0.271, 2.0, 3) [0.3487711728162296 0.004374772553707332 0.0038363396657551253] 10 626.3545567989349s
2022-03-10 01:02:30.101591 (1.0, 100000.0, 14, 10.0, 0.3, 0.271, 2.0, 3) [0.2630197363445005 0.0045780059815587314 0.0025804127048111663] 10 3845.0649592876434s
2022-03-10 01:03:30.369545 (1.0, 100000.0, 14, 10.0, 0.3, 0.271, 2.0, 3) [0.2641618074379482 0.00393078844059858 0.0025032953129808713] 10 3905.235659599304s
2022-03-10 01:52:34.212836 (1.0, 100000.0, 14, 10.0, 0.3, 0.271, 2.0, 3) [0.2624649815141675 0.0044757243085673205 0.0026220270599923144] 10 3004.0905537605286s
2022-03-10 01:53:35.127526 (1.0, 100000.0, 14, 10.0, 0.3, 0.271, 2.0, 3) [0.2660491790322833 0.00421528250811875 0.0023780768055760098] 10 3004.7468757629395s
2022-03-10 02:27:26.091362 (1.0, 100000.0, 12, 10.0, 0.3, 0.271, 2.0, 3) [0.29613768552380226 0.004835521069052501 0.003343980261702507] 10 8940.90298295021s
2022-03-10 02:39:04.227458 (1.0, 100000.0, 12, 10.0, 0.3, 0.271, 2.0, 3) [0.30056980749344075 0.005171318283392746 0.003008307422504149] 10 9639.040407657623s
2022-03-10 02:42:38.215894 (1.0, 100000.0, 14, 10.0, 0.3, 0.271, 2.0, 3) [0.26567834791156264 0.0049104813304765675 0.0024057991277752185] 10 3003.9977910518646s
2022-03-10 02:43:40.022774 (1.0, 100000.0, 14, 10.0, 0.3, 0.271, 2.0, 3) [0.26573028034791374 0.004530490444976781 0.002397263520910032] 10 3004.8858530521393s
2022-03-10 03:03:02.103459 (1.0, 100000.0, 12, 10.0, 0.3, 0.271, 2.0, 3) [0.29727754254453165 0.0038913441081560663 0.003254203702433905] 10 11076.95989060402s
2022-03-10 03:12:59.840114 (1.0, 100000.0, 12, 10.0, 0.3, 0.271, 2.0, 3) [0.30194633598357284 0.007856328742617604 0.00291912148225267] 10 11674.680939912796s
2022-03-10 03:32:45.340039 (1.0, 100000.0, 14, 10.0, 0.3, 0.271, 2.0, 3) [0.2652591298101909 0.007897265284155297 0.0024301804166545742] 10 3007.1167600154877s
2022-03-10 03:33:48.031652 (1.0, 100000.0, 14, 10.0, 0.3, 0.271, 2.0, 3) [0.2658715658353891 0.004211988669838114 0.002388155443834039] 10 3008.00683093071s
2022-03-10 04:12:50.166652 (1.0, 100000.0, 12, 10.0, 0.3, 0.271, 2.0, 3) [0.2935108901010183 0.003819480639133842 0.0035630884260907936] 10 4188.04176235199s
2022-03-10 04:20:45.087150 (1.0, 100000.0, 12, 10.0, 0.3, 0.271, 2.0, 3) [0.29699129280257985 0.004879706702339772 0.0032805952329266795] 10 6100.857505321503s
2022-03-10 04:22:49.827747 (1.0, 100000.0, 14, 10.0, 0.3, 0.271, 2.0, 3) [0.2613344283121582 0.0028450708229786795 0.0027033492173722706] 10 3004.4796295166016s
2022-03-10 04:23:53.455985 (1.0, 100000.0, 14, 10.0, 0.3, 0.271, 2.0, 3) [0.2642611873254598 0.00352939654525143 0.002498962427790082] 10 3005.418928384781s
2022-03-10 05:12:59.068421 (1.0, 100000.0, 14, 10.0, 0.3, 0.271, 2.0, 3) [0.2631932322996157 0.0036540856317441015 0.0025740560845098465] 10 3009.2359862327576s
2022-03-10 05:14:03.509892 (1.0, 100000.0, 14, 10.0, 0.3, 0.271, 2.0, 3) [0.2645289329688176 0.006573420662038274 0.0024785561522628063] 10 3010.050459384918s
2022-03-10 05:34:46.131213 (1.0, 100000.0, 12, 10.0, 0.3, 0.271, 2.0, 3) [0.3006340177743644 0.0034994300164720555 0.0030112808627618367] 10 4915.931250095367s
2022-03-10 05:38:20.524562 (1.0, 100000.0, 12, 10.0, 0.3, 0.271, 2.0, 3) [0.29853774042644093 0.0036116709849671365 0.0031594403287753853] 10 11454.423978567123s
2022-03-10 06:03:09.179060 (1.0, 100000.0, 14, 10.0, 0.3, 0.271, 2.0, 3) [0.2618184296521595 0.004420994194202022 0.0026703225390908715] 10 3010.1017458438873s
2022-03-10 06:04:14.529473 (1.0, 100000.0, 14, 10.0, 0.3, 0.271, 2.0, 3) [0.2659718313179696 0.006273356479720403 0.002380315197266244] 10 3011.0151965618134s
2022-03-10 06:08:59.906699 (1.0, 100000.0, 12, 10.0, 0.3, 0.271, 2.0, 3) [0.30232840934994437 0.005569983607039903 0.0028954000892305394] 10 6494.796272277832s
2022-03-10 06:27:27.213551 (1.0, 100000.0, 12, 10.0, 0.3, 0.271, 2.0, 3) [0.2991805839103472 0.00605918648809029 0.003118014069048627] 10 11667.371386289597s
2022-03-10 06:40:06.887200 (1.0, 100000.0, 12, 10.0, 0.3, 0.271, 2.0, 3) [0.30099865993899544 0.004345816832060128 0.002978249974269059] 10 3706.3347973823547s
2022-03-10 06:40:08.425174 (1.0, 100000.0, 12, 10.0, 0.3, 0.271, 2.0, 3) [0.2979683368273353 0.003502531605562288 0.003207243038932234] 10 3922.2704310417175s
2022-03-10 06:50:09.438804 (1.0, 100000.0, 12, 10.0, 0.3, 0.271, 2.0, 3) [0.2997689579294846 0.0054507114590403045 0.0030691705297714264] 10 2469.5008516311646s
2022-03-10 06:53:17.098623 (1.0, 100000.0, 14, 10.0, 0.3, 0.271, 2.0, 3) [0.2637444492349935 0.004795076273664943 0.0025386175868439003] 10 3007.9061908721924s
2022-03-10 06:54:23.398962 (1.0, 100000.0, 14, 10.0, 0.3, 0.271, 2.0, 3) [0.26170776792923417 0.002795286297869849 0.0026791763286597614] 10 3008.864334344864s
2022-03-10 07:17:58.266545 (1.0, 100000.0, 12, 10.0, 0.3, 0.271, 2.0, 3) [0.2981985487734223 0.004027097523167176 0.0031873561077374727] 10 3031.0475091934204s
2022-03-10 07:22:39.111466 (1.0, 100000.0, 12, 10.0, 0.3, 0.271, 2.0, 3) [0.3021068448052483 0.0043062124606591794 0.002908837465839076] 10 2552.2122218608856s
2022-03-10 07:30:42.637616 (1.0, 100000.0, 12, 10.0, 0.3, 0.271, 2.0, 3) [0.3009770275034229 0.005009601812874489 0.0029818706674924903] 10 3034.195329427719s
2022-03-10 07:43:25.199938 (1.0, 100000.0, 14, 10.0, 0.3, 0.271, 2.0, 3) [0.2623233305672159 0.005822133534146862 0.002637708366046838] 10 3008.0983452796936s
2022-03-10 07:44:32.582460 (1.0, 100000.0, 14, 10.0, 0.3, 0.271, 2.0, 3) [0.2564554675308259 0.008365337475482085 0.003099097826547869] 10 3009.1787152290344s
2022-03-10 08:11:58.205593 (1.0, 100000.0, 12, 10.0, 0.3, 0.271, 2.0, 3) [0.30082336156969575 0.004638811426845301 0.0029990757659767026] 10 4908.756222724915s
2022-03-10 08:33:35.877908 (1.0, 100000.0, 14, 10.0, 0.3, 0.271, 2.0, 3) [0.2648892825777931 0.003383676984602253 0.0024561780544354226] 10 3010.670408010483s
2022-03-10 08:34:08.933528 (1.0, 100000.0, 14, 10.0, 0.3, 0.271, 2.0, 3) [0.2639294939106327 0.0035125095487733775 0.0025177898062145256] 10 2976.347303390503s
2022-03-10 10:09:08.755418 (1.0, 100000.0, 12, 10.0, 0.3, 0.271, 2.0, 3) [0.29497805968571855 0.0034608839435225952 0.003432106221863427] 10 9989.61501955986s
2022-03-10 10:17:16.589338 (1.0, 100000.0, 12, 10.0, 0.3, 0.271, 2.0, 3) [0.3045128417894459 0.003615442916254033 0.002752637756847071] 10 9993.943020820618s
2022-03-10 10:45:59.798776 (1.0, 100000.0, 12, 10.0, 0.3, 0.271, 2.0, 3) [0.29824984037021623 0.00967449266115013 0.003181262422962766] 10 9241.590947389603s
2022-03-10 10:47:54.685920 (1.0, 100000.0, 12, 10.0, 0.3, 0.271, 2.0, 3) [0.2981281271624276 0.005214119355486944 0.003194945505744409] 10 12596.406008720398s
2022-03-10 11:14:53.756184 (1.0, 100000.0, 12, 10.0, 0.3, 0.271, 2.0, 3) [0.3014678396648351 0.00607901450474178 0.0029482374308590588] 10 3944.851269721985s
2022-03-10 11:53:38.912063 (1.0, 100000.0, 12, 10.0, 0.3, 0.271, 2.0, 3) [0.29462831811949575 0.004408066287312984 0.0034699053461333305] 10 5782.30174779892s
2022-03-10 11:59:21.753270 (1.0, 100000.0, 12, 10.0, 0.3, 0.271, 2.0, 3) [0.30303210368982164 0.0036855811406524067 0.002840722438095298] 10 4401.94119811058s
2022-03-10 12:00:19.814520 (1.0, 100000.0, 12, 10.0, 0.3, 0.271, 2.0, 3) [0.3012923098325416 0.0064954855894384786 0.0029650038056329158] 10 4345.123631954193s
2022-03-10 12:34:29.334654 (1.0, 100000.0, 12, 10.0, 0.3, 0.271, 2.0, 3) [0.29996391113651977 0.00424485340846657 0.0030585809203097975] 10 4775.571057796478s
2022-03-10 12:41:25.187666 (1.0, 100000.0, 12, 10.0, 0.3, 0.271, 2.0, 3) [0.2985903186926146 0.005020968065818625 0.003160329966762164] 10 2866.2564449310303s
2022-03-10 12:45:35.657876 (1.0, 100000.0, 12, 10.0, 0.3, 0.271, 2.0, 3) [0.2990190946253824 0.00445373124307537 0.0031261250348178543] 10 2773.8791587352753s
2022-03-10 12:51:27.518514 (1.0, 100000.0, 12, 10.0, 0.3, 0.271, 2.0, 3) [0.2969397063806033 0.004185344717253234 0.00328004313250812] 10 3067.6863780021667s
2022-03-10 14:04:17.202400 (1.0, 100000.0, 12, 10.0, 0.3, 0.271, 2.0, 3) [0.30059979373495965 0.0033619298304969378 0.0030138179898131176] 10 5387.827384471893s
2022-03-10 14:14:52.778517 (1.0, 100000.0, 12, 10.0, 0.3, 0.271, 2.0, 3) [0.2997090785962089 0.0034803720032046174 0.0030778426955956326] 10 5357.101619720459s
2022-03-10 14:19:11.291544 (1.0, 100000.0, 12, 10.0, 0.3, 0.271, 2.0, 3) [0.30055209981151504 0.0057256555591837 0.0030146536894262474] 10 5866.053601503372s
2022-03-10 14:22:46.982358 (1.0, 100000.0, 12, 10.0, 0.3, 0.271, 2.0, 3) [0.2976591926216222 0.003387220651834492 0.003225560644439558] 10 5479.433875322342s
2022-03-10 15:29:05.337101 (1.0, 100000.0, 12, 10.0, 0.3, 0.271, 2.0, 3) [0.30158998429874356 0.005006461243599196 0.0029423179537942097] 10 5088.1039254665375s
2022-03-10 15:30:31.103857 (1.0, 100000.0, 12, 10.0, 0.3, 0.271, 2.0, 3) [0.2983546162165984 0.009659450498600657 0.0031810254529490356] 10 4064.0975437164307s
2022-03-10 15:35:20.431449 (1.0, 100000.0, 12, 10.0, 0.3, 0.271, 2.0, 3) [0.3042170218759822 0.006061217124819526 0.002766354598017517] 10 4569.1321313381195s
2022-03-10 15:43:18.094175 (1.0, 100000.0, 12, 10.0, 0.3, 0.271, 2.0, 3) [0.2983001528522217 0.0039015573875131274 0.003178419192440624] 10 5305.300601482391s
2022-03-10 15:58:49.906443 (1.0, 100000.0, 12, 10.0, 0.3, 0.271, 2.0, 3) [0.2987135421828468 0.005603248540962276 0.003149521413475125] 10 1698.770804643631s
2022-03-10 15:59:18.046299 (1.0, 100000.0, 12, 10.0, 0.3, 0.271, 2.0, 3) [0.30120610603903947 0.003193889587754786 0.002967892228019865] 10 1812.6698529720306s
2022-03-10 16:06:55.681228 (1.0, 100000.0, 12, 10.0, 0.3, 0.271, 2.0, 3) [0.301148381224889 0.0032998452057564987 0.0029712934639136547] 10 485.7493050098419s
2022-03-13 21:38:48.654237 (1.0, 100000.0, 11, 10.0, 0.3, 0.271, 2.0, 3) [0.32138926143775554 0.005052318132724097 0.003479565911524517] 10 272589.12511587143s
2022-03-13 21:46:30.277246 (1.0, 100000.0, 11, 10.0, 0.3, 0.271, 2.0, 3) [0.32193292817819874 0.005433625192912002 0.0034393218543897976] 10 273051.19695949554s
2022-03-14 23:04:16.094268 (1.0, 100000.0, 10, 10.0, 0.3, 0.271, 2.0, 3) [0.3469761872831408 0.0063589844228928395 0.003974377238113273] 10 449308.3992910385s
2022-03-14 23:04:54.414551 (1.0, 100000.0, 10, 10.0, 0.3, 0.271, 2.0, 3) [0.34807054653546465 0.005684965232390212 0.003890139302292536] 10 449346.6730000973s
2022-03-14 23:09:16.814120 (1.0, 100000.0, 10, 10.0, 0.3, 0.271, 2.0, 3) [0.34754812030484467 0.004619668207635532 0.003932859607685864] 10 449609.06265330315s
2022-03-14 23:09:59.013260 (1.0, 100000.0, 10, 10.0, 0.3, 0.271, 2.0, 3) [0.3475144017492366 0.003667577278205587 0.00393349491749251] 10 449651.37164354324s
2022-03-14 23:10:14.930588 (1.0, 100000.0, 10, 10.0, 0.3, 0.271, 2.0, 3) [0.3504752184759176 0.006544156666995091 0.0037139914891758836] 10 449667.16573143005s
2022-03-14 23:11:24.650664 (1.0, 100000.0, 10, 10.0, 0.3, 0.271, 2.0, 3) [0.34504730927455274 0.005309491928812014 0.004123960761228423] 10 449736.9072332382s
2022-03-14 23:13:00.171909 (1.0, 100000.0, 10, 10.0, 0.3, 0.271, 2.0, 3) [0.34623767015768114 0.004811457994954277 0.004033259752457358] 10 449832.4549751282s
2022-03-15 01:17:08.750573 (1.0, 100000.0, 10, 10.0, 0.3, 0.271, 2.0, 3) [0.3446404291020358 0.00493050121247453 0.004157246118022795] 10 457280.9066193104s
2022-03-15 01:23:05.074857 (1.0, 100000.0, 10, 10.0, 0.3, 0.271, 2.0, 3) [0.348477379830569 0.004459833251658929 0.0038634106198489468] 10 457637.3552212715s
2022-03-15 01:23:08.079414 (1.0, 100000.0, 10, 10.0, 0.3, 0.271, 2.0, 3) [0.34590877680941773 0.004029807589213681 0.004051032456112958] 10 457640.30741643906s
2022-03-15 01:23:21.758622 (1.0, 100000.0, 10, 10.0, 0.3, 0.271, 2.0, 3) [0.34624728942511135 0.0032706920562273287 0.004025687632107418] 10 457654.1096487045s
2022-03-15 01:24:14.985427 (1.0, 100000.0, 10, 10.0, 0.3, 0.271, 2.0, 3) [0.34745779904713825 0.00893837600319765 0.003935261155181278] 10 457707.2672569752s
2022-03-15 01:24:50.150637 (1.0, 100000.0, 10, 10.0, 0.3, 0.271, 2.0, 3) [0.34685843289604734 0.008471302862115872 0.003983935554704541] 10 457742.5069231987s
2022-03-15 01:25:05.712993 (1.0, 100000.0, 10, 10.0, 0.3, 0.271, 2.0, 3) [0.3475840336206081 0.005936967313823789 0.0039292437911139155] 10 457758.0901706219s
2022-03-15 01:25:33.622380 (1.0, 100000.0, 10, 10.0, 0.3, 0.271, 2.0, 3) [0.3478258285491908 0.003996726441448472 0.0039094823423196185] 10 457785.8157310486s
2022-03-15 01:27:24.294256 (1.0, 100000.0, 10, 10.0, 0.3, 0.271, 2.0, 3) [0.34833652841260015 0.004368664117541724 0.003870824691775848] 10 457896.46407437325s
2022-03-15 01:28:12.603455 (1.0, 100000.0, 10, 10.0, 0.3, 0.271, 2.0, 3) [0.3475844585761862 0.002868347091273541 0.0039326475378056655] 10 457944.97629475594s
2022-03-15 01:30:56.794920 (1.0, 100000.0, 10, 10.0, 0.3, 0.271, 2.0, 3) [0.35122380450198876 0.004722908714325942 0.0036587839479176295] 10 458109.0584526062s
2022-03-15 01:31:01.581667 (1.0, 100000.0, 10, 10.0, 0.3, 0.271, 2.0, 3) [0.3476396592103911 0.0062865066346095904 0.0039242528925966125] 10 458113.8926331997s
2022-03-15 01:32:55.387993 (1.0, 100000.0, 10, 10.0, 0.3, 0.271, 2.0, 3) [0.3455948492887893 0.0038955384090033607 0.004084270689230241] 10 458227.43162083626s
2022-03-15 01:33:02.210142 (1.0, 100000.0, 10, 10.0, 0.3, 0.271, 2.0, 3) [0.34760739651461997 0.004167830188307459 0.003920455980933353] 10 458234.60463523865s
2022-03-15 01:33:31.875289 (1.0, 100000.0, 10, 10.0, 0.3, 0.271, 2.0, 3) [0.34541081929990936 0.005014875800231002 0.004097942271588562] 10 458264.1790370941s
2022-03-15 01:36:10.070512 (1.0, 100000.0, 10, 10.0, 0.3, 0.271, 2.0, 3) [0.34626664050864964 0.006064383612302627 0.004028149107658887] 10 458422.4613740444s
2022-03-15 01:36:16.238567 (1.0, 100000.0, 10, 10.0, 0.3, 0.271, 2.0, 3) [0.35013713080512887 0.005215623960297223 0.003726221657645365] 10 458428.5629889965s
2022-03-15 01:36:38.859663 (1.0, 100000.0, 10, 10.0, 0.3, 0.271, 2.0, 3) [0.3462666934096428 0.00661205583415498 0.004037822679317581] 10 458451.1919052601s
2022-03-15 01:36:57.876175 (1.0, 100000.0, 10, 10.0, 0.3, 0.271, 2.0, 3) [0.34283649508595715 0.0040910835604184344 0.004306347021671126] 10 458470.2293047905s
2022-03-15 01:37:09.421618 (1.0, 100000.0, 10, 10.0, 0.3, 0.271, 2.0, 3) [0.3455898874281 0.004125966311759443 0.004074646765249846] 10 458481.71410417557s
2022-03-15 01:37:27.357284 (1.0, 100000.0, 10, 10.0, 0.3, 0.271, 2.0, 3) [0.344078305716011 0.00782701930323773 0.004207257909574797] 10 458499.5674607754s
2022-03-15 01:37:31.658183 (1.0, 100000.0, 10, 10.0, 0.3, 0.271, 2.0, 3) [0.34983296262042274 0.004533740169668698 0.0037601609943812902] 10 458503.94072175026s
2022-03-15 01:37:52.858644 (1.0, 100000.0, 10, 10.0, 0.3, 0.271, 2.0, 3) [0.3502846106433812 0.006403249790724728 0.0037292783114581613] 10 458525.19627928734s
2022-03-15 01:38:30.803039 (1.0, 100000.0, 10, 10.0, 0.3, 0.271, 2.0, 3) [0.3489962926489157 0.006811036171422487 0.0038224089636471883] 10 458563.0401098728s
2022-03-15 01:38:38.709766 (1.0, 100000.0, 10, 10.0, 0.3, 0.271, 2.0, 3) [0.34993327056745405 0.0047009208752924235 0.003752902831439097] 10 458570.89556765556s
2022-03-15 01:38:42.589014 (1.0, 100000.0, 10, 10.0, 0.3, 0.271, 2.0, 3) [0.3459947091507817 0.0036124786147474384 0.004057296129457453] 10 458574.96576976776s
2022-03-15 01:38:56.999788 (1.0, 100000.0, 10, 10.0, 0.3, 0.271, 2.0, 3) [0.342687375532906 0.004725748492878126 0.004325300482317893] 10 458589.33679533005s
2022-03-15 01:40:41.588929 (1.0, 100000.0, 10, 10.0, 0.3, 0.271, 2.0, 3) [0.34797985807507625 0.00403952984452887 0.003897072021587841] 10 458693.91670179367s
2022-03-15 01:42:15.652972 (1.0, 100000.0, 10, 10.0, 0.3, 0.271, 2.0, 3) [0.34756752637254934 0.004999691882772321 0.003931763238258025] 10 458787.82283496857s
2022-03-15 01:43:50.553818 (1.0, 100000.0, 10, 10.0, 0.3, 0.271, 2.0, 3) [0.34766532009026413 0.003786533754109556 0.003917595590502228] 10 458882.7422645092s
2022-03-15 01:44:10.183036 (1.0, 100000.0, 10, 10.0, 0.3, 0.271, 2.0, 3) [0.3500005452740429 0.005157828237054803 0.00374152685461768] 10 458902.47569942474s
2022-03-15 01:46:14.573610 (1.0, 100000.0, 10, 10.0, 0.3, 0.271, 2.0, 3) [0.35241160817172906 0.006962129427263105 0.003570250685628896] 10 459026.92816615105s
2022-03-15 01:46:23.813586 (1.0, 100000.0, 10, 10.0, 0.3, 0.271, 2.0, 3) [0.3457162014285042 0.008958250155043482 0.0040740862595673236] 10 459036.18117141724s
2022-03-15 01:46:32.722708 (1.0, 100000.0, 10, 10.0, 0.3, 0.271, 2.0, 3) [0.34689362017847075 0.00404932514182596 0.003981147141800024] 10 459044.9742426872s
2022-03-15 01:47:27.278034 (1.0, 100000.0, 10, 10.0, 0.3, 0.271, 2.0, 3) [0.3471366588008014 0.0056016717621730746 0.003958918481081882] 10 459099.42623496056s
2022-03-15 01:50:08.170511 (1.0, 100000.0, 10, 10.0, 0.3, 0.271, 2.0, 3) [0.3467601630262237 0.0036737897081968577 0.00399377296916964] 10 459260.4359059334s
2022-03-15 01:51:23.573940 (1.0, 100000.0, 10, 10.0, 0.3, 0.271, 2.0, 3) [0.341647417997231 0.00589487516310604 0.004415373068891821] 10 459335.909737587s
2022-03-15 01:53:24.434591 (1.0, 100000.0, 10, 10.0, 0.3, 0.271, 2.0, 3) [0.3467827423934381 0.0031286816882554244 0.003994421139483462] 10 459456.50691509247s
2022-03-15 01:54:35.709244 (1.0, 100000.0, 10, 10.0, 0.3, 0.271, 2.0, 3) [0.34564180344927786 0.011722075254331308 0.004080123895284054] 10 459527.99807834625s
2022-03-15 01:54:45.017127 (1.0, 100000.0, 10, 10.0, 0.3, 0.271, 2.0, 3) [0.34628301825315677 0.004457584262778602 0.0040344281473997] 10 459537.37653660774s
2022-03-15 02:58:53.745345 (1.0, 100000.0, 10, 10.0, 0.3, 0.271, 2.0, 3) [0.3488615235572709 0.006034556748132953 0.003824002718595981] 10 463386.0766861439s
2022-03-15 02:59:02.692855 (1.0, 100000.0, 10, 10.0, 0.3, 0.271, 2.0, 3) [0.34642248920379004 0.005072388651118757 0.00401396945867029] 10 463395.0220389366s
2022-03-15 03:04:57.545028 (1.0, 100000.0, 10, 10.0, 0.3, 0.271, 2.0, 3) [0.3486855261245955 0.004843093836433022 0.0038410831151143325] 10 463749.8395154476s
2022-03-15 03:05:54.849512 (1.0, 100000.0, 10, 10.0, 0.3, 0.271, 2.0, 3) [0.3494753041119101 0.004850901877667389 0.003783570755131503] 10 463807.1384651661s
2022-03-15 03:09:29.508323 (1.0, 100000.0, 10, 10.0, 0.3, 0.271, 2.0, 3) [0.348718327944507 0.004911094129548263 0.003838712149443529] 10 464021.8201775551s
2022-03-15 03:10:05.985017 (1.0, 100000.0, 10, 10.0, 0.3, 0.271, 2.0, 3) [0.3429272293446099 0.006041496806519575 0.004296379213895077] 10 464058.32173871994s
2022-03-15 03:12:03.049755 (1.0, 100000.0, 10, 10.0, 0.3, 0.271, 2.0, 3) [0.3534905038211193 0.006436506570334856 0.003500139410516866] 10 464175.32594037056s
2022-03-15 03:13:24.063238 (1.0, 100000.0, 10, 10.0, 0.3, 0.271, 2.0, 3) [0.34226768984162126 0.006037769147127476 0.0043606757569259556] 10 464256.4002623558s
2022-03-15 04:48:37.019285 (1.0, 100000.0, 10, 10.0, 0.3, 0.271, 2.0, 3) [0.34193095194004236 0.007986493489885053 0.0043890101325978455] 10 469969.3443071842s
2022-03-15 04:56:20.234830 (1.0, 100000.0, 10, 10.0, 0.3, 0.271, 2.0, 3) [0.3461491413095322 0.004923462832954204 0.004040693442263492] 10 470432.46042585373s
2022-03-15 05:00:14.743436 (1.0, 100000.0, 10, 10.0, 0.3, 0.271, 2.0, 3) [0.35164106296116837 0.0034550765480161334 0.0036251071297778896] 10 470667.11349630356s
2022-03-15 05:01:45.225719 (1.0, 100000.0, 10, 10.0, 0.3, 0.271, 2.0, 3) [0.34807456322810765 0.004529261158660186 0.0038905209099124828] 10 470757.3976826668s
2022-03-15 05:04:28.171463 (1.0, 100000.0, 10, 10.0, 0.3, 0.271, 2.0, 3) [0.3477132082261515 0.003071168017028847 0.0039199297733753715] 10 470920.3870277405s
2022-03-15 05:07:34.536528 (1.0, 100000.0, 10, 10.0, 0.3, 0.271, 2.0, 3) [0.3418324539978048 0.005612833514604217 0.004392189384440943] 10 471106.7753942013s
2022-03-15 05:10:04.492844 (1.0, 100000.0, 10, 10.0, 0.3, 0.271, 2.0, 3) [0.3450655594782953 0.004225568200870134 0.004125362340386676] 10 471256.6629972458s
2022-03-15 05:10:38.341784 (1.0, 100000.0, 10, 10.0, 0.3, 0.271, 2.0, 3) [0.3460769752251667 0.006771038224268603 0.004043636890859272] 10 471290.63642811775s
2022-03-15 05:12:52.870983 (1.0, 100000.0, 10, 10.0, 0.3, 0.271, 2.0, 3) [0.3502499572357831 0.0040892793265377095 0.0037286154913470037] 10 471425.1628110409s
2022-03-15 13:43:16.694019 (1.0, 100000.0, 11, 10.0, 0.3, 0.271, 2.0, 3) [0.32281851551057306 0.0038176722547005834 0.0033712947009603635] 10 416857.71245861053s
2022-03-15 14:20:03.068535 (1.0, 100000.0, 11, 10.0, 0.3, 0.271, 2.0, 3) [0.32126165879610613 0.0036747061276419324 0.0034886767044989947] 10 419063.9302852154s
2022-03-15 14:27:32.623845 (1.0, 100000.0, 11, 10.0, 0.3, 0.271, 2.0, 3) [0.3197977354006136 0.003544333167339877 0.0036047375009467257] 10 419513.7066690922s
2022-03-15 14:27:42.502766 (1.0, 100000.0, 11, 10.0, 0.3, 0.271, 2.0, 3) [0.3257943338706493 0.008111368682539385 0.0031691605619771847] 10 419523.5784740448s
2022-03-15 14:43:54.546208 (1.0, 100000.0, 11, 10.0, 0.3, 0.271, 2.0, 3) [0.3199338933896794 0.0036511381431663997 0.0035919799157680906] 10 420495.5422434807s
2022-03-15 14:46:29.791453 (1.0, 100000.0, 11, 10.0, 0.3, 0.271, 2.0, 3) [0.3208280907119024 0.00436767595579062 0.0035241911972532423] 10 420650.845020771s
