2022-03-07 23:59:28.841411 (1.0, 100000.0, 10, 10.0, 0.3, 0.261, 2.0, 3) [0.3619126051568557 0.005826332712813968 0.002943199075330612] 3 227.15661025047302s
2022-03-07 23:59:29.001772 (1.0, 100000.0, 10, 10.0, 0.3, 0.268, 2.0, 3) [0.35244985667580564 0.005870619319396865 0.003560266160873259] 3 227.32000088691711s
2022-03-07 23:59:29.174465 (1.0, 100000.0, 10, 10.0, 0.3, 0.246, 2.0, 3) [0.38896354657329363 0.0056484697486577536 0.001715902192074619] 3 227.4965054988861s
2022-03-07 23:59:31.857781 (1.0, 100000.0, 10, 10.0, 0.3, 0.254, 2.0, 3) [0.3818968279688309 0.006767749137973994 0.0019835422389927] 3 230.16977882385254s
2022-03-07 23:59:32.651882 (1.0, 100000.0, 10, 10.0, 0.3, 0.234, 2.0, 3) [0.4126832921634292 0.005392554344042254 0.0010680500967649481] 3 230.96125292778015s
2022-03-08 00:01:05.396537 (1.0, 100000.0, 11, 10.0, 0.3, 0.281, 2.0, 3) [0.31141426143594003 0.007055851342208927 0.0043484138483450875] 3 323.72080087661743s
2022-03-08 00:01:13.477420 (1.0, 100000.0, 11, 10.0, 0.3, 0.246, 2.0, 3) [0.3651052601101912 0.005415983017996424 0.0013306172059769192] 3 331.79258465766907s
2022-03-08 00:01:13.702652 (1.0, 100000.0, 11, 10.0, 0.3, 0.241, 2.0, 3) [0.3709428727464214 0.008222019525226814 0.001169959362576347] 3 332.0198223590851s
2022-03-08 00:01:14.061393 (1.0, 100000.0, 11, 10.0, 0.3, 0.268, 2.0, 3) [0.32906678110041687 0.005266694667285841 0.0029415149227175505] 3 332.3830580711365s
2022-03-08 00:01:16.830294 (1.0, 100000.0, 11, 10.0, 0.3, 0.221, 2.0, 3) [0.40844068640002523 0.00555698858654311 0.0005132162819303846] 3 335.141606092453s
2022-03-08 00:03:02.613523 (1.0, 100000.0, 10, 10.0, 0.3, 0.261, 2.0, 3) [0.3645872390037519 0.00383366093761534 0.00279303761464351] 3 213.76942229270935s
2022-03-08 00:03:02.807131 (1.0, 100000.0, 10, 10.0, 0.3, 0.246, 2.0, 3) [0.3887266956898953 0.003876608678398429 0.0017256542402585592] 3 213.63048005104065s
2022-03-08 00:03:02.918074 (1.0, 100000.0, 10, 10.0, 0.3, 0.268, 2.0, 3) [0.3533903359118675 0.0038642963607854104 0.0034967689245697046] 3 213.91423535346985s
2022-03-08 00:03:09.888235 (1.0, 100000.0, 10, 10.0, 0.3, 0.254, 2.0, 3) [0.37916045892337485 0.0032798929213541292 0.002094123131074366] 3 218.02773904800415s
2022-03-08 00:03:10.298712 (1.0, 100000.0, 10, 10.0, 0.3, 0.234, 2.0, 3) [0.41073083872336447 0.004947186921593387 0.0011104654324108336] 3 217.6446931362152s
2022-03-08 00:03:18.921712 (1.0, 100000.0, 12, 10.0, 0.3, 0.248, 2.0, 3) [0.3340919481989219 0.004581207214594551 0.0013436868293233292] 3 455.72527551651s
2022-03-08 00:03:19.087998 (1.0, 100000.0, 12, 10.0, 0.3, 0.221, 2.0, 3) [0.38231732326336615 0.008379332141295643 0.00042300554633653776] 3 455.8894696235657s
2022-03-08 00:03:19.267025 (1.0, 100000.0, 12, 10.0, 0.3, 0.251, 2.0, 3) [0.32966956613490084 0.006622843849797032 0.0014983578093499723] 3 456.0744707584381s
2022-03-08 00:03:24.915524 (1.0, 100000.0, 12, 10.0, 0.3, 0.261, 2.0, 3) [0.3124033921430084 0.005668784014544106 0.0022664444119340947] 3 461.71656560897827s
2022-03-08 00:03:25.730929 (1.0, 100000.0, 12, 10.0, 0.3, 0.281, 2.0, 3) [0.2835646805447527 0.0029450917975434223 0.004524276348942033] 3 462.5343382358551s
2022-03-08 00:06:17.343918 (1.0, 100000.0, 11, 10.0, 0.3, 0.281, 2.0, 3) [0.3043034809632084 0.005152771032796418 0.005061814757714011] 3 311.9446933269501s
2022-03-08 00:06:32.389381 (1.0, 100000.0, 11, 10.0, 0.3, 0.246, 2.0, 3) [0.3655667724263456 0.004754678141318529 0.0013175704167683263] 3 318.9091296195984s
2022-03-08 00:06:33.133162 (1.0, 100000.0, 11, 10.0, 0.3, 0.268, 2.0, 3) [0.32729799635247264 0.005447933384050886 0.0030573253551283617] 3 319.0697536468506s
2022-03-08 00:06:33.891749 (1.0, 100000.0, 11, 10.0, 0.3, 0.241, 2.0, 3) [0.3711185196194264 0.00500773754805429 0.0011647494403506885] 3 320.1868073940277s
2022-03-08 00:06:36.321787 (1.0, 100000.0, 13, 10.0, 0.3, 0.246, 2.0, 3) [0.32590768632791506 0.004970795004421066 0.0008564651042948699] 3 653.1289031505585s
2022-03-08 00:06:36.420368 (1.0, 100000.0, 13, 10.0, 0.3, 0.234, 2.0, 3) [0.3454799865470531 0.00433756830162671 0.0005145136441832697] 3 653.2290422916412s
2022-03-08 00:06:36.450149 (1.0, 100000.0, 10, 10.0, 0.3, 0.246, 2.0, 3) [0.3896529150151119 0.0038278378389502124 0.0016916213946818685] 3 213.64037704467773s
2022-03-08 00:06:36.676921 (1.0, 100000.0, 10, 10.0, 0.3, 0.268, 2.0, 3) [0.35692914001747106 0.005585056294564148 0.003263640273317485] 3 213.75538611412048s
2022-03-08 00:06:38.803903 (1.0, 100000.0, 11, 10.0, 0.3, 0.221, 2.0, 3) [0.4070697763664224 0.005042300972073136 0.0005283516581228841] 3 321.9713501930237s
2022-03-08 00:06:47.382638 (1.0, 100000.0, 10, 10.0, 0.3, 0.254, 2.0, 3) [0.3749118351915108 0.00420453007650197 0.002273327052465304] 3 217.49162912368774s
2022-03-08 00:06:47.828110 (1.0, 100000.0, 10, 10.0, 0.3, 0.234, 2.0, 3) [0.41688252412897375 0.004294968273939005 0.0009823650279888751] 3 217.5267415046692s
2022-03-08 00:06:54.313662 (1.0, 100000.0, 13, 10.0, 0.3, 0.256, 2.0, 3) [0.3045912050924168 0.003631101813898535 0.001487221604293206] 3 671.1079485416412s
2022-03-08 00:10:41.192020 (1.0, 100000.0, 12, 10.0, 0.3, 0.248, 2.0, 3) [0.33150871401299686 0.007682950145171615 0.0014321402294910014] 3 442.26095151901245s
2022-03-08 00:10:41.680934 (1.0, 100000.0, 12, 10.0, 0.3, 0.221, 2.0, 3) [0.38898805918188106 0.004663858562495412 0.00036138133824249817] 3 442.5817332267761s
2022-03-08 00:10:42.653110 (1.0, 100000.0, 12, 10.0, 0.3, 0.251, 2.0, 3) [0.33250347264964003 0.004022073222510686 0.0013984949652283804] 3 443.38087582588196s
2022-03-08 00:10:57.439429 (1.0, 100000.0, 12, 10.0, 0.3, 0.261, 2.0, 3) [0.3172984841097965 0.006109859219771539 0.0020171702259808417] 3 452.521240234375s
2022-03-08 00:10:58.277129 (1.0, 100000.0, 12, 10.0, 0.3, 0.281, 2.0, 3) [0.2833024467119474 0.004728084585094089 0.004554194316710366] 3 452.54379987716675s
2022-03-08 00:11:12.771879 (1.0, 100000.0, 14, 10.0, 0.3, 0.256, 2.0, 3) [0.28680418951647946 0.00439624011971189 0.0013266007695437653] 3 929.561244726181s
2022-03-08 00:11:14.544650 (1.0, 100000.0, 11, 10.0, 0.3, 0.281, 2.0, 3) [0.3080945340887722 0.005543910388094577 0.004650606274604349] 3 297.19720101356506s
2022-03-08 00:11:17.865234 (1.0, 100000.0, 14, 10.0, 0.3, 0.254, 2.0, 3) [0.28822918767584105 0.0031661686664568012 0.0012747640935088062] 3 934.654294013977s
2022-03-08 00:11:19.724774 (1.0, 100000.0, 14, 10.0, 0.3, 0.261, 2.0, 3) [0.27975398639200877 0.0030508875703072905 0.0016197043868746315] 3 936.5153706073761s
2022-03-08 00:11:21.858217 (1.0, 100000.0, 14, 10.0, 0.3, 0.246, 2.0, 3) [0.30591417350382755 0.0033243176657021126 0.0007800005763418164] 3 938.6490733623505s
2022-03-08 00:11:26.391204 (1.0, 100000.0, 14, 10.0, 0.3, 0.251, 2.0, 3) [0.2980967175501123 0.005097527157660413 0.0009677505203321035] 3 943.177677154541s
2022-03-08 00:11:35.734926 (1.0, 100000.0, 11, 10.0, 0.3, 0.246, 2.0, 3) [0.3615437622155001 0.004458014501725898 0.0014410691347993985] 3 303.34252858161926s
2022-03-08 00:11:36.617394 (1.0, 100000.0, 11, 10.0, 0.3, 0.268, 2.0, 3) [0.32360345979101424 0.006054126253364709 0.0033135284798474405] 3 303.48145842552185s
2022-03-08 00:11:38.212119 (1.0, 100000.0, 11, 10.0, 0.3, 0.241, 2.0, 3) [0.3672214230161362 0.008209232523912627 0.0012670252751892804] 3 304.31724977493286s
2022-03-08 00:11:42.493207 (1.0, 100000.0, 11, 10.0, 0.3, 0.221, 2.0, 3) [0.40690870413463426 0.0027826010806551037 0.0005300314988864269] 3 303.68586349487305s
2022-03-08 00:17:21.969685 (1.0, 100000.0, 13, 10.0, 0.3, 0.246, 2.0, 3) [0.32283255480828194 0.0038164844491630607 0.0009265233040799442] 3 645.645126581192s
2022-03-08 00:17:22.131924 (1.0, 100000.0, 13, 10.0, 0.3, 0.234, 2.0, 3) [0.34220324185742573 0.003503531720324175 0.0005592980073411017] 3 645.7092492580414s
2022-03-08 00:17:57.704087 (1.0, 100000.0, 13, 10.0, 0.3, 0.256, 2.0, 3) [0.3050812955218798 0.004884763314194342 0.0014660571029207043] 3 663.3869938850403s
2022-03-08 00:18:03.358497 (1.0, 100000.0, 12, 10.0, 0.3, 0.248, 2.0, 3) [0.33774603657045166 0.005307673944141978 0.0012356210303247198] 3 442.16412329673767s
2022-03-08 00:18:04.101643 (1.0, 100000.0, 12, 10.0, 0.3, 0.221, 2.0, 3) [0.3893209183244481 0.007913659433260155 0.0003588492220773559] 3 442.4183750152588s
2022-03-08 00:18:05.682671 (1.0, 100000.0, 12, 10.0, 0.3, 0.251, 2.0, 3) [0.33435514151974693 0.003977498455141392 0.0013411624004697645] 3 443.0274314880371s
2022-03-08 00:18:29.532096 (1.0, 100000.0, 12, 10.0, 0.3, 0.261, 2.0, 3) [0.3169708824002174 0.004057643678928814 0.0020292781799115846] 3 452.0893290042877s
2022-03-08 00:18:30.449476 (1.0, 100000.0, 12, 10.0, 0.3, 0.281, 2.0, 3) [0.28477231070199077 0.005021204891550044 0.00439915961974017] 3 452.1672742366791s
2022-03-08 00:20:10.357487 (1.0, 100000.0, 10, 10.0, 0.3, 0.248, 2.0, 3) [0.3865336181932907 0.0035489021933423704 0.0018027843702914117] 3 1467.7529275417328s
2022-03-08 00:20:10.357601 (1.0, 100000.0, 10, 10.0, 0.3, 0.221, 2.0, 3) [0.43704321681878616 0.005851012464009276 0.0006568988960537185] 3 1467.867633342743s
2022-03-08 00:20:19.873152 (1.0, 100000.0, 10, 10.0, 0.3, 0.251, 2.0, 3) [0.3847239031789761 0.008137568934341831 0.0018725313273925453] 3 1477.5365319252014s
2022-03-08 00:20:26.220914 (1.0, 100000.0, 10, 10.0, 0.3, 0.256, 2.0, 3) [0.37346409636201233 0.0047955620761643645 0.002338446322097312] 3 1484.0295689105988s
2022-03-08 00:20:33.212975 (1.0, 100000.0, 10, 10.0, 0.3, 0.241, 2.0, 3) [0.394817076217344 0.008920357883820338 0.0015263638298663499] 3 1490.8168919086456s
2022-03-08 00:21:01.643182 (1.0, 100000.0, 10, 10.0, 0.3, 0.281, 2.0, 3) [0.32896890740548096 0.004694816343973958 0.00569635490098873] 3 1519.48792719841s
2022-03-08 00:24:14.136988 (1.0, 100000.0, 15, 10.0, 0.3, 0.281, 2.0, 3) [0.2341404066596686 0.004120205015061258 0.00363048267844002] 3 1347.6362116336823s
2022-03-08 00:24:24.652982 (1.0, 100000.0, 15, 10.0, 0.3, 0.251, 2.0, 3) [0.2832821974241099 0.004235434577927623 0.0008315962935638303] 3 1358.2670516967773s
2022-03-08 00:24:25.846420 (1.0, 100000.0, 13, 10.0, 0.3, 0.261, 2.0, 3) [0.29814415129536687 0.004243784260475996 0.0017603852636588313] 3 1722.4870965480804s
2022-03-08 00:24:34.370912 (1.0, 100000.0, 13, 10.0, 0.3, 0.248, 2.0, 3) [0.32156312509464274 0.00475134000340464 0.0009563863420643078] 3 1730.9651515483856s
2022-03-08 00:25:30.985831 (1.0, 100000.0, 13, 10.0, 0.3, 0.241, 2.0, 3) [0.3341200266406658 0.003629236648453988 0.0006907355491720992] 3 1787.6093366146088s
2022-03-08 00:25:31.129962 (1.0, 100000.0, 13, 10.0, 0.3, 0.268, 2.0, 3) [0.28466619376693636 0.0035130554983525976 0.0025008592108220463] 3 1787.8200795650482s
2022-03-08 00:25:32.552839 (1.0, 100000.0, 15, 10.0, 0.3, 0.261, 2.0, 3) [0.26570644678747607 0.004738692607060966 0.0014085597334050058] 3 1426.16521525383s
2022-03-08 00:26:56.409876 (1.0, 100000.0, 15, 10.0, 0.3, 0.221, 2.0, 3) [0.3369695763648331 0.006244285933473771 0.00016609547428249053] 3 1510.0119681358337s
2022-03-08 00:27:08.726070 (1.0, 100000.0, 14, 10.0, 0.3, 0.256, 2.0, 3) [0.2921597748501711 0.004102058823829516 0.0011469995334404215] 3 955.9518542289734s
2022-03-08 00:27:14.618407 (1.0, 100000.0, 14, 10.0, 0.3, 0.254, 2.0, 3) [0.2956830205921343 0.006109010127681209 0.0010385252061784148] 3 956.7510242462158s
2022-03-08 00:27:14.879534 (1.0, 100000.0, 14, 10.0, 0.3, 0.261, 2.0, 3) [0.27769147190631727 0.004157346317136718 0.0017107524555092614] 3 955.152596950531s
2022-03-08 00:27:16.618870 (1.0, 100000.0, 14, 10.0, 0.3, 0.246, 2.0, 3) [0.302539171841156 0.005469616353407206 0.0008544285880204979] 3 954.7583973407745s
2022-03-08 00:27:23.141950 (1.0, 100000.0, 14, 10.0, 0.3, 0.251, 2.0, 3) [0.29392795905209523 0.0068492691161127165 0.0010849809571566603] 3 956.7484004497528s
2022-03-08 00:27:25.936377 (1.0, 100000.0, 13, 10.0, 0.3, 0.246, 2.0, 3) [0.32041300585344723 0.006072174332761561 0.0009866335640100177] 3 603.9641191959381s
2022-03-08 00:27:26.385138 (1.0, 100000.0, 13, 10.0, 0.3, 0.234, 2.0, 3) [0.3493696743691502 0.0067083537876409215 0.0004654982911725843] 3 604.251177072525s
2022-03-08 00:28:16.199427 (1.0, 100000.0, 13, 10.0, 0.3, 0.256, 2.0, 3) [0.3063511113489359 0.004530186026991853 0.0014211971182445248] 3 618.4930160045624s
2022-03-08 00:39:16.087686 (1.0, 100000.0, 11, 10.0, 0.3, 0.256, 2.0, 3) [0.3510326345830291 0.005092498572843969 0.0018170359691373412] 3 2613.7905983924866s
2022-03-08 00:39:32.186502 (1.0, 100000.0, 11, 10.0, 0.3, 0.234, 2.0, 3) [0.38686403724054197 0.004079719666295821 0.000825706694206444] 3 2629.8859202861786s
2022-03-08 00:40:07.782833 (1.0, 100000.0, 11, 10.0, 0.3, 0.251, 2.0, 3) [0.35492504148063514 0.00544476305043742 0.00166446031854772] 3 2665.5196344852448s
2022-03-08 00:40:56.805292 (1.0, 100000.0, 11, 10.0, 0.3, 0.261, 2.0, 3) [0.3411164126777926 0.005776931829401459 0.0022611340309352614] 3 2714.6543469429016s
2022-03-08 00:41:31.334092 (1.0, 100000.0, 10, 10.0, 0.3, 0.241, 2.0, 3) [0.39364194827798676 0.005766139397522831 0.001558758430754397] 3 1258.1154398918152s
2022-03-08 00:42:04.073359 (1.0, 100000.0, 10, 10.0, 0.3, 0.251, 2.0, 3) [0.3818800037886339 0.005163076961400495 0.0019774491837066714] 3 1304.1867792606354s
2022-03-08 00:42:07.641193 (1.0, 100000.0, 11, 10.0, 0.3, 0.254, 2.0, 3) [0.3539650148524958 0.0035264030784172176 0.0017038562920714672] 3 2785.3329219818115s
2022-03-08 00:42:35.781956 (1.0, 100000.0, 10, 10.0, 0.3, 0.256, 2.0, 3) [0.3693429220254729 0.004533343772361366 0.002533824572706808] 3 1329.539792060852s
2022-03-08 00:42:36.357737 (1.0, 100000.0, 10, 10.0, 0.3, 0.221, 2.0, 3) [0.43182958738773675 0.007192895384225139 0.0007268438910073096] 3 1345.9946279525757s
2022-03-08 00:43:03.425695 (1.0, 100000.0, 10, 10.0, 0.3, 0.248, 2.0, 3) [0.38697080983812815 0.005916415923525169 0.0017856531485757733] 3 1373.066440820694s
2022-03-08 00:43:07.045259 (1.0, 100000.0, 14, 10.0, 0.3, 0.256, 2.0, 3) [0.285906274141374 0.004830455115582811 0.0013588902541700808] 3 958.3169753551483s
2022-03-08 00:43:12.193581 (1.0, 100000.0, 14, 10.0, 0.3, 0.261, 2.0, 3) [0.2813852480532084 0.003861213133819898 0.0015472511553908676] 3 957.3119673728943s
2022-03-08 00:43:13.729438 (1.0, 100000.0, 14, 10.0, 0.3, 0.254, 2.0, 3) [0.2902806810134832 0.005475985922910192 0.0012045752529463835] 3 959.1087198257446s
2022-03-08 00:43:13.773710 (1.0, 100000.0, 14, 10.0, 0.3, 0.246, 2.0, 3) [0.3076527172163915 0.005878993614607406 0.0007425366946188489] 3 957.152636051178s
2022-03-08 00:43:21.831278 (1.0, 100000.0, 14, 10.0, 0.3, 0.251, 2.0, 3) [0.2967514937870404 0.0044333644682272265 0.001006784472937321] 3 958.6870837211609s
2022-03-08 00:44:03.816819 (1.0, 100000.0, 10, 10.0, 0.3, 0.281, 2.0, 3) [0.33291512983316196 0.0051827506396972785 0.005266128356442009] 3 1382.1666498184204s
2022-03-08 00:45:20.545450 (1.0, 100000.0, 11, 10.0, 0.3, 0.248, 2.0, 3) [0.35708698566381836 0.007536154165352618 0.0015858090544706661] 3 2978.3441293239594s
2022-03-08 00:46:25.239943 (1.0, 100000.0, 15, 10.0, 0.3, 0.281, 2.0, 3) [0.23313197662416923 0.00436669463011024 0.0037360089442906967] 3 1331.0998175144196s
2022-03-08 00:46:36.752014 (1.0, 100000.0, 15, 10.0, 0.3, 0.251, 2.0, 3) [0.28381572312918163 0.007037511355413125 0.0008182281500018012] 3 1332.0964698791504s
2022-03-08 00:47:42.317432 (1.0, 100000.0, 15, 10.0, 0.3, 0.261, 2.0, 3) [0.26424028817776646 0.004133994114587977 0.0014722095875150068] 3 1329.7623517513275s
2022-03-08 00:48:06.310318 (1.0, 100000.0, 13, 10.0, 0.3, 0.261, 2.0, 3) [0.2992379051086768 0.003811049904047148 0.0017091071635433686] 3 1420.4561607837677s
2022-03-08 00:48:24.545767 (1.0, 100000.0, 13, 10.0, 0.3, 0.248, 2.0, 3) [0.3157143533647063 0.0035909782798011895 0.0011116450262573544] 3 1430.1668787002563s
2022-03-08 00:50:02.106294 (1.0, 100000.0, 13, 10.0, 0.3, 0.281, 2.0, 3) [0.2663423986020284 0.002935573791647136 0.004014464058308699] 3 3258.1157841682434s
2022-03-08 00:50:04.385896 (1.0, 100000.0, 13, 10.0, 0.3, 0.221, 2.0, 3) [0.3678040674242784 0.005455640397114591 0.00028707776493139107] 3 3260.7827382087708s
2022-03-08 00:50:19.278956 (1.0, 100000.0, 13, 10.0, 0.3, 0.251, 2.0, 3) [0.30963698100825304 0.00408680891719376 0.0013008873056762186] 3 3275.713006734848s
2022-03-08 00:51:22.488518 (1.0, 100000.0, 13, 10.0, 0.3, 0.254, 2.0, 3) [0.3090694813209478 0.005577601885317441 0.0013219957814669422] 3 3338.9506537914276s
2022-03-08 00:51:40.121023 (1.0, 100000.0, 15, 10.0, 0.3, 0.221, 2.0, 3) [0.3392373101645471 0.003927824651272124 0.00015512834391172178] 3 1483.7090439796448s
2022-03-08 00:52:12.228457 (1.0, 100000.0, 15, 10.0, 0.3, 0.234, 2.0, 3) [0.31731001945827425 0.004084407883812267 0.0003002213523327177] 3 3025.649572610855s
2022-03-08 00:52:14.675893 (1.0, 100000.0, 15, 10.0, 0.3, 0.254, 2.0, 3) [0.2769501718877757 0.003951408774951644 0.001005117501121819] 3 3028.13729929924s
2022-03-08 00:53:24.393447 (1.0, 100000.0, 13, 10.0, 0.3, 0.241, 2.0, 3) [0.3282908154171453 0.0025557000839561608 0.0008011176035508736] 3 1673.4052476882935s
2022-03-08 00:53:24.743188 (1.0, 100000.0, 13, 10.0, 0.3, 0.268, 2.0, 3) [0.28379884668323013 0.00490044577238402 0.0025502060718196277] 3 1673.6110639572144s
2022-03-08 00:57:23.195246 (1.0, 100000.0, 12, 10.0, 0.3, 0.256, 2.0, 3) [0.3179658956873934 0.004278788002767877 0.0019823202633212607] 3 3699.527219057083s
2022-03-08 00:57:36.210856 (1.0, 100000.0, 12, 10.0, 0.3, 0.246, 2.0, 3) [0.34215852356027077 0.009220908236028856 0.001113123166049374] 3 3712.4431455135345s
2022-03-08 00:57:48.738883 (1.0, 100000.0, 12, 10.0, 0.3, 0.254, 2.0, 3) [0.32505213158825813 0.005134074347663941 0.001670679181034904] 3 3724.8352444171906s
2022-03-08 00:58:52.811156 (1.0, 100000.0, 12, 10.0, 0.3, 0.268, 2.0, 3) [0.30559209977896845 0.003944434453606995 0.0026773750548425637] 3 3788.9659011363983s
2022-03-08 00:59:17.662574 (1.0, 100000.0, 12, 10.0, 0.3, 0.234, 2.0, 3) [0.3594471455418008 0.003974164729239602 0.0007335818940664465] 3 3813.726393222809s
2022-03-08 01:00:09.222049 (1.0, 100000.0, 12, 10.0, 0.3, 0.241, 2.0, 3) [0.3480280080908393 0.008397299972207714 0.0009669429731522666] 3 3865.299962282181s
2022-03-08 01:02:43.251415 (1.0, 100000.0, 10, 10.0, 0.3, 0.241, 2.0, 3) [0.3999948273300118 0.005571638119871487 0.0013773629274114931] 3 1271.9025490283966s
2022-03-08 01:02:51.729962 (1.0, 100000.0, 10, 10.0, 0.3, 0.251, 2.0, 3) [0.3832875295861252 0.0026389593665578064 0.0019259305263716914] 3 1247.6322417259216s
2022-03-08 01:04:00.782958 (1.0, 100000.0, 10, 10.0, 0.3, 0.256, 2.0, 3) [0.37267341982207924 0.0038199879738032697 0.002380380997663838] 3 1284.996258020401s
2022-03-08 01:04:16.734153 (1.0, 100000.0, 10, 10.0, 0.3, 0.248, 2.0, 3) [0.3831395267117329 0.005200521584268156 0.001927937725330978] 3 1273.3012976646423s
2022-03-08 01:04:17.293910 (1.0, 100000.0, 10, 10.0, 0.3, 0.221, 2.0, 3) [0.43744573719782104 0.004261482608663995 0.0006508722599721754] 3 1300.9241156578064s
2022-03-08 01:04:29.418612 (1.0, 100000.0, 10, 10.0, 0.3, 0.281, 2.0, 3) [0.3266798630040147 0.006261352727856438 0.005951167373337723] 3 1225.5859916210175s
2022-03-08 01:07:44.199330 (1.0, 100000.0, 15, 10.0, 0.3, 0.281, 2.0, 3) [0.23048467270577622 0.00497224573021378 0.004041225759160718] 3 1278.9562530517578s
2022-03-08 01:07:54.865119 (1.0, 100000.0, 15, 10.0, 0.3, 0.251, 2.0, 3) [0.2769674337162153 0.005745265691285654 0.001003714091776094] 3 1278.1078202724457s
2022-03-08 01:08:58.696708 (1.0, 100000.0, 15, 10.0, 0.3, 0.261, 2.0, 3) [0.26204873668426126 0.004468189324119487 0.001567837471288548] 3 1276.374294757843s
2022-03-08 01:14:40.618560 (1.0, 100000.0, 15, 10.0, 0.3, 0.221, 2.0, 3) [0.33636748604248456 0.005579549346402072 0.00016929946807726754] 3 1380.4908604621887s
2022-03-08 01:15:26.168198 (1.0, 100000.0, 13, 10.0, 0.3, 0.261, 2.0, 3) [0.29511044468953135 0.0029722038887138457 0.0019006805506121276] 3 1639.8400781154633s
2022-03-08 01:15:37.374211 (1.0, 100000.0, 13, 10.0, 0.3, 0.248, 2.0, 3) [0.31819635833441806 0.005996340197820333 0.001043159166905715] 3 1632.823677778244s
2022-03-08 01:17:25.880669 (1.0, 100000.0, 13, 10.0, 0.3, 0.241, 2.0, 3) [0.327123194965483 0.0069436725203543565 0.0008273603309678726] 3 1441.4721004962921s
2022-03-08 01:17:27.108738 (1.0, 100000.0, 13, 10.0, 0.3, 0.268, 2.0, 3) [0.2851747734789683 0.0028371148588607394 0.002463631807506774] 3 1442.353681564331s
2022-03-08 01:18:46.862614 (1.0, 100000.0, 11, 10.0, 0.3, 0.234, 2.0, 3) [0.38718756845374647 0.008893372346964587 0.0008211539364137019] 3 2354.6538836956024s
2022-03-08 01:18:54.697336 (1.0, 100000.0, 11, 10.0, 0.3, 0.256, 2.0, 3) [0.3485594369015755 0.006218261328731333 0.0019159282659740745] 3 2378.5960545539856s
2022-03-08 01:19:54.775334 (1.0, 100000.0, 11, 10.0, 0.3, 0.251, 2.0, 3) [0.35165391176242367 0.007073070590029807 0.0017869408364492643] 3 2386.9864275455475s
2022-03-08 01:22:30.911333 (1.0, 100000.0, 11, 10.0, 0.3, 0.261, 2.0, 3) [0.3370721295673742 0.00491357694507248 0.0024657069177296373] 3 2494.1035194396973s
2022-03-08 01:25:28.161066 (1.0, 100000.0, 11, 10.0, 0.3, 0.248, 2.0, 3) [0.35634408977656284 0.005303829786302008 0.0016139023277051536] 3 2407.611076116562s
2022-03-08 01:25:30.634751 (1.0, 100000.0, 11, 10.0, 0.3, 0.254, 2.0, 3) [0.352636808600129 0.006015747236518011 0.0017526374992163395] 3 2602.988219022751s
2022-03-08 01:32:22.189413 (1.0, 100000.0, 16, 10.0, 0.3, 0.234, 2.0, 3) [0.29391916439015975 0.004107432130774759 0.0003351145244391498] 3 1660.4062187671661s
2022-03-08 01:32:25.764459 (1.0, 100000.0, 16, 10.0, 0.3, 0.251, 2.0, 3) [0.2685248868539191 0.005119621234751302 0.000756361440984915] 3 1663.9801831245422s
2022-03-08 01:32:27.210985 (1.0, 100000.0, 16, 10.0, 0.3, 0.248, 2.0, 3) [0.2718797170479147 0.003613585886922839 0.0006771150314082104] 3 1665.4293038845062s
2022-03-08 01:32:39.394454 (1.0, 100000.0, 16, 10.0, 0.3, 0.241, 2.0, 3) [0.2873831509213016 0.003974031708383305 0.0004140148753854273] 3 1677.603982925415s
2022-03-08 01:33:38.281901 (1.0, 100000.0, 16, 10.0, 0.3, 0.254, 2.0, 3) [0.26505987061530734 0.004751324676136701 0.0008458281877218637] 3 1736.4949326515198s
2022-03-08 01:35:22.634992 (1.0, 100000.0, 15, 10.0, 0.3, 0.234, 2.0, 3) [0.31467132907192347 0.003654842996947533 0.00032476779909120684] 3 2590.3962121009827s
2022-03-08 01:35:25.727113 (1.0, 100000.0, 15, 10.0, 0.3, 0.254, 2.0, 3) [0.27569359007238897 0.0027663065338260576 0.0010425547090785565] 3 2591.0489671230316s
2022-03-08 01:39:10.423264 (1.0, 100000.0, 13, 10.0, 0.3, 0.281, 2.0, 3) [0.26499107051922277 0.004988760637013032 0.004155537810313885] 3 2948.3149452209473s
2022-03-08 01:43:01.464479 (1.0, 100000.0, 13, 10.0, 0.3, 0.254, 2.0, 3) [0.30759081914142705 0.0039052094868693215 0.0013740185372222177] 3 3098.970986843109s
2022-03-08 01:47:29.164535 (1.0, 100000.0, 13, 10.0, 0.3, 0.251, 2.0, 3) [0.315697775981528 0.00464583022761526 0.0011142546070501767] 3 3429.881681919098s
2022-03-08 01:49:39.587233 (1.0, 100000.0, 13, 10.0, 0.3, 0.221, 2.0, 3) [0.3642136724180224 0.00443098195770335 0.0003152756574773013] 3 3575.192777633667s
2022-03-08 01:49:58.517493 (1.0, 100000.0, 14, 10.0, 0.3, 0.268, 2.0, 3) [0.2644329352761961 0.004132753723629322 0.002482450782985207] 3 6854.584084033966s
2022-03-08 01:51:32.743960 (1.0, 100000.0, 14, 10.0, 0.3, 0.281, 2.0, 3) [0.2477111308954962 0.0041031041589647725 0.0039677770258830765] 3 6948.913083791733s
2022-03-08 01:51:53.349294 (1.0, 100000.0, 14, 10.0, 0.3, 0.248, 2.0, 3) [0.301429250658745 0.004024775278498565 0.000883250185676557] 3 6969.385952472687s
2022-03-08 01:54:07.343073 (1.0, 100000.0, 14, 10.0, 0.3, 0.221, 2.0, 3) [0.34980419402687213 0.004181944751744689 0.0002275813957881834] 3 7103.41793513298s
2022-03-08 01:54:11.445720 (1.0, 100000.0, 14, 10.0, 0.3, 0.234, 2.0, 3) [0.32655570467040296 0.005267501712625696 0.0004365923869511075] 3 7107.55254483223s
2022-03-08 01:54:15.026020 (1.0, 100000.0, 12, 10.0, 0.3, 0.246, 2.0, 3) [0.3380788410890375 0.006304716965470609 0.0012250669079522654] 3 3398.8052203655243s
2022-03-08 01:55:20.518431 (1.0, 100000.0, 11, 10.0, 0.3, 0.256, 2.0, 3) [0.33922089798256694 0.0033391915113163786 0.002345191316383117] 3 2185.810214996338s
2022-03-08 01:55:38.874953 (1.0, 100000.0, 11, 10.0, 0.3, 0.251, 2.0, 3) [0.3566223686160949 0.0046925898931962804 0.0016044149857859728] 3 2144.076760292053s
2022-03-08 01:55:43.285977 (1.0, 100000.0, 12, 10.0, 0.3, 0.268, 2.0, 3) [0.3062957168715008 0.0030558874858237417 0.0026280860015988165] 3 3410.469320297241s
2022-03-08 01:56:04.242212 (1.0, 100000.0, 14, 10.0, 0.3, 0.241, 2.0, 3) [0.3130210356066722 0.00646014473800457 0.0006360887908919204] 3 7220.262927055359s
2022-03-08 01:56:49.897896 (1.0, 100000.0, 12, 10.0, 0.3, 0.256, 2.0, 3) [0.32518240577949287 0.0055399346769795035 0.0016724917386341043] 3 3566.698252439499s
2022-03-08 01:56:59.581961 (1.0, 100000.0, 11, 10.0, 0.3, 0.234, 2.0, 3) [0.3822907828228184 0.003163249175809528 0.0009105145521004534] 3 2292.714494943619s
2022-03-08 01:57:02.512291 (1.0, 100000.0, 12, 10.0, 0.3, 0.241, 2.0, 3) [0.34994534555667417 0.006200339728934068 0.0009200927433200152] 3 3413.2784657478333s
2022-03-08 01:57:15.851649 (1.0, 100000.0, 11, 10.0, 0.3, 0.261, 2.0, 3) [0.3407413527997185 0.004689827795150548 0.0022773170821431474] 3 2084.931216239929s
2022-03-08 01:57:26.686260 (1.0, 100000.0, 12, 10.0, 0.3, 0.254, 2.0, 3) [0.3234780501797975 0.004838660257741738 0.0017351827516332873] 3 3577.9424629211426s
2022-03-08 01:58:13.357658 (1.0, 100000.0, 11, 10.0, 0.3, 0.254, 2.0, 3) [0.34953061966122156 0.004650221547858524 0.0018769585482671664] 3 1962.7104728221893s
2022-03-08 01:58:34.419134 (1.0, 100000.0, 11, 10.0, 0.3, 0.248, 2.0, 3) [0.35767851706602644 0.004578979517058415 0.0015631706690943808] 3 1986.2425982952118s
2022-03-08 01:59:12.323606 (1.0, 100000.0, 12, 10.0, 0.3, 0.234, 2.0, 3) [0.36077031735852605 0.004612193586285975 0.0007101319088517803] 3 3594.6458146572113s
2022-03-08 02:00:29.876858 (1.0, 100000.0, 16, 10.0, 0.3, 0.234, 2.0, 3) [0.301306133584296 0.0038210202148279597 0.00026488589979640885] 3 1687.6853790283203s
2022-03-08 02:00:41.004930 (1.0, 100000.0, 16, 10.0, 0.3, 0.251, 2.0, 3) [0.2693545240422489 0.0026686593819412224 0.0007370612362425107] 3 1695.2383301258087s
2022-03-08 02:00:56.028147 (1.0, 100000.0, 16, 10.0, 0.3, 0.248, 2.0, 3) [0.27473775586937815 0.004417961297863274 0.0006203003804648714] 3 1708.8150253295898s
2022-03-08 02:01:36.212658 (1.0, 100000.0, 16, 10.0, 0.3, 0.241, 2.0, 3) [0.28240528539979876 0.003905221860016367 0.00048328733168869896] 3 1736.815983057022s
2022-03-08 02:03:06.813428 (1.0, 100000.0, 16, 10.0, 0.3, 0.254, 2.0, 3) [0.26297099051156186 0.0077426742360959784 0.000902338717733647] 3 1768.5293674468994s
2022-03-08 02:10:39.906675 (1.0, 100000.0, 15, 10.0, 0.3, 0.256, 2.0, 3) [0.27630598188546557 0.0044858465460625415 0.0010250635544204723] 3 7731.934733867645s
2022-03-08 02:11:25.274999 (1.0, 100000.0, 15, 10.0, 0.3, 0.246, 2.0, 3) [0.2876199150003538 0.004385122813608394 0.000728625249806191] 3 7776.981221437454s
2022-03-08 02:11:30.999424 (1.0, 100000.0, 15, 10.0, 0.3, 0.268, 2.0, 3) [0.2605275645404604 0.005058139595806274 0.0016488394456384043] 3 7782.797318220139s
2022-03-08 02:11:49.050010 (1.0, 100000.0, 15, 10.0, 0.3, 0.241, 2.0, 3) [0.2979007719850764 0.003981819828884868 0.0005364739567418504] 3 7801.758604049683s
2022-03-08 02:12:19.207717 (1.0, 100000.0, 15, 10.0, 0.3, 0.248, 2.0, 3) [0.2858088238484351 0.004045201454693542 0.0007703226338598253] 3 7831.036340475082s
2022-03-08 02:19:31.481482 (1.0, 100000.0, 15, 10.0, 0.3, 0.234, 2.0, 3) [0.31297685151343435 0.0060956034915158365 0.0003414766576306024] 3 2648.842081785202s
2022-03-08 02:19:33.043792 (1.0, 100000.0, 15, 10.0, 0.3, 0.254, 2.0, 3) [0.27285580697752393 0.003506237167588397 0.0011348540082791927] 3 2647.304900407791s
2022-03-08 02:31:28.185588 (1.0, 100000.0, 16, 10.0, 0.3, 0.234, 2.0, 3) [0.3021360569236368 0.0040524371576871965 0.0002580575380037268] 3 1858.3060507774353s
2022-03-08 02:31:45.947887 (1.0, 100000.0, 16, 10.0, 0.3, 0.251, 2.0, 3) [0.2678257827914427 0.0038623108104857994 0.0007735993716215299] 3 1864.9405915737152s
2022-03-08 02:32:12.563797 (1.0, 100000.0, 16, 10.0, 0.3, 0.248, 2.0, 3) [0.27733531190321237 0.004371016755801191 0.0005710628022787728] 3 1876.5325164794922s
2022-03-08 02:33:15.616535 (1.0, 100000.0, 16, 10.0, 0.3, 0.241, 2.0, 3) [0.28828001058686586 0.005633423694431848 0.00040202515748683973] 3 1899.4011783599854s
2022-03-08 02:35:22.408455 (1.0, 100000.0, 16, 10.0, 0.3, 0.254, 2.0, 3) [0.2656212123286467 0.004251317996595548 0.0008291242893389605] 3 1935.591590642929s
2022-03-08 02:37:50.412683 (1.0, 100000.0, 17, 10.0, 0.3, 0.254, 2.0, 3) [0.2541031720158145 0.0037596600848854487 0.0007209788953378847] 3 2341.804229259491s
2022-03-08 02:37:58.750930 (1.0, 100000.0, 17, 10.0, 0.3, 0.246, 2.0, 3) [0.26532999421128806 0.0031612895238649664 0.0004930918817013714] 3 2350.2764332294464s
2022-03-08 02:38:16.400703 (1.0, 100000.0, 17, 10.0, 0.3, 0.234, 2.0, 3) [0.2851195875340763 0.0061934520301943075 0.00025108513086009605] 3 2367.925512075424s
2022-03-08 02:38:44.888525 (1.0, 100000.0, 17, 10.0, 0.3, 0.256, 2.0, 3) [0.25400564099876305 0.004509510478472066 0.0007243223116372756] 3 2396.41494679451s
2022-03-08 02:39:24.257325 (1.0, 100000.0, 13, 10.0, 0.3, 0.251, 2.0, 3) [0.3097655885282898 0.004604702293454621 0.0012976234082412682] 3 3115.071277856827s
2022-03-08 02:39:55.818316 (1.0, 100000.0, 13, 10.0, 0.3, 0.254, 2.0, 3) [0.3068924400895524 0.007033750128140854 0.001398225254459675] 3 3414.3400490283966s
2022-03-08 02:40:02.804606 (1.0, 100000.0, 17, 10.0, 0.3, 0.221, 2.0, 3) [0.3150811952491763 0.0047202547196439236 9.06531418886117e-05] 3 2474.3310244083405s
2022-03-08 02:40:28.645461 (1.0, 100000.0, 13, 10.0, 0.3, 0.221, 2.0, 3) [0.3691464537574238 0.006136065650441008 0.0002777192276792679] 3 3049.0385570526123s
2022-03-08 02:41:01.888138 (1.0, 100000.0, 13, 10.0, 0.3, 0.281, 2.0, 3) [0.26187649153888704 0.003396417559993175 0.004499326915525424] 3 3711.4572439193726s
2022-03-08 02:48:09.331660 (1.0, 100000.0, 12, 10.0, 0.3, 0.268, 2.0, 3) [0.3040669541742772 0.003913751610658236 0.0027723704999725166] 3 3145.9918973445892s
2022-03-08 02:50:46.511541 (1.0, 100000.0, 12, 10.0, 0.3, 0.241, 2.0, 3) [0.3486418955389245 0.004433384655144729 0.0009495753953505635] 3 3223.9544994831085s
2022-03-08 02:51:43.485501 (1.0, 100000.0, 12, 10.0, 0.3, 0.246, 2.0, 3) [0.3386925240372676 0.005470674794003767 0.0012047763311538373] 3 3448.4342155456543s
2022-03-08 02:51:47.413659 (1.0, 100000.0, 12, 10.0, 0.3, 0.256, 2.0, 3) [0.3245716817071398 0.004649342001272946 0.0016954247434179076] 3 3297.4823846817017s
2022-03-08 02:52:01.143462 (1.0, 100000.0, 12, 10.0, 0.3, 0.254, 2.0, 3) [0.33026731291189537 0.006242521185128348 0.0014769909904682544] 3 3274.44206905365s
2022-03-08 02:52:28.574889 (1.0, 100000.0, 12, 10.0, 0.3, 0.234, 2.0, 3) [0.3603747280051588 0.0029458807444722275 0.000718049031715869] 3 3196.2201204299927s
2022-03-08 03:14:24.346593 (1.0, 100000.0, 17, 10.0, 0.3, 0.254, 2.0, 3) [0.25195667736073335 0.005700554430567731 0.0007776036723002341] 3 2193.932089805603s
2022-03-08 03:14:43.977154 (1.0, 100000.0, 17, 10.0, 0.3, 0.246, 2.0, 3) [0.265042219576945 0.003179344147855152 0.0004964279333701378] 3 2205.2242872714996s
2022-03-08 03:15:50.333488 (1.0, 100000.0, 17, 10.0, 0.3, 0.234, 2.0, 3) [0.2862571783874336 0.004967608421295731 0.00024147747537339842] 3 2253.930390357971s
2022-03-08 03:16:18.808487 (1.0, 100000.0, 17, 10.0, 0.3, 0.256, 2.0, 3) [0.24831125249927044 0.005685557959605064 0.0008757912378254934] 3 2253.917717695236s
2022-03-08 03:18:49.982889 (1.0, 100000.0, 17, 10.0, 0.3, 0.221, 2.0, 3) [0.31075703856417386 0.006215471037798726 0.00010516130214925038] 3 2327.1759736537933s
2022-03-08 03:31:35.991793 (1.0, 100000.0, 14, 10.0, 0.3, 0.268, 2.0, 3) [0.2697719893425028 0.004230431630249745 0.002139925591879688] 3 6097.442991495132s
2022-03-08 03:35:44.172330 (1.0, 100000.0, 18, 10.0, 0.3, 0.241, 2.0, 3) [0.26357581916834544 0.005029632990825554 0.0003081650153021629] 3 3259.865199327469s
2022-03-08 03:35:56.362771 (1.0, 100000.0, 18, 10.0, 0.3, 0.234, 2.0, 3) [0.2836484000061367 0.004897097638849874 0.0001495711528913001] 3 3272.038512945175s
2022-03-08 03:36:26.830780 (1.0, 100000.0, 14, 10.0, 0.3, 0.281, 2.0, 3) [0.24843910117461646 0.003636569623789061 0.0038853342553363786] 3 6294.078978061676s
2022-03-08 03:36:43.554445 (1.0, 100000.0, 14, 10.0, 0.3, 0.221, 2.0, 3) [0.34908205007705256 0.004163523391909543 0.0002322828954727179] 3 6156.205656051636s
2022-03-08 03:37:26.252041 (1.0, 100000.0, 14, 10.0, 0.3, 0.234, 2.0, 3) [0.3262653113604647 0.005297460977050632 0.0004404577953492217] 3 6194.802740097046s
2022-03-08 03:37:42.919484 (1.0, 100000.0, 18, 10.0, 0.3, 0.248, 2.0, 3) [0.25413388256495995 0.0036062409498978077 0.00043285129852258273] 3 3378.6015498638153s
2022-03-08 03:38:22.289623 (1.0, 100000.0, 18, 10.0, 0.3, 0.281, 2.0, 3) [0.200842427695679 0.0029664913136672947 0.0029512832392602603] 3 3417.970190048218s
2022-03-08 03:39:20.383516 (1.0, 100000.0, 18, 10.0, 0.3, 0.254, 2.0, 3) [0.23908788414816823 0.003424346709943539 0.000741618120129264] 3 3476.0633206367493s
2022-03-08 03:50:58.052889 (1.0, 100000.0, 17, 10.0, 0.3, 0.254, 2.0, 3) [0.2545737530445102 0.0035112471963910387 0.000711238276706457] 3 2193.6792352199554s
2022-03-08 03:51:28.330396 (1.0, 100000.0, 17, 10.0, 0.3, 0.246, 2.0, 3) [0.2664574362226443 0.004483323122404098 0.0004735830451831161] 3 2204.3497483730316s
2022-03-08 03:53:21.154856 (1.0, 100000.0, 17, 10.0, 0.3, 0.234, 2.0, 3) [0.28785334705944704 0.004730359472553288 0.00022878887472966701] 3 2250.8183608055115s
2022-03-08 03:53:29.617871 (1.0, 100000.0, 14, 10.0, 0.3, 0.248, 2.0, 3) [0.3018620077660105 0.0039266821058520085 0.0008691791892832809] 3 7296.2586443424225s
2022-03-08 03:53:43.536474 (1.0, 100000.0, 17, 10.0, 0.3, 0.256, 2.0, 3) [0.24896346185629994 0.0031127165148096447 0.0008595405895515908] 3 2244.7237799167633s
2022-03-08 03:55:22.245514 (1.0, 100000.0, 14, 10.0, 0.3, 0.241, 2.0, 3) [0.3162366346907381 0.003984430225792681 0.000582330013203549] 3 7157.994702339172s
2022-03-08 03:57:09.911460 (1.0, 100000.0, 17, 10.0, 0.3, 0.221, 2.0, 3) [0.3138002326818734 0.005358930262938658 9.501102204862736e-05] 3 2299.9255781173706s
2022-03-08 04:09:53.070646 (1.0, 100000.0, 15, 10.0, 0.3, 0.248, 2.0, 3) [0.28712057840637456 0.0049813264420971535 0.0007419887655588086] 3 7053.859506607056s
2022-03-08 04:16:04.226848 (1.0, 100000.0, 15, 10.0, 0.3, 0.256, 2.0, 3) [0.27552548241970637 0.004779732630243757 0.0010508305453583598] 3 7524.315967559814s
2022-03-08 04:18:33.410888 (1.0, 100000.0, 15, 10.0, 0.3, 0.268, 2.0, 3) [0.2559724812467948 0.006401884090261212 0.0018875519917704521] 3 7622.402098894119s
2022-03-08 04:21:26.970841 (1.0, 100000.0, 15, 10.0, 0.3, 0.246, 2.0, 3) [0.28570841961864535 0.005409810826267371 0.0007715659408452734] 3 7801.691810846329s
2022-03-08 04:24:33.397571 (1.0, 100000.0, 15, 10.0, 0.3, 0.241, 2.0, 3) [0.29957461519617834 0.004173986880960054 0.0005106461335300928] 3 7964.3452026844025s
2022-03-08 04:30:11.705858 (1.0, 100000.0, 18, 10.0, 0.3, 0.234, 2.0, 3) [0.2770607913628085 0.0033763096928942976 0.00018931131466036174] 3 3255.3409221172333s
2022-03-08 04:30:24.852007 (1.0, 100000.0, 16, 10.0, 0.3, 0.261, 2.0, 3) [0.249574298502777 0.0036164625307058096 0.0013863813786467462] 3 12342.25133562088s
2022-03-08 04:30:43.980141 (1.0, 100000.0, 16, 10.0, 0.3, 0.268, 2.0, 3) [0.23970551376314625 0.0031927739838776394 0.0019015081167563493] 3 12361.601786613464s
2022-03-08 04:30:48.447151 (1.0, 100000.0, 16, 10.0, 0.3, 0.281, 2.0, 3) [0.22462982811280377 0.0033342763950093943 0.0030896938584716437] 3 12366.005121946335s
2022-03-08 04:31:12.958718 (1.0, 100000.0, 16, 10.0, 0.3, 0.256, 2.0, 3) [0.2573682389877504 0.003650254728401653 0.0010783165638203443] 3 12390.601783037186s
2022-03-08 04:32:03.689653 (1.0, 100000.0, 18, 10.0, 0.3, 0.241, 2.0, 3) [0.2680461798500038 0.004997204419162414 0.0002626321025707826] 3 3379.5148339271545s
2022-03-08 04:32:14.740650 (1.0, 100000.0, 16, 10.0, 0.3, 0.221, 2.0, 3) [0.3219475464489421 0.005985534986971911 0.00013671648490608127] 3 12452.251451969147s
2022-03-08 04:32:28.217305 (1.0, 100000.0, 16, 10.0, 0.3, 0.246, 2.0, 3) [0.2742163605466043 0.005330280708789701 0.0006296142768060568] 3 12465.742787122726s
2022-03-08 04:33:41.814897 (1.0, 100000.0, 18, 10.0, 0.3, 0.281, 2.0, 3) [0.19917051784076162 0.002341247629263098 0.003127301841586525] 3 3319.5231273174286s
2022-03-08 04:33:53.406206 (1.0, 100000.0, 18, 10.0, 0.3, 0.248, 2.0, 3) [0.25221501313387096 0.0035595761478672784 0.0004636554367647652] 3 3370.4844114780426s
2022-03-08 04:37:23.949286 (1.0, 100000.0, 18, 10.0, 0.3, 0.254, 2.0, 3) [0.24207305078087038 0.0028090164535417733 0.0006683396377217094] 3 3483.563608646393s
2022-03-08 05:11:31.829544 (1.0, 100000.0, 14, 10.0, 0.3, 0.268, 2.0, 3) [0.26721265035870945 0.005814433080448557 0.002301179432000693] 3 5995.827764511108s
2022-03-08 05:15:49.995418 (1.0, 100000.0, 14, 10.0, 0.3, 0.221, 2.0, 3) [0.346633877723657 0.002739945299515432 0.0002488415026645624] 3 5946.415166854858s
2022-03-08 05:16:03.464696 (1.0, 100000.0, 14, 10.0, 0.3, 0.281, 2.0, 3) [0.24924762286885876 0.004235513148612238 0.0038127252337968403] 3 5976.604990720749s
2022-03-08 05:17:07.873656 (1.0, 100000.0, 14, 10.0, 0.3, 0.234, 2.0, 3) [0.3274660658210224 0.004965036715743823 0.00042569962599168224] 3 5981.591550588608s
2022-03-08 05:24:43.765329 (1.0, 100000.0, 18, 10.0, 0.3, 0.234, 2.0, 3) [0.2799396814449206 0.0045138498944434025 0.0001712483758092147] 3 3272.0563595294952s
2022-03-08 05:26:49.519706 (1.0, 100000.0, 14, 10.0, 0.3, 0.248, 2.0, 3) [0.30317011980717207 0.0040999537792560945 0.0008397998691303827] 3 5599.858532190323s
2022-03-08 05:27:00.023280 (1.0, 100000.0, 14, 10.0, 0.3, 0.241, 2.0, 3) [0.3183065476171748 0.005536396650023578 0.0005508077666630756] 3 5497.750253677368s
2022-03-08 05:28:41.990686 (1.0, 100000.0, 18, 10.0, 0.3, 0.241, 2.0, 3) [0.26298180219511186 0.003248907246563462 0.0003146454370055349] 3 3398.298555135727s
2022-03-08 05:29:10.807375 (1.0, 100000.0, 18, 10.0, 0.3, 0.281, 2.0, 3) [0.20300974084254786 0.006392184739571569 0.0027329317243927342] 3 3328.989785194397s
2022-03-08 05:30:06.714908 (1.0, 100000.0, 18, 10.0, 0.3, 0.248, 2.0, 3) [0.2523539359805517 0.00428360612570826 0.00046156205114640286] 3 3373.304637670517s
2022-03-08 05:35:06.882162 (1.0, 100000.0, 18, 10.0, 0.3, 0.254, 2.0, 3) [0.23631448418704012 0.003709478452453422 0.000818589705890095] 3 3462.9290688037872s
2022-03-08 06:08:07.291761 (1.0, 100000.0, 15, 10.0, 0.3, 0.248, 2.0, 3) [0.28523441044537323 0.0047952226534844515 0.0007843210031842565] 3 7094.1902849674225s
2022-03-08 06:14:11.196598 (1.0, 100000.0, 15, 10.0, 0.3, 0.256, 2.0, 3) [0.2789312522084466 0.008039552850699992 0.0009502333985896462] 3 7086.932205915451s
2022-03-08 06:15:46.843279 (1.0, 100000.0, 15, 10.0, 0.3, 0.268, 2.0, 3) [0.25374557030135175 0.0027982810107637984 0.00201538204913083] 3 7033.407965660095s
2022-03-08 06:16:17.868770 (1.0, 100000.0, 17, 10.0, 0.3, 0.241, 2.0, 3) [0.2739503625047384 0.004584076335675157 0.00036672346317621126] 3 15448.07921743393s
2022-03-08 06:18:30.213749 (1.0, 100000.0, 15, 10.0, 0.3, 0.246, 2.0, 3) [0.2857305849325879 0.007329972626865263 0.0007704910364587074] 3 7023.213337421417s
2022-03-08 06:19:01.904984 (1.0, 100000.0, 15, 10.0, 0.3, 0.241, 2.0, 3) [0.30011486468325327 0.004803468599185265 0.0005016058594678968] 3 6868.484144210815s
2022-03-08 06:21:12.229962 (1.0, 100000.0, 17, 10.0, 0.3, 0.251, 2.0, 3) [0.2545490247128633 0.003367150458495766 0.0007090076938030482] 3 15741.63497376442s
2022-03-08 06:21:35.075156 (1.0, 100000.0, 17, 10.0, 0.3, 0.281, 2.0, 3) [0.21086979343357193 0.004622564371263763 0.0031332069584677777] 3 15763.861261367798s
2022-03-08 06:22:49.581848 (1.0, 100000.0, 17, 10.0, 0.3, 0.248, 2.0, 3) [0.2693117752495831 0.004899492459651463 0.0004311431559749909] 3 15838.26841545105s
2022-03-08 06:31:28.278544 (1.0, 100000.0, 17, 10.0, 0.3, 0.268, 2.0, 3) [0.22985622357133398 0.002591631108002171 0.0016452227384936404] 3 16356.743251562119s
2022-03-08 06:35:44.195104 (1.0, 100000.0, 17, 10.0, 0.3, 0.261, 2.0, 3) [0.2421292100187517 0.0021751174884906163 0.0010829353889297685] 3 16612.926779985428s
2022-03-08 07:45:20.472187 (1.0, 100000.0, 16, 10.0, 0.3, 0.256, 2.0, 3) [0.2625989520008183 0.0036906808930873376 0.0009139469480729728] 3 11647.507412910461s
2022-03-08 07:45:43.441178 (1.0, 100000.0, 16, 10.0, 0.3, 0.268, 2.0, 3) [0.23701221699193464 0.004695542130292621 0.0020677371270261136] 3 11699.457500696182s
2022-03-08 07:45:46.762402 (1.0, 100000.0, 16, 10.0, 0.3, 0.261, 2.0, 3) [0.2492576853384493 0.004627561208519099 0.0013965431923065711] 3 11721.907449960709s
2022-03-08 07:46:09.896298 (1.0, 100000.0, 16, 10.0, 0.3, 0.281, 2.0, 3) [0.21837521105839278 0.00573559058849324 0.0037507842057279486] 3 11721.439212560654s
2022-03-08 07:47:40.873425 (1.0, 100000.0, 16, 10.0, 0.3, 0.221, 2.0, 3) [0.3252053136240428 0.003918664917444638 0.0001233855304537691] 3 11726.120878696442s
2022-03-08 07:48:38.877336 (1.0, 100000.0, 16, 10.0, 0.3, 0.246, 2.0, 3) [0.27373083200708304 0.0065640937752519495 0.0006391503013341386] 3 11770.651710510254s
2022-03-08 08:33:35.292981 (1.0, 100000.0, 18, 10.0, 0.3, 0.221, 2.0, 3) [0.3042595304488272 0.004851047783719792 7.125131356077634e-05] 3 21129.482329130173s
2022-03-08 08:38:06.481272 (1.0, 100000.0, 18, 10.0, 0.3, 0.251, 2.0, 3) [0.25061189716480464 0.00339806060588072 0.0004917130415219216] 3 21401.050465345383s
2022-03-08 08:43:20.002231 (1.0, 100000.0, 18, 10.0, 0.3, 0.268, 2.0, 3) [0.22014803019053114 0.003015106270461625 0.0014712900913449005] 3 21714.411597013474s
2022-03-08 08:48:25.839249 (1.0, 100000.0, 18, 10.0, 0.3, 0.261, 2.0, 3) [0.22872727737298357 0.004258124975807342 0.0010800807192954387] 3 22020.70042681694s
2022-03-08 08:50:32.525623 (1.0, 100000.0, 18, 10.0, 0.3, 0.256, 2.0, 3) [0.23824304779102523 0.0048055816449367045 0.0007676057248059471] 3 22146.88556599617s
2022-03-08 08:55:00.603342 (1.0, 100000.0, 18, 10.0, 0.3, 0.246, 2.0, 3) [0.25021373970925687 0.0038020015404760022 0.0004976791385190709] 3 22415.416900634766s
2022-03-08 10:16:22.946772 (1.0, 100000.0, 17, 10.0, 0.3, 0.241, 2.0, 3) [0.27648617499391004 0.004021300813862213 0.00033642625021926037] 3 14405.070199251175s
2022-03-08 10:22:06.746282 (1.0, 100000.0, 17, 10.0, 0.3, 0.281, 2.0, 3) [0.20854553527251168 0.0031545481719664355 0.0033864120585545853] 3 14431.657079696655s
2022-03-08 10:24:35.952348 (1.0, 100000.0, 17, 10.0, 0.3, 0.251, 2.0, 3) [0.2571082194079358 0.004414424329342973 0.0006503177926409702] 3 14603.701227426529s
2022-03-08 10:26:11.009585 (1.0, 100000.0, 17, 10.0, 0.3, 0.248, 2.0, 3) [0.2611381945395198 0.0052663463719002275 0.0005688034036791845] 3 14601.416903495789s
2022-03-08 10:46:08.061066 (1.0, 100000.0, 17, 10.0, 0.3, 0.268, 2.0, 3) [0.2317331647317694 0.0037441390394247847 0.001543952394117835] 3 15279.77452325821s
2022-03-08 10:48:13.267579 (1.0, 100000.0, 17, 10.0, 0.3, 0.261, 2.0, 3) [0.2389342042232765 0.005928774479367272 0.0012093160013105899] 3 15149.060262918472s
2022-03-08 10:55:59.036765 (1.0, 100000.0, 16, 10.0, 0.3, 0.256, 2.0, 3) [0.26179004965765906 0.004233175055411908 0.0009387097974564822] 3 11438.377466201782s
2022-03-08 10:57:01.948677 (1.0, 100000.0, 16, 10.0, 0.3, 0.281, 2.0, 3) [0.21906657136016575 0.0036809089727452915 0.003671222711244958] 3 11452.032383441925s
2022-03-08 10:57:03.774849 (1.0, 100000.0, 16, 10.0, 0.3, 0.261, 2.0, 3) [0.2537461815162735 0.003498281789615566 0.0012135831137207974] 3 11476.991874217987s
2022-03-08 10:58:28.360607 (1.0, 100000.0, 16, 10.0, 0.3, 0.246, 2.0, 3) [0.2778990365217827 0.0026667587383707413 0.0005595164596759037] 3 11389.45024228096s
2022-03-08 11:00:29.119157 (1.0, 100000.0, 16, 10.0, 0.3, 0.268, 2.0, 3) [0.24272382995869465 0.0039032963869088267 0.0017250537898123102] 3 11685.641237020493s
2022-03-08 11:00:55.728209 (1.0, 100000.0, 16, 10.0, 0.3, 0.221, 2.0, 3) [0.32434373043683373 0.0035319219799398284 0.00012658435190715072] 3 11594.82473564148s
