2022-03-05 13:45:54.289450 (1.0, 500000.0, 6, 10.0, 0.3, 0.331, 2.0, 3) [0.4398784556787381 0.0032255580504337495 0.021077374778343812] 1 1223.0898911952972s
2022-03-05 13:45:55.984398 (1.0, 500000.0, 6, 10.0, 0.3, 0.304, 2.0, 3) [0.47819147570681064 0.002731939584383845 0.013330353113496493] 1 1224.8096044063568s
2022-03-05 13:45:56.075454 (1.0, 500000.0, 6, 10.0, 0.3, 0.311, 2.0, 3) [0.466968050038862 0.0019038207081158245 0.015245086163984387] 1 1224.9264204502106s
2022-03-05 13:48:16.293561 (1.0, 500000.0, 7, 10.0, 0.3, 0.331, 2.0, 3) [0.3776105127766457 0.002190940928958004 0.020843486058400723] 1 1365.1156225204468s
2022-03-05 13:48:16.421886 (1.0, 500000.0, 7, 10.0, 0.3, 0.318, 2.0, 3) [0.39521967920665135 0.00152669060234033 0.016293813564217545] 1 1365.2829985618591s
2022-03-05 13:48:19.219602 (1.0, 500000.0, 7, 10.0, 0.3, 0.296, 2.0, 3) [0.4279424416120926 0.00451138358212196 0.010326914119702088] 1 1368.037742614746s
2022-03-05 13:48:25.288706 (1.0, 500000.0, 7, 10.0, 0.3, 0.284, 2.0, 3) [0.4450938073185848 0.00213715888092286 0.008121254521391714] 1 1374.1090335845947s
2022-03-05 13:51:35.246575 (1.0, 500000.0, 8, 10.0, 0.3, 0.284, 2.0, 3) [0.3955137444514611 0.003068575885600521 0.007352913091311355] 1 1564.0646860599518s
2022-03-05 13:51:39.154664 (1.0, 500000.0, 8, 10.0, 0.3, 0.298, 2.0, 3) [0.37510725712118603 0.0027645909950920135 0.010175980031069804] 1 1568.0140402317047s
2022-03-05 13:51:46.510872 (1.0, 500000.0, 8, 10.0, 0.3, 0.301, 2.0, 3) [0.37343559369535767 0.002189529363974891 0.010468910105015957] 1 1575.3721878528595s
2022-03-05 13:51:50.636142 (1.0, 500000.0, 8, 10.0, 0.3, 0.304, 2.0, 3) [0.3662994771894191 0.003040801592041966 0.01171790881804811] 1 1579.4850177764893s
2022-03-05 13:57:07.136906 (1.0, 500000.0, 9, 10.0, 0.3, 0.311, 2.0, 3) [0.31795852848645434 0.003916345828997418 0.013408100226827317] 1 1895.9952068328857s
2022-03-05 13:57:19.925999 (1.0, 500000.0, 9, 10.0, 0.3, 0.304, 2.0, 3) [0.32684617694749535 0.0034241241741516087 0.011418790572909534] 1 1908.7545850276947s
2022-03-05 13:57:23.347109 (1.0, 500000.0, 9, 10.0, 0.3, 0.291, 2.0, 3) [0.34947526084661984 0.0022608786182380853 0.007625162734491885] 1 1912.2091493606567s
2022-03-05 13:57:23.401071 (1.0, 500000.0, 9, 10.0, 0.3, 0.318, 2.0, 3) [0.3100362153497715 0.0030814072604135588 0.015463902275423783] 1 1912.2620124816895s
2022-03-05 13:57:24.481074 (1.0, 500000.0, 9, 10.0, 0.3, 0.298, 2.0, 3) [0.3358297270527302 0.002021421868487647 0.009714494981626846] 1 1913.3118977546692s
2022-03-05 14:06:14.773212 (1.0, 500000.0, 10, 10.0, 0.3, 0.298, 2.0, 3) [0.3054167995010032 0.0026285368401643525 0.009114392139696724] 1 2443.6298921108246s
2022-03-05 14:06:19.684219 (1.0, 500000.0, 10, 10.0, 0.3, 0.306, 2.0, 3) [0.29477991888372235 0.0020190591460831444 0.01127229004826012] 1 2448.5107448101044s
2022-03-05 14:06:44.050270 (1.0, 500000.0, 10, 10.0, 0.3, 0.304, 2.0, 3) [0.2971767076934018 0.0015450118474589084 0.010739540692228143] 1 2472.907772541046s
2022-03-05 14:06:44.148548 (1.0, 500000.0, 10, 10.0, 0.3, 0.301, 2.0, 3) [0.30225194620100376 0.003871699280308487 0.009704270377708206] 1 2473.006165742874s
2022-03-05 14:07:30.943127 (1.0, 500000.0, 10, 10.0, 0.3, 0.291, 2.0, 3) [0.3168588745343565 0.0019359840892322433 0.007254127925073697] 1 2519.802946805954s
2022-03-05 14:07:42.556175 (1.0, 500000.0, 6, 10.0, 0.3, 0.271, 2.0, 3) [0.532156560281831 0.003276019061174679 0.006994046403677487] 1 2531.3572492599487s
2022-03-05 14:07:58.752454 (1.0, 500000.0, 6, 10.0, 0.3, 0.284, 2.0, 3) [0.5097544395705087 0.0023392322348972415 0.00913389382432162] 1 2547.5561697483063s
2022-03-05 14:07:59.959435 (1.0, 500000.0, 6, 10.0, 0.3, 0.301, 2.0, 3) [0.48659288477393847 0.004033249872149867 0.012085420607317838] 1 2548.762182712555s
2022-03-05 14:08:26.733243 (1.0, 500000.0, 6, 10.0, 0.3, 0.318, 2.0, 3) [0.4578641369897282 0.0019991282183928075 0.016999834029635095] 1 2575.532508134842s
2022-03-05 14:19:29.359050 (1.0, 500000.0, 8, 10.0, 0.3, 0.306, 2.0, 3) [0.36491707424491165 0.0026238505344216836 0.011978531644638154] 1 3238.1621327400208s
2022-03-05 14:19:31.972862 (1.0, 500000.0, 8, 10.0, 0.3, 0.296, 2.0, 3) [0.37772350879016353 0.002249365644500018 0.009769623863708925] 1 3240.776305437088s
2022-03-05 14:21:29.241440 (1.0, 500000.0, 11, 10.0, 0.3, 0.296, 2.0, 3) [0.2823764671929827 0.0031162360952596523 0.008203587014222392] 1 3358.0890867710114s
2022-03-05 14:21:30.492558 (1.0, 500000.0, 11, 10.0, 0.3, 0.311, 2.0, 3) [0.2614845517931815 0.002630865125237223 0.012974231030587166] 1 3359.3547480106354s
2022-03-05 14:21:31.178475 (1.0, 500000.0, 11, 10.0, 0.3, 0.331, 2.0, 3) [0.2343644873016852 0.0017456812250846684 0.023460784732621736] 1 3360.022928237915s
2022-03-05 14:21:42.588348 (1.0, 500000.0, 11, 10.0, 0.3, 0.291, 2.0, 3) [0.28962989197503936 0.0017403869940282508 0.006989439953494782] 1 3371.4524154663086s
2022-03-05 14:21:42.803556 (1.0, 500000.0, 11, 10.0, 0.3, 0.318, 2.0, 3) [0.2538097707339707 0.001603539819568746 0.015347691426299178] 1 3371.6664412021637s
2022-03-05 14:49:46.630061 (1.0, 500000.0, 6, 10.0, 0.3, 0.306, 2.0, 3) [0.474877027418226 0.00440477587514671 0.013885864915035686] 1 5055.296139001846s
2022-03-05 14:50:14.744969 (1.0, 500000.0, 6, 10.0, 0.3, 0.298, 2.0, 3) [0.4870906809796148 0.005051283957317039 0.011995871019997573] 1 5083.401568174362s
2022-03-05 14:50:37.204674 (1.0, 500000.0, 6, 10.0, 0.3, 0.291, 2.0, 3) [0.5012749855131234 0.0030874236621250255 0.010137222930086539] 1 5105.849565505981s
2022-03-05 14:50:51.311118 (1.0, 500000.0, 6, 10.0, 0.3, 0.296, 2.0, 3) [0.49127815588100476 0.0025618418292488927 0.011401447058069652] 1 5119.989926815033s
2022-03-05 14:59:11.065717 (1.0, 500000.0, 7, 10.0, 0.3, 0.291, 2.0, 3) [0.4366531492934474 0.004534287931176289 0.009150152707935259] 1 5619.683913469315s
2022-03-05 15:05:05.339432 (1.0, 500000.0, 7, 10.0, 0.3, 0.306, 2.0, 3) [0.410910541224678 0.0031014610412262336 0.013097603228375974] 1 5974.023895740509s
2022-03-05 15:07:34.124899 (1.0, 500000.0, 7, 10.0, 0.3, 0.271, 2.0, 3) [0.4648321394048596 0.003835368856213098 0.006165642531474174] 1 6122.806012630463s
2022-03-05 15:32:41.687366 (1.0, 500000.0, 7, 10.0, 0.3, 0.311, 2.0, 3) [0.40725629269125385 0.003691864170975015 0.01378007420618766] 1 7630.303743362427s
2022-03-05 15:34:48.978330 (1.0, 500000.0, 7, 10.0, 0.3, 0.304, 2.0, 3) [0.4145544691403029 0.0029632454880673042 0.012449515715776844] 1 7757.632901668549s
2022-03-05 15:34:51.296200 (1.0, 500000.0, 7, 10.0, 0.3, 0.301, 2.0, 3) [0.4206134024484742 0.0033785770144356326 0.011437096207500911] 1 7759.868696928024s
2022-03-05 15:35:36.643911 (1.0, 500000.0, 7, 10.0, 0.3, 0.298, 2.0, 3) [0.42531184898555546 0.0037686733715142895 0.010701498813136756] 1 7805.2510442733765s
2022-03-05 15:45:45.577713 (1.0, 500000.0, 8, 10.0, 0.3, 0.331, 2.0, 3) [0.32860131305047974 0.00222048629019931 0.021363136128330715] 1 8414.167805671692s
2022-03-05 15:46:13.697096 (1.0, 500000.0, 8, 10.0, 0.3, 0.291, 2.0, 3) [0.38558037735954326 0.003174223547713428 0.008606928998065576] 1 8442.265775680542s
2022-03-05 15:47:15.858829 (1.0, 500000.0, 8, 10.0, 0.3, 0.318, 2.0, 3) [0.34643253592762724 0.004456998934783565 0.016086675382519768] 1 8504.471210479736s
2022-03-05 15:47:17.242891 (1.0, 500000.0, 8, 10.0, 0.3, 0.311, 2.0, 3) [0.35657552589845953 0.0017487573231223246 0.013689862495836884] 1 8505.827760457993s
2022-03-05 15:47:21.555036 (1.0, 500000.0, 8, 10.0, 0.3, 0.271, 2.0, 3) [0.4162384813770768 0.002972759698114449 0.005274777562368993] 1 8510.176502943039s
2022-03-05 17:37:35.660250 (1.0, 500000.0, 9, 10.0, 0.3, 0.284, 2.0, 3) [0.35701562855902036 0.003145185833568985 0.006640007485032324] 1 15124.185078144073s
2022-03-05 17:47:39.564747 (1.0, 500000.0, 9, 10.0, 0.3, 0.271, 2.0, 3) [0.3789930873544332 0.002059054963947554 0.004474797106363771] 1 15728.189126253128s
2022-03-05 17:49:43.353221 (1.0, 500000.0, 10, 10.0, 0.3, 0.318, 2.0, 3) [0.2789523860584607 0.003452131570950666 0.015464653745390652] 1 15851.878811120987s
2022-03-05 17:51:43.023818 (1.0, 500000.0, 10, 10.0, 0.3, 0.284, 2.0, 3) [0.3269724742558505 0.0018101954379168288 0.005929057835042961] 1 15971.545305728912s
2022-03-05 17:52:07.196429 (1.0, 500000.0, 10, 10.0, 0.3, 0.331, 2.0, 3) [0.2612073179069488 0.0015858413410227965 0.021969508870234026] 1 15995.740139245987s
2022-03-05 17:52:13.965622 (1.0, 500000.0, 9, 10.0, 0.3, 0.331, 2.0, 3) [0.2910908419094193 0.001991819306350059 0.02168015783195066] 1 16002.502462863922s
2022-03-05 17:52:23.570051 (1.0, 500000.0, 10, 10.0, 0.3, 0.311, 2.0, 3) [0.2863013357890132 0.0017721281675496389 0.013335360519826447] 1 16012.071579933167s
2022-03-05 17:52:32.971969 (1.0, 500000.0, 10, 10.0, 0.3, 0.296, 2.0, 3) [0.3111721521894379 0.002901226245355239 0.008138903871874898] 1 16021.486701965332s
2022-03-05 17:53:00.846432 (1.0, 500000.0, 10, 10.0, 0.3, 0.271, 2.0, 3) [0.3471707841372428 0.002014488629601276 0.003957459375808476] 1 16049.347009658813s
2022-03-05 17:53:05.381789 (1.0, 500000.0, 9, 10.0, 0.3, 0.301, 2.0, 3) [0.3330973106596768 0.0022109596293121278 0.010226548832498213] 1 16053.860080480576s
2022-03-05 17:53:13.940405 (1.0, 500000.0, 9, 10.0, 0.3, 0.306, 2.0, 3) [0.3262017186076312 0.002714484100399703 0.01156059050415395] 1 16062.44706773758s
2022-03-05 17:54:19.916610 (1.0, 500000.0, 9, 10.0, 0.3, 0.296, 2.0, 3) [0.3390809364483531 0.002830332158643264 0.009171015134749569] 1 16128.360693454742s
2022-03-05 20:38:51.863643 (1.0, 500000.0, 11, 10.0, 0.3, 0.298, 2.0, 3) [0.2798129219784183 0.003527129071364324 0.00867274092345076] 1 26000.361964941025s
2022-03-05 20:44:31.982580 (1.0, 500000.0, 11, 10.0, 0.3, 0.301, 2.0, 3) [0.27601813575883744 0.001950076356366777 0.009432894992740496] 1 26340.548473596573s
2022-03-05 20:48:32.667416 (1.0, 500000.0, 11, 10.0, 0.3, 0.284, 2.0, 3) [0.3019968795722463 0.002437800350065835 0.005330319526786315] 1 26581.165707826614s
2022-03-05 20:48:52.831775 (1.0, 500000.0, 11, 10.0, 0.3, 0.306, 2.0, 3) [0.26951150594509343 0.0025227446556201267 0.010880071492334609] 1 26601.336532831192s
2022-03-05 20:49:30.906415 (1.0, 500000.0, 11, 10.0, 0.3, 0.304, 2.0, 3) [0.272903191448316 0.0029175228536583945 0.010102307306292224] 1 26639.471643686295s
2022-03-05 20:50:49.104468 (1.0, 500000.0, 11, 10.0, 0.3, 0.271, 2.0, 3) [0.32284560567100273 0.002292935800382102 0.0033714624359692438] 1 26717.61198616028s
