2021-07-14 01:53:34.799915 (1.0, 600000.0, 6, 12.0, 0.3, 0.53, 6.0, 3) [0.559232924096757 0.0023520128044215659 0.0050298621287471392] 1
2021-07-14 02:31:43.370152 (1.0, 600000.0, 7, 12.0, 0.3, 0.61, 6.0, 3) [0.4078489512997392 0.0020205142317505165 0.013734893723533219] 1
2021-07-14 02:31:45.266052 (1.0, 600000.0, 7, 12.0, 0.3, 0.53, 6.0, 3) [0.49533304662908934 0.0030535086870601886 0.0040162965663954366] 1
2021-07-14 02:32:16.744765 (1.0, 600000.0, 7, 12.0, 0.3, 0.7, 6.0, 3) [0.3224480054271684 0.0017774108704710632 0.045246564108916532] 1
2021-07-14 02:32:19.017612 (1.0, 600000.0, 7, 12.0, 0.3, 0.55, 6.0, 3) [0.47362433175310276 0.0035212630752637373 0.0054573658124352827] 1
2021-07-14 02:32:23.018464 (1.0, 600000.0, 7, 12.0, 0.3, 0.57, 6.0, 3) [0.44826053885817857 0.0027831404763719774 0.0077866227582538928] 1
2021-07-14 02:32:27.960908 (1.0, 600000.0, 7, 12.0, 0.3, 0.6, 6.0, 3) [0.4157488565017681 0.0025313570094131366 0.012265754411812147] 1
2021-07-14 02:32:28.420081 (1.0, 600000.0, 7, 12.0, 0.3, 0.63, 6.0, 3) [0.38414376564942493 0.0032573529968062723 0.01911746368591135] 1
2021-07-14 02:32:39.431706 (1.0, 600000.0, 7, 12.0, 0.3, 0.58, 6.0, 3) [0.43728860359879146 0.0031316586287362435 0.0090787096417280968] 1
2021-07-14 02:32:54.755643 (1.0, 600000.0, 7, 12.0, 0.3, 0.68, 6.0, 3) [0.3401273472127219 0.0021610076052083001 0.035427536254023555] 1
2021-07-14 02:36:36.040686 (1.0, 600000.0, 7, 12.0, 0.3, 0.54, 6.0, 3) [0.48412934041173017 0.0026191110085403485 0.0047033087953273342] 1
2021-07-14 02:39:09.836910 (1.0, 600000.0, 6, 12.0, 0.3, 0.55, 6.0, 3) [0.5344900778057227 0.0023943381758685239 0.0067742401725645477] 1
2021-07-14 02:39:27.261809 (1.0, 600000.0, 6, 12.0, 0.3, 0.61, 6.0, 3) [0.4634144358900487 0.0033944820282096242 0.015926343544100722] 1
2021-07-14 02:39:58.562216 (1.0, 600000.0, 6, 12.0, 0.3, 0.51, 6.0, 3) [0.5896987669546715 0.0025460741416141832 0.0034886515792784067] 1
2021-07-14 02:40:00.210036 (1.0, 600000.0, 6, 12.0, 0.3, 0.59, 6.0, 3) [0.48913886966741954 0.0034566111934260469 0.011694785469035783] 1
2021-07-14 02:40:02.751570 (1.0, 600000.0, 6, 12.0, 0.3, 0.6, 6.0, 3) [0.47431586463219355 0.0023745409300185956 0.013954513222099264] 1
2021-07-14 02:40:37.407457 (1.0, 600000.0, 6, 12.0, 0.3, 0.7, 6.0, 3) [0.3812536296580934 0.0024031189731668007 0.042728295852549961] 1
2021-07-14 02:40:58.049109 (1.0, 600000.0, 6, 12.0, 0.3, 0.5, 6.0, 3) [0.6017544276984328 0.0018337987547478605 0.0030179825048073095] 1
2021-07-14 02:41:32.541472 (1.0, 600000.0, 6, 12.0, 0.3, 0.54, 6.0, 3) [0.548076631022889 0.0023963649281967185 0.0057542618839403785] 1
2021-07-14 02:41:34.819585 (1.0, 600000.0, 6, 12.0, 0.3, 0.56, 6.0, 3) [0.5221736771080668 0.003505677559549438 0.0078515027990720583] 1
2021-07-14 02:41:44.149722 (1.0, 600000.0, 6, 12.0, 0.3, 0.65, 6.0, 3) [0.4256189158539721 0.0037296650709997057 0.025097945183234029] 1
2021-07-14 02:42:09.344745 (1.0, 600000.0, 6, 12.0, 0.3, 0.69, 6.0, 3) [0.38671898110260067 0.0018529333825812186 0.039920293911239718] 1
2021-07-14 02:42:18.420089 (1.0, 600000.0, 6, 12.0, 0.3, 0.67, 6.0, 3) [0.40537232914506865 0.0024339921619816077 0.031996299641685981] 1
2021-07-14 02:43:14.759974 (1.0, 600000.0, 6, 12.0, 0.3, 0.52, 6.0, 3) [0.5748496498207887 0.0044174299487449243 0.0041729768844831405] 1
2021-07-14 02:43:22.665126 (1.0, 600000.0, 6, 12.0, 0.3, 0.62, 6.0, 3) [0.4553567813728528 0.0020045750942829683 0.017547109683506899] 1
2021-07-14 02:45:48.647712 (1.0, 600000.0, 6, 12.0, 0.3, 0.68, 6.0, 3) [0.3969444193868561 0.0028998906409158256 0.035383655470126368] 1
2021-07-14 02:45:56.106072 (1.0, 600000.0, 6, 12.0, 0.3, 0.63, 6.0, 3) [0.4451568584110518 0.003199072461665392 0.01983822488895548] 1
2021-07-14 02:46:31.113060 (1.0, 600000.0, 6, 12.0, 0.3, 0.57, 6.0, 3) [0.5107796160350501 0.0018685473643459058 0.0090102404704132787] 1
2021-07-14 02:46:41.539895 (1.0, 600000.0, 6, 12.0, 0.3, 0.64, 6.0, 3) [0.4347272325306897 0.0018810719196741931 0.02247978233518352] 1
2021-07-14 02:46:47.839313 (1.0, 600000.0, 6, 12.0, 0.3, 0.66, 6.0, 3) [0.4144338633381597 0.0021421505622974016 0.028704027593734333] 1
2021-07-14 02:46:59.803570 (1.0, 600000.0, 6, 12.0, 0.3, 0.58, 6.0, 3) [0.5004435923016064 0.0043614112221033279 0.010208259381689932] 1
2021-07-14 04:02:55.938572 (1.0, 600000.0, 8, 12.0, 0.3, 0.59, 6.0, 3) [0.37932784021440275 0.0017241996556810579 0.0095633503074917716] 1
2021-07-14 04:03:27.264633 (1.0, 600000.0, 8, 12.0, 0.3, 0.6, 6.0, 3) [0.3706846885995445 0.0031585873156386806 0.010991214920755759] 1
2021-07-14 04:03:53.345888 (1.0, 600000.0, 8, 12.0, 0.3, 0.55, 6.0, 3) [0.42590265509910713 0.0021093724056466378 0.0045325273965182633] 1
2021-07-14 04:04:25.623285 (1.0, 600000.0, 8, 12.0, 0.3, 0.7, 6.0, 3) [0.2795294837273196 0.0033202594103685298 0.047040690776549703] 1
2021-07-14 05:07:08.578258 (1.0, 600000.0, 9, 12.0, 0.3, 0.51, 6.0, 3) [0.4389925589418058 0.0024659595207663946 0.0015245724872535043] 1
2021-07-14 05:07:22.620633 (1.0, 600000.0, 9, 12.0, 0.3, 0.59, 6.0, 3) [0.34453412678598383 0.0021612551167884144 0.0083672282881059375] 1
2021-07-14 05:07:37.109794 (1.0, 600000.0, 9, 12.0, 0.3, 0.65, 6.0, 3) [0.28562909044411483 0.0021898352144356487 0.024133836041892686] 1
2021-07-14 05:14:21.298277 (1.0, 600000.0, 8, 12.0, 0.3, 0.52, 6.0, 3) [0.4638963165600263 0.0050608146188468699 0.0024664134311040602] 1
2021-07-14 05:14:49.960997 (1.0, 600000.0, 8, 12.0, 0.3, 0.68, 6.0, 3) [0.2947682785823274 0.0023263201616502706 0.036937829035581238] 1
2021-07-14 05:15:24.600195 (1.0, 600000.0, 8, 12.0, 0.3, 0.51, 6.0, 3) [0.47572195072931367 0.0026495543163821272 0.0020394012399213568] 1
2021-07-14 05:15:55.654921 (1.0, 600000.0, 8, 12.0, 0.3, 0.57, 6.0, 3) [0.40280903883771696 0.0029194191720280688 0.0065637132255188758] 1
2021-07-14 05:15:56.060188 (1.0, 600000.0, 8, 12.0, 0.3, 0.56, 6.0, 3) [0.41442563544740413 0.0022606476203816343 0.005450294337136152] 1
2021-07-14 05:16:10.188285 (1.0, 600000.0, 8, 12.0, 0.3, 0.61, 6.0, 3) [0.35988507596045044 0.0018559372839252778 0.013067339723586016] 1
2021-07-14 05:16:14.574586 (1.0, 600000.0, 8, 12.0, 0.3, 0.63, 6.0, 3) [0.33945132344520745 0.0025338440751024138 0.018103413757960651] 1
2021-07-14 05:16:55.650375 (1.0, 600000.0, 8, 12.0, 0.3, 0.65, 6.0, 3) [0.32027444896213186 0.0018823041819785501 0.024601151044178225] 1
2021-07-14 05:17:33.456564 (1.0, 600000.0, 8, 12.0, 0.3, 0.66, 6.0, 3) [0.3099855402734653 0.0017476765603817103 0.028933408787851611] 1
2021-07-14 05:17:43.789279 (1.0, 600000.0, 8, 12.0, 0.3, 0.69, 6.0, 3) [0.28846394880181553 0.0024076499713052766 0.040901956996163835] 1
2021-07-14 05:19:12.919602 (1.0, 600000.0, 8, 12.0, 0.3, 0.67, 6.0, 3) [0.3050889969160115 0.0030826132806536866 0.031375569091998713] 1
2021-07-14 05:19:28.822474 (1.0, 600000.0, 8, 12.0, 0.3, 0.62, 6.0, 3) [0.3494499907360743 0.0019606531148261526 0.015440479104852965] 1
2021-07-14 06:23:57.242351 (1.0, 600000.0, 9, 12.0, 0.3, 0.5, 6.0, 3) [0.4503105323313839 0.0020295727188977494 0.0012426602460858679] 1
2021-07-14 06:24:32.389332 (1.0, 600000.0, 9, 12.0, 0.3, 0.67, 6.0, 3) [0.26991028183408927 0.0019460913759518476 0.032023087789843543] 1
2021-07-14 06:25:10.768669 (1.0, 600000.0, 9, 12.0, 0.3, 0.57, 6.0, 3) [0.3669612865074194 0.0021938713637946212 0.0055866114496008106] 1
2021-07-14 06:25:18.006031 (1.0, 600000.0, 9, 12.0, 0.3, 0.52, 6.0, 3) [0.42277563956328784 0.0028032703810047716 0.002038627120436631] 1
2021-07-14 06:25:19.703176 (1.0, 600000.0, 9, 12.0, 0.3, 0.58, 6.0, 3) [0.35452397329519025 0.0014220490667204648 0.0069864435492643954] 1
2021-07-14 06:25:35.087138 (1.0, 600000.0, 9, 12.0, 0.3, 0.62, 6.0, 3) [0.3138144597688434 0.0026904941193941112 0.014561569171311047] 1
2021-07-14 06:26:27.274149 (1.0, 600000.0, 9, 12.0, 0.3, 0.56, 6.0, 3) [0.37461630211695174 0.0025682955031734946 0.0048610249119660186] 1
2021-07-14 06:26:50.478505 (1.0, 600000.0, 9, 12.0, 0.3, 0.63, 6.0, 3) [0.3052523845157105 0.0017267046076518289 0.016984285613896633] 1
2021-07-14 06:27:11.144444 (1.0, 600000.0, 9, 12.0, 0.3, 0.61, 6.0, 3) [0.3270040329813966 0.0015411479709729089 0.011496860689714613] 1
2021-07-14 06:27:18.258084 (1.0, 600000.0, 9, 12.0, 0.3, 0.7, 6.0, 3) [0.24588599728955554 0.0023586933279046694 0.049082482514115837] 1
2021-07-14 06:27:36.716427 (1.0, 600000.0, 9, 12.0, 0.3, 0.64, 6.0, 3) [0.2953989622852037 0.0029057387123514948 0.020275444169683209] 1
2021-07-14 06:27:56.465584 (1.0, 600000.0, 9, 12.0, 0.3, 0.69, 6.0, 3) [0.2529336979713247 0.0032878027659202893 0.043347904215210321] 1
2021-07-14 06:28:15.712953 (1.0, 600000.0, 9, 12.0, 0.3, 0.54, 6.0, 3) [0.39998503801709945 0.0019253208712468879 0.0030778331495227196] 1
2021-07-14 06:28:23.335114 (1.0, 600000.0, 9, 12.0, 0.3, 0.55, 6.0, 3) [0.38925399118186493 0.0016491666749951495 0.0037366223878770766] 1
2021-07-14 09:09:18.450306 (1.0, 600000.0, 9, 12.0, 0.3, 0.68, 6.0, 3) [0.26261839510018653 0.0016860639529715617 0.036491869091522591] 1
2021-07-14 09:09:23.657989 (1.0, 600000.0, 8, 12.0, 0.3, 0.54, 6.0, 3) [0.43767057754114846 0.0034222822841655162 0.0037512311073006001] 1
2021-07-14 09:12:05.257867 (1.0, 600000.0, 8, 12.0, 0.3, 0.5, 6.0, 3) [0.4900330316968058 0.0040132964211238671 0.0016214850694922292] 1
2021-07-14 09:13:27.039615 (1.0, 600000.0, 8, 12.0, 0.3, 0.53, 6.0, 3) [0.4486749547429186 0.0016075882655764851 0.0031427259320332543] 1
2021-07-14 09:14:22.857166 (1.0, 600000.0, 8, 12.0, 0.3, 0.58, 6.0, 3) [0.39186384396473106 0.0028023097760304341 0.0078215552125541227] 1
2021-07-14 09:14:50.152179 (1.0, 600000.0, 8, 12.0, 0.3, 0.64, 6.0, 3) [0.32961399354480203 0.0037083577108163878 0.021172079386002008] 1
2021-07-14 09:16:40.709491 (1.0, 600000.0, 9, 12.0, 0.3, 0.6, 6.0, 3) [0.33384322742089934 0.0030523747501119279 0.010153196290661835] 1
2021-07-14 09:23:52.401890 (1.0, 600000.0, 9, 12.0, 0.3, 0.66, 6.0, 3) [0.2795405304658295 0.002907620203336811 0.026984212836183838] 1
2021-07-14 09:31:55.845533 (1.0, 600000.0, 9, 12.0, 0.3, 0.53, 6.0, 3) [0.4126104125297495 0.0022094158517276807 0.0024529077690258077] 1
2021-07-14 12:16:11.418009 (1.0, 600000.0, 11, 12.0, 0.3, 0.57, 6.0, 3) [0.30965929554980726 0.001607009814563076 0.0045253385376461189] 1
2021-07-14 12:17:30.449902 (1.0, 600000.0, 11, 12.0, 0.3, 0.6, 6.0, 3) [0.27876520912240044 0.0019215806994219693 0.0089418302366545983] 1
2021-07-14 12:17:34.913464 (1.0, 600000.0, 11, 12.0, 0.3, 0.65, 6.0, 3) [0.23404165497825968 0.0017298850066719941 0.023912021410548552] 1
2021-07-14 12:18:27.248194 (1.0, 600000.0, 11, 12.0, 0.3, 0.55, 6.0, 3) [0.33299429646468753 0.0024478528864020086 0.0027088257812245982] 1
2021-07-14 12:19:44.504053 (1.0, 600000.0, 11, 12.0, 0.3, 0.51, 6.0, 3) [0.3800598482127954 0.0024872675704635653 0.00095899204132794138] 1
2021-07-14 12:23:23.658443 (1.0, 600000.0, 11, 12.0, 0.3, 0.52, 6.0, 3) [0.3709656573651098 0.0027780031030900944 0.0011752483404041847] 1
2021-07-14 12:26:55.014762 (1.0, 600000.0, 12, 12.0, 0.3, 0.5, 6.0, 3) [0.37393078232875043 0.002371201355438334 0.00051884841351614453] 1
2021-07-14 12:27:19.549070 (1.0, 600000.0, 12, 12.0, 0.3, 0.61, 6.0, 3) [0.2505710492437866 0.0018297800318705462 0.010067735049774512] 1
2021-07-14 12:27:31.035547 (1.0, 600000.0, 12, 12.0, 0.3, 0.57, 6.0, 3) [0.29036600816063085 0.0028399757383908318 0.0038724744800481318] 1
2021-07-14 12:27:39.119571 (1.0, 600000.0, 12, 12.0, 0.3, 0.56, 6.0, 3) [0.2996791546295219 0.0018289069400592034 0.0030948984013577318] 1
2021-07-14 12:27:42.695836 (1.0, 600000.0, 12, 12.0, 0.3, 0.54, 6.0, 3) [0.32595830893226224 0.0030780286385691737 0.0016471123333223058] 1
2021-07-14 12:27:53.358768 (1.0, 600000.0, 12, 12.0, 0.3, 0.59, 6.0, 3) [0.26769590949449185 0.0024684017185425252 0.0066686035882947128] 1
2021-07-14 12:28:44.712825 (1.0, 600000.0, 12, 12.0, 0.3, 0.69, 6.0, 3) [0.1831522170679269 0.0018763108286408139 0.050250364617022182] 1
2021-07-14 12:32:38.517705 (1.0, 600000.0, 7, 12.0, 0.3, 0.64, 6.0, 3) [0.3744264676559901 0.0020877366736350915 0.021912583644789499] 1
2021-07-14 12:33:20.547682 (1.0, 600000.0, 7, 12.0, 0.3, 0.62, 6.0, 3) [0.39393515403765894 0.00146011553053395 0.016656281464308243] 1
2021-07-14 12:35:25.194390 (1.0, 600000.0, 7, 12.0, 0.3, 0.51, 6.0, 3) [0.5237410409097512 0.0021410109775262635 0.0026985903096169201] 1
2021-07-14 12:38:53.158582 (1.0, 600000.0, 7, 12.0, 0.3, 0.59, 6.0, 3) [0.4271580114468994 0.002309444752528267 0.010468541238289442] 1
2021-07-14 12:39:13.545262 (1.0, 600000.0, 7, 12.0, 0.3, 0.56, 6.0, 3) [0.4617445794274277 0.0023893292410896178 0.0064407653222443339] 1
2021-07-14 12:40:18.217878 (1.0, 600000.0, 7, 12.0, 0.3, 0.67, 6.0, 3) [0.3479665943820852 0.0025186401982093382 0.031698563147412893] 1
2021-07-14 12:40:22.476873 (1.0, 600000.0, 7, 12.0, 0.3, 0.65, 6.0, 3) [0.3668900017303088 0.0020447825562215798 0.024372097266115323] 1
2021-07-14 12:40:26.369156 (1.0, 600000.0, 7, 12.0, 0.3, 0.5, 6.0, 3) [0.5368693467381228 0.0033793078790992762 0.002243017467736435] 1
2021-07-14 12:41:47.532721 (1.0, 600000.0, 7, 12.0, 0.3, 0.52, 6.0, 3) [0.5115996372700692 0.003337791282955077 0.0032015311425747962] 1
2021-07-14 12:42:04.356203 (1.0, 600000.0, 7, 12.0, 0.3, 0.69, 6.0, 3) [0.32857099615974245 0.0026777508864551445 0.041565621644559569] 1
2021-07-14 12:42:41.293537 (1.0, 600000.0, 7, 12.0, 0.3, 0.66, 6.0, 3) [0.3563128182076055 0.0017793458865567127 0.028226573389079801] 1
2021-07-14 14:39:32.157587 (1.0, 600000.0, 13, 12.0, 0.3, 0.7, 6.0, 3) [0.16194939893511856 0.0014212976380281724 0.060265270309709233] 1
2021-07-14 14:39:45.736198 (1.0, 600000.0, 13, 12.0, 0.3, 0.51, 6.0, 3) [0.34244592104203175 0.0025359780768284858 0.00055708944677789168] 1
2021-07-14 14:40:06.685106 (1.0, 600000.0, 13, 12.0, 0.3, 0.57, 6.0, 3) [0.27053735204423907 0.0017585604569305023 0.0036209932869480941] 1
2021-07-14 14:40:12.804379 (1.0, 600000.0, 13, 12.0, 0.3, 0.5, 6.0, 3) [0.3559129065147378 0.0019553725990900366 0.00039256861944726045] 1
2021-07-14 14:40:16.929692 (1.0, 600000.0, 13, 12.0, 0.3, 0.58, 6.0, 3) [0.2608390712222637 0.0011722181773249534 0.0046617366734711735] 1
2021-07-14 14:40:28.151782 (1.0, 600000.0, 13, 12.0, 0.3, 0.6, 6.0, 3) [0.24316825388990368 0.0026673020216744754 0.0073953837110083531] 1
2021-07-14 14:40:35.417714 (1.0, 600000.0, 13, 12.0, 0.3, 0.66, 6.0, 3) [0.1899277438633146 0.0019546092968584189 0.029355236665607548] 1
2021-07-14 14:41:06.409037 (1.0, 600000.0, 13, 12.0, 0.3, 0.53, 6.0, 3) [0.31917765666979553 0.0021497591204947038 0.0010219730126858121] 1
2021-07-14 14:41:20.680912 (1.0, 600000.0, 13, 12.0, 0.3, 0.67, 6.0, 3) [0.1816987870711156 0.0021140886384428412 0.036306283940350841] 1
2021-07-14 14:41:51.470217 (1.0, 600000.0, 13, 12.0, 0.3, 0.63, 6.0, 3) [0.21353926683434749 0.0022800813833751725 0.015925380541407425] 1
2021-07-14 15:38:55.438912 (1.0, 600000.0, 12, 12.0, 0.3, 0.53, 6.0, 3) [0.33625367405570755 0.0018915345265138176 0.0012861100192373422] 1
2021-07-14 15:39:01.942566 (1.0, 600000.0, 12, 12.0, 0.3, 0.58, 6.0, 3) [0.2796828745350709 0.0027755116072445372 0.0050061182548331836] 1
2021-07-14 15:42:38.848859 (1.0, 600000.0, 12, 12.0, 0.3, 0.64, 6.0, 3) [0.2209246287958597 0.0017960371992712131 0.020412222043942725] 1
2021-07-14 15:43:36.654402 (1.0, 600000.0, 12, 12.0, 0.3, 0.63, 6.0, 3) [0.231795327550496 0.002124127294034695 0.015797741761578173] 1
2021-07-14 15:45:24.185949 (1.0, 600000.0, 12, 12.0, 0.3, 0.51, 6.0, 3) [0.36147918007964497 0.0017602425602784727 0.00070146284939993128] 1
2021-07-14 15:45:48.419155 (1.0, 600000.0, 12, 12.0, 0.3, 0.55, 6.0, 3) [0.3119464458534013 0.0032823756279542981 0.0023046906001715686] 1
2021-07-14 15:46:45.691309 (1.0, 600000.0, 11, 12.0, 0.3, 0.56, 6.0, 3) [0.3202163378282964 0.0018617136590787511 0.0035858531274914449] 1
2021-07-14 15:47:40.748773 (1.0, 600000.0, 11, 12.0, 0.3, 0.67, 6.0, 3) [0.21822209932753237 0.0016467491757669191 0.033747617647037265] 1
2021-07-14 15:48:51.332498 (1.0, 600000.0, 11, 12.0, 0.3, 0.54, 6.0, 3) [0.34572275609010156 0.0035049324915524286 0.0020469474675672626] 1
2021-07-14 15:49:04.688751 (1.0, 600000.0, 11, 12.0, 0.3, 0.5, 6.0, 3) [0.39604733979160317 0.002565955436424796 0.00067564709112810509] 1
2021-07-14 15:52:45.824593 (1.0, 600000.0, 11, 12.0, 0.3, 0.61, 6.0, 3) [0.27044410822748777 0.0035156549824580381 0.010733739214488159] 1
2021-07-14 15:53:05.525406 (1.0, 600000.0, 11, 12.0, 0.3, 0.7, 6.0, 3) [0.19648885603382488 0.0016038267234986252 0.054285785517357396] 1
2021-07-14 15:53:06.720645 (1.0, 600000.0, 11, 12.0, 0.3, 0.53, 6.0, 3) [0.3571583831664176 0.0026651465425141774 0.0015907382558690841] 1
2021-07-14 15:53:40.681319 (1.0, 600000.0, 11, 12.0, 0.3, 0.58, 6.0, 3) [0.30103848611613 0.0020883590181954188 0.0054758067041185184] 1
2021-07-14 17:47:06.096346 (1.0, 600000.0, 14, 12.0, 0.3, 0.5, 6.0, 3) [0.3392477798205391 0.0021640758425267173 0.0003069467416380814] 1
2021-07-14 17:49:16.813945 (1.0, 600000.0, 14, 12.0, 0.3, 0.57, 6.0, 3) [0.255910008806102 0.0018369149357974027 0.0031705745505660804] 1
2021-07-14 17:59:49.826928 (1.0, 600000.0, 14, 12.0, 0.3, 0.62, 6.0, 3) [0.2077646641952328 0.0012087500430537693 0.012205402345950999] 1
2021-07-14 20:09:09.497986 (1.0, 600000.0, 15, 12.0, 0.3, 0.7, 6.0, 3) [0.13815149460530543 0.0021488609097066918 0.06430264244442134] 1
2021-07-14 20:09:23.919449 (1.0, 600000.0, 15, 12.0, 0.3, 0.68, 6.0, 3) [0.14826168473587445 0.0015365715170178574 0.047597269977013378] 1
2021-07-14 20:09:33.312620 (1.0, 600000.0, 15, 12.0, 0.3, 0.63, 6.0, 3) [0.1852434880343477 0.0016259928877944815 0.015800143653107609] 1
2021-07-14 20:09:38.212559 (1.0, 600000.0, 15, 12.0, 0.3, 0.56, 6.0, 3) [0.2532289353950113 0.0016339982112354087 0.0020585539639975934] 1
2021-07-14 20:09:43.044609 (1.0, 600000.0, 15, 12.0, 0.3, 0.58, 6.0, 3) [0.2317037291472105 0.0015607102686250006 0.0039251772573448375] 1
2021-07-14 20:10:15.952985 (1.0, 600000.0, 15, 12.0, 0.3, 0.5, 6.0, 3) [0.32557424415536496 0.0021121320109699551 0.00023454123282398389] 1
2021-07-14 20:10:32.909648 (1.0, 600000.0, 15, 12.0, 0.3, 0.65, 6.0, 3) [0.16890976349694806 0.0024360877977639755 0.025746204725409678] 1
2021-07-14 20:10:49.528793 (1.0, 600000.0, 15, 12.0, 0.3, 0.6, 6.0, 3) [0.2118376790478925 0.001892378280836747 0.0071199517184744434] 1
2021-07-14 20:10:54.880778 (1.0, 600000.0, 15, 12.0, 0.3, 0.66, 6.0, 3) [0.16207678075636514 0.0017276594550639983 0.031530022002570969] 1
2021-07-14 20:11:47.189505 (1.0, 600000.0, 15, 12.0, 0.3, 0.67, 6.0, 3) [0.1540392523811139 0.0024329207171947878 0.04003020726896081] 1
2021-07-14 22:59:24.168437 (1.0, 600000.0, 14, 12.0, 0.3, 0.63, 6.0, 3) [0.2001869877104536 0.0012193815955500785 0.015107903314194825] 1
2021-07-14 22:59:33.299159 (1.0, 600000.0, 14, 12.0, 0.3, 0.6, 6.0, 3) [0.2260051994380858 0.0021168902169402298 0.0073310175069377283] 1
2021-07-14 22:59:40.294528 (1.0, 600000.0, 14, 12.0, 0.3, 0.59, 6.0, 3) [0.23532556643178137 0.0020228970221730079 0.0056456625403979591] 1
2021-07-14 22:59:56.747315 (1.0, 600000.0, 14, 12.0, 0.3, 0.56, 6.0, 3) [0.2677980216588599 0.003720285400042832 0.002274860014475944] 1
2021-07-14 23:00:22.951915 (1.0, 600000.0, 14, 12.0, 0.3, 0.54, 6.0, 3) [0.29023685853780645 0.002081596291848556 0.001211897530869268] 1
2021-07-14 23:00:34.341965 (1.0, 600000.0, 14, 12.0, 0.3, 0.55, 6.0, 3) [0.27719125205498557 0.002197661402154447 0.001745876361302248] 1
2021-07-14 23:01:45.162390 (1.0, 600000.0, 14, 12.0, 0.3, 0.69, 6.0, 3) [0.15349577745642606 0.0026518775480628121 0.055184016994670591] 1
2021-07-14 23:02:03.948633 (1.0, 600000.0, 14, 12.0, 0.3, 0.67, 6.0, 3) [0.16795236061178265 0.0020431651802268933 0.037034434371169392] 1
2021-07-14 23:02:17.903557 (1.0, 600000.0, 14, 12.0, 0.3, 0.58, 6.0, 3) [0.24797387595220777 0.001636993454526394 0.0039674677422405222] 1
2021-07-14 23:02:22.050551 (1.0, 600000.0, 14, 12.0, 0.3, 0.68, 6.0, 3) [0.15858108597300039 0.0023301276753579609 0.047897494510195718] 1
2021-07-14 23:02:46.335210 (1.0, 600000.0, 14, 12.0, 0.3, 0.7, 6.0, 3) [0.1476767393011782 0.0018301271587734137 0.064773419095563237] 1
2021-07-14 23:03:23.179443 (1.0, 600000.0, 14, 12.0, 0.3, 0.53, 6.0, 3) [0.3028639739646854 0.0027985239029523477 0.00085112696007187531] 1
2021-07-14 23:03:34.995725 (1.0, 600000.0, 14, 12.0, 0.3, 0.66, 6.0, 3) [0.17512611055925334 0.0021101959666273078 0.030341859653571012] 1
2021-07-14 23:04:20.740981 (1.0, 600000.0, 14, 12.0, 0.3, 0.65, 6.0, 3) [0.18344442526442195 0.001261321148966229 0.024090633515719655] 1
2021-07-15 02:32:24.801488 (1.0, 600000.0, 16, 12.0, 0.3, 0.56, 6.0, 3) [0.2406718738925903 0.0017503345207513976 0.0018513321188754507] 1
2021-07-15 02:33:26.502041 (1.0, 600000.0, 16, 12.0, 0.3, 0.5, 6.0, 3) [0.3140136418969571 0.0016524620759857075 0.00017691082542155385] 1
2021-07-15 02:34:38.824471 (1.0, 600000.0, 16, 12.0, 0.3, 0.65, 6.0, 3) [0.15824232476437475 0.0011389716583004878 0.025829810237269806] 1
2021-07-15 02:35:08.983246 (1.0, 600000.0, 16, 12.0, 0.3, 0.7, 6.0, 3) [0.12584500069075 0.0016919575792387739 0.071800681026390492] 1
2021-07-15 02:35:23.190118 (1.0, 600000.0, 16, 12.0, 0.3, 0.64, 6.0, 3) [0.1663545203720298 0.0023593663168865004 0.019947378999512558] 1
2021-07-15 02:35:37.156304 (1.0, 600000.0, 16, 12.0, 0.3, 0.55, 6.0, 3) [0.2527431265896129 0.002588439187277144 0.0012581668965438745] 1
2021-07-15 02:35:47.606377 (1.0, 600000.0, 16, 12.0, 0.3, 0.52, 6.0, 3) [0.2869263483908598 0.0018365434027906693 0.00042049419552004058] 1
2021-07-15 02:36:29.638891 (1.0, 600000.0, 16, 12.0, 0.3, 0.63, 6.0, 3) [0.17349042369216 0.0023574361497707298 0.01588634731615312] 1
2021-07-15 02:37:11.962823 (1.0, 600000.0, 16, 12.0, 0.3, 0.54, 6.0, 3) [0.2626093541409927 0.0020314227938554043 0.00091672323995192978] 1
2021-07-15 02:37:50.818826 (1.0, 600000.0, 16, 12.0, 0.3, 0.67, 6.0, 3) [0.14513126949898442 0.0010607656480357921 0.039113862985261476] 1
2021-07-15 09:01:17.211207 (1.0, 600000.0, 14, 12.0, 0.3, 0.64, 6.0, 3) [0.1902291924132781 0.0021745441678032423 0.019923651859002862] 1
2021-07-15 09:02:27.384394 (1.0, 600000.0, 11, 12.0, 0.3, 0.66, 6.0, 3) [0.22662946216850327 0.0028273044478703204 0.028109352501942474] 1
2021-07-15 09:05:27.079009 (1.0, 600000.0, 11, 12.0, 0.3, 0.64, 6.0, 3) [0.24316366158773448 0.0021011569444361615 0.019555550870576966] 1
2021-07-15 09:05:54.559998 (1.0, 600000.0, 11, 12.0, 0.3, 0.69, 6.0, 3) [0.20508698622703936 0.0014710559498961296 0.045011887417083243] 1
2021-07-15 09:06:50.056516 (1.0, 600000.0, 11, 12.0, 0.3, 0.62, 6.0, 3) [0.25983013530742677 0.0016990290822728334 0.013562390400248921] 1
2021-07-15 09:07:53.479605 (1.0, 600000.0, 11, 12.0, 0.3, 0.59, 6.0, 3) [0.2899771333648633 0.0021036253836519418 0.0069870417086142309] 1
2021-07-15 09:08:23.044532 (1.0, 600000.0, 11, 12.0, 0.3, 0.68, 6.0, 3) [0.2107612383319915 0.0017893744316473431 0.039715478391011111] 1
2021-07-15 09:08:52.128428 (1.0, 600000.0, 14, 12.0, 0.3, 0.51, 6.0, 3) [0.3255335567515706 0.0014405130725122972 0.00045067483824173837] 1
2021-07-15 09:09:45.719909 (1.0, 600000.0, 14, 12.0, 0.3, 0.52, 6.0, 3) [0.31391300323187205 0.001493122106444102 0.00062418536712142948] 1
2021-07-15 09:13:36.242576 (1.0, 600000.0, 11, 12.0, 0.3, 0.63, 6.0, 3) [0.2522766219490654 0.0020800873153229852 0.016001746749778528] 1
2021-07-15 09:23:39.948426 (1.0, 600000.0, 14, 12.0, 0.3, 0.61, 6.0, 3) [0.21594526955269633 0.0024123140353594177 0.0097011987071064943] 1
2021-07-15 10:11:25.380551 (1.0, 600000.0, 12, 12.0, 0.3, 0.6, 6.0, 3) [0.2592212768475962 0.001810690662461954 0.0081766178637856513] 1
2021-07-15 10:13:01.775586 (1.0, 600000.0, 12, 12.0, 0.3, 0.65, 6.0, 3) [0.21434475739514952 0.0023449651451924992 0.023957197645344624] 1
2021-07-15 10:13:57.818126 (1.0, 600000.0, 12, 12.0, 0.3, 0.62, 6.0, 3) [0.2408294646752248 0.0017259934125889588 0.012719571335011419] 1
2021-07-15 10:15:26.085402 (1.0, 600000.0, 12, 12.0, 0.3, 0.7, 6.0, 3) [0.1779796345628416 0.0018221020890636275 0.056871479258521013] 1
2021-07-15 10:15:45.736864 (1.0, 600000.0, 12, 12.0, 0.3, 0.52, 6.0, 3) [0.347216374062271 0.0015500875264665059 0.0009863858813668146] 1
2021-07-15 10:15:53.351409 (1.0, 600000.0, 12, 12.0, 0.3, 0.66, 6.0, 3) [0.20611277697545616 0.0022485513345186919 0.029135522442463254] 1
2021-07-15 10:16:19.702707 (1.0, 600000.0, 12, 12.0, 0.3, 0.67, 6.0, 3) [0.19874251294114978 0.0012680549515330102 0.034777888977314833] 1
2021-07-15 10:16:19.905204 (1.0, 600000.0, 12, 12.0, 0.3, 0.68, 6.0, 3) [0.19153612343864027 0.0014164084806248174 0.041252571509029216] 1
2021-07-16 05:00:54.474059 (1.0, 600000.0, 13, 12.0, 0.3, 0.56, 6.0, 3) [0.28215681715038177 0.0022536622684290698 0.0026771476753500922] 1
2021-07-16 05:06:52.190068 (1.0, 600000.0, 13, 12.0, 0.3, 0.62, 6.0, 3) [0.2210226646523452 0.0011058060624671289 0.013101787157818394] 1
2021-07-16 05:10:11.411383 (1.0, 600000.0, 13, 12.0, 0.3, 0.64, 6.0, 3) [0.20622078569918395 0.001791357675183109 0.019271391972668531] 1
2021-07-16 05:10:15.822274 (1.0, 600000.0, 13, 12.0, 0.3, 0.59, 6.0, 3) [0.25092003060396567 0.0019784284443150565 0.0060268735739400755] 1
2021-07-16 05:10:30.371335 (1.0, 600000.0, 13, 12.0, 0.3, 0.52, 6.0, 3) [0.3293400206704809 0.0018142119174585391 0.00078377786767934486] 1
2021-07-16 05:11:09.687119 (1.0, 600000.0, 13, 12.0, 0.3, 0.68, 6.0, 3) [0.17465607154803722 0.0020689602490397631 0.043563929436860459] 1
2021-07-16 05:11:51.129181 (1.0, 600000.0, 13, 12.0, 0.3, 0.65, 6.0, 3) [0.19696412910044284 0.0020772227192011545 0.024448696882445612] 1
2021-07-16 05:11:55.655817 (1.0, 600000.0, 13, 12.0, 0.3, 0.54, 6.0, 3) [0.30551359500693526 0.0021434703151015865 0.0014588812320371156] 1
2021-07-16 05:13:13.604306 (1.0, 600000.0, 13, 12.0, 0.3, 0.55, 6.0, 3) [0.29473973841868695 0.0018663680625739293 0.0019315443378790478] 1
2021-07-16 05:13:55.600861 (1.0, 600000.0, 13, 12.0, 0.3, 0.61, 6.0, 3) [0.2322235594559725 0.0023679548310650352 0.0098108549683434861] 1
2021-07-16 05:14:06.760078 (1.0, 600000.0, 13, 12.0, 0.3, 0.69, 6.0, 3) [0.16765774323927315 0.0019627630290288268 0.052088769183669135] 1
2021-07-17 07:17:52.167804 (1.0, 600000.0, 15, 12.0, 0.3, 0.57, 6.0, 3) [0.24276325389455072 0.0029827479076807929 0.002817836607615162] 1
2021-07-17 07:22:27.635692 (1.0, 600000.0, 15, 12.0, 0.3, 0.51, 6.0, 3) [0.31350704715146566 0.0023773173960937584 0.00033684343749735749] 1
2021-07-17 07:24:01.686826 (1.0, 600000.0, 15, 12.0, 0.3, 0.53, 6.0, 3) [0.2890520369674603 0.001894622719694097 0.00070201850767628285] 1
2021-07-17 07:24:13.793000 (1.0, 600000.0, 15, 12.0, 0.3, 0.52, 6.0, 3) [0.2988337329625544 0.0020270225434054646 0.00052315065285070351] 1
2021-07-17 07:26:32.103339 (1.0, 600000.0, 15, 12.0, 0.3, 0.55, 6.0, 3) [0.26265026147768483 0.0021300707926610726 0.0015471490930589081] 1
2021-07-17 07:29:07.235180 (1.0, 600000.0, 15, 12.0, 0.3, 0.61, 6.0, 3) [0.20255820382279716 0.0017405834206521524 0.0094115164445839894] 1
2021-07-17 07:31:23.578984 (1.0, 600000.0, 15, 12.0, 0.3, 0.69, 6.0, 3) [0.14089911082610065 0.0018694549077754048 0.059021586116308825] 1
2021-07-17 07:32:07.848023 (1.0, 600000.0, 15, 12.0, 0.3, 0.54, 6.0, 3) [0.27479621869868853 0.0017963277059175726 0.0010757518641939287] 1
2021-07-17 07:35:05.416422 (1.0, 600000.0, 15, 12.0, 0.3, 0.64, 6.0, 3) [0.17666659289240533 0.001724216364376695 0.020382354958623228] 1
2021-07-17 07:35:51.261526 (1.0, 600000.0, 15, 12.0, 0.3, 0.62, 6.0, 3) [0.19405830069168653 0.0019395891340461609 0.012138492377956073] 1
2021-07-17 07:36:08.175905 (1.0, 600000.0, 15, 12.0, 0.3, 0.59, 6.0, 3) [0.22160043741052277 0.0012082003269689482 0.005318109923581324] 1
2021-07-18 03:30:43.870436 (1.0, 600000.0, 16, 12.0, 0.3, 0.6, 6.0, 3) [0.2006969962224053 0.0019208094948878355 0.0066587222972470245] 1
2021-07-18 03:32:46.971586 (1.0, 600000.0, 16, 12.0, 0.3, 0.68, 6.0, 3) [0.138173728687347 0.0012091001558490304 0.048732884965133089] 1
2021-07-18 03:42:32.311826 (1.0, 600000.0, 16, 12.0, 0.3, 0.53, 6.0, 3) [0.2770042026294253 0.0016946363597892303 0.00057934344917615445] 1
2021-07-18 03:42:43.521661 (1.0, 600000.0, 16, 12.0, 0.3, 0.62, 6.0, 3) [0.1822299632549241 0.0010501704391205238 0.012005554353945817] 1
2021-07-18 03:44:40.143127 (1.0, 600000.0, 16, 12.0, 0.3, 0.51, 6.0, 3) [0.3008836270357887 0.0016485313187594669 0.00026934285537399201] 1
2021-07-18 03:45:26.125336 (1.0, 600000.0, 16, 12.0, 0.3, 0.61, 6.0, 3) [0.19045969195539839 0.0022931363530689091 0.0092273786742299961] 1
2021-07-18 03:46:29.172135 (1.0, 600000.0, 16, 12.0, 0.3, 0.58, 6.0, 3) [0.21926169407467022 0.0039624769926528006 0.0036755041409415714] 1
2021-07-18 03:46:39.278805 (1.0, 600000.0, 16, 12.0, 0.3, 0.59, 6.0, 3) [0.21140452375801944 0.0018228045184841813 0.0047301215196009633] 1
2021-07-18 03:48:40.880194 (1.0, 600000.0, 16, 12.0, 0.3, 0.69, 6.0, 3) [0.13151084043935665 0.001550511988625622 0.060129782035048235] 1
2021-07-18 03:55:21.289487 (1.0, 600000.0, 16, 12.0, 0.3, 0.57, 6.0, 3) [0.22951441949669768 0.0013268318999131922 0.0026444029460515324] 1
2021-07-18 03:55:21.422183 (1.0, 600000.0, 16, 12.0, 0.3, 0.66, 6.0, 3) [0.14986286622785128 0.0011392978798029482 0.033618163110078925] 1
