2021-07-15 23:48:31.466715 (1.0, 600000.0, 6, 16.0, 0.3, 1.0, 6.0, 3) [0.34828078910903015 0.0018528951715545627 0.064907696831756345] 1
2021-07-15 23:48:33.250292 (1.0, 600000.0, 6, 16.0, 0.3, 0.87, 6.0, 3) [0.4177454956511188 0.0018821581973411186 0.027818214785393796] 1
2021-07-15 23:59:45.240536 (1.0, 600000.0, 7, 16.0, 0.3, 0.86, 6.0, 3) [0.369349910671962 0.0021208602168155169 0.023708136346108782] 1
2021-07-16 00:00:13.013164 (1.0, 600000.0, 7, 16.0, 0.3, 0.84, 6.0, 3) [0.3822582645303378 0.0028119148778078711 0.019774306591475516] 1
2021-07-16 00:00:15.068574 (1.0, 600000.0, 7, 16.0, 0.3, 0.81, 6.0, 3) [0.40229187339444183 0.0017466750736828854 0.014874256830922323] 1
2021-07-16 00:00:19.301249 (1.0, 600000.0, 7, 16.0, 0.3, 0.82, 6.0, 3) [0.3970909132584795 0.0027712418386129697 0.016045060560662669] 1
2021-07-16 00:00:19.744770 (1.0, 600000.0, 7, 16.0, 0.3, 0.87, 6.0, 3) [0.36035332112664165 0.0028985710650284726 0.026864092788303089] 1
2021-07-16 00:00:25.480868 (1.0, 600000.0, 7, 16.0, 0.3, 0.83, 6.0, 3) [0.38984407534769416 0.0024776018008262923 0.017763857248243423] 1
2021-07-16 00:00:28.685386 (1.0, 600000.0, 7, 16.0, 0.3, 0.89, 6.0, 3) [0.3500097634132088 0.0019996178928274647 0.031124028473651141] 1
2021-07-16 00:00:37.474488 (1.0, 600000.0, 7, 16.0, 0.3, 0.92, 6.0, 3) [0.33345931739859275 0.0019103339678149234 0.039324776512375315] 1
2021-07-16 00:00:40.100450 (1.0, 600000.0, 7, 16.0, 0.3, 0.94, 6.0, 3) [0.321671164317644 0.0022842124899989154 0.046408022954990719] 1
2021-07-16 00:00:41.846342 (1.0, 600000.0, 7, 16.0, 0.3, 0.8, 6.0, 3) [0.4107354247336386 0.002819999910435017 0.01322559193694346] 1
2021-07-16 00:25:00.057803 (1.0, 600000.0, 6, 16.0, 0.3, 0.96, 6.0, 3) [0.3674618107753892 0.0036184541509601269 0.051290542528322665] 1
2021-07-16 00:25:04.527493 (1.0, 600000.0, 6, 16.0, 0.3, 0.82, 6.0, 3) [0.45381793103763163 0.0025351419537568668 0.017989404385868251] 1
2021-07-16 00:25:07.501229 (1.0, 600000.0, 6, 16.0, 0.3, 0.95, 6.0, 3) [0.36991425960292224 0.0036464641164055261 0.049630960952892787] 1
2021-07-16 00:25:08.708917 (1.0, 600000.0, 6, 16.0, 0.3, 0.94, 6.0, 3) [0.3747353577225102 0.0021319389010392249 0.046741377735182235] 1
2021-07-16 00:25:09.159090 (1.0, 600000.0, 6, 16.0, 0.3, 0.97, 6.0, 3) [0.3614769970269195 0.0032995336779082199 0.055110205979947924] 1
2021-07-16 00:25:33.545517 (1.0, 600000.0, 6, 16.0, 0.3, 0.81, 6.0, 3) [0.4630695195153677 0.0021255050839593952 0.016100684997434039] 1
2021-07-16 00:25:39.026739 (1.0, 600000.0, 6, 16.0, 0.3, 0.84, 6.0, 3) [0.4391197693334338 0.0019721046493644699 0.021485831997109916] 1
2021-07-16 00:25:40.184282 (1.0, 600000.0, 6, 16.0, 0.3, 0.98, 6.0, 3) [0.356040653428694 0.0017890841301451659 0.058770745318914429] 1
2021-07-16 00:25:42.436231 (1.0, 600000.0, 6, 16.0, 0.3, 0.93, 6.0, 3) [0.38218759118774165 0.0022407785874584162 0.042740494146501495] 1
2021-07-16 00:25:48.408965 (1.0, 600000.0, 6, 16.0, 0.3, 0.88, 6.0, 3) [0.411090833424743 0.0026451123122168971 0.030099799252011249] 1
2021-07-16 00:26:30.364916 (1.0, 600000.0, 6, 16.0, 0.3, 0.92, 6.0, 3) [0.38937725106248194 0.0039002841382067429 0.039286739210275805] 1
2021-07-16 00:26:32.400837 (1.0, 600000.0, 6, 16.0, 0.3, 0.83, 6.0, 3) [0.44647683212637446 0.002808074619584767 0.01966093299582734] 1
2021-07-16 00:26:52.879895 (1.0, 600000.0, 6, 16.0, 0.3, 0.9, 6.0, 3) [0.4001995720119985 0.0018693291861691318 0.034388706505329818] 1
2021-07-16 00:26:55.433534 (1.0, 600000.0, 6, 16.0, 0.3, 0.91, 6.0, 3) [0.3920092989073071 0.002898814514296176 0.037953693877102818] 1
2021-07-16 00:26:59.589813 (1.0, 600000.0, 6, 16.0, 0.3, 0.8, 6.0, 3) [0.47116677568331583 0.004423218860122818 0.014595463221611921] 1
2021-07-16 00:27:32.339611 (1.0, 600000.0, 6, 16.0, 0.3, 0.85, 6.0, 3) [0.4321938090726448 0.0033240185646233396 0.023367285811457389] 1
2021-07-16 01:02:15.999014 (1.0, 600000.0, 6, 16.0, 0.3, 0.99, 6.0, 3) [0.3522414793919832 0.0030381826457465556 0.061735630594354163] 1
2021-07-16 01:02:21.439734 (1.0, 600000.0, 6, 16.0, 0.3, 0.89, 6.0, 3) [0.40293847716661535 0.0030603934977937197 0.033235415622044004] 1
2021-07-16 01:02:24.773518 (1.0, 600000.0, 6, 16.0, 0.3, 0.86, 6.0, 3) [0.424593342528459 0.0018673807283693291 0.025573761591848758] 1
2021-07-16 01:59:11.197722 (1.0, 600000.0, 8, 16.0, 0.3, 0.88, 6.0, 3) [0.31339925404455643 0.0033495744224601377 0.027713203322625789] 1
2021-07-16 01:59:11.810578 (1.0, 600000.0, 8, 16.0, 0.3, 0.92, 6.0, 3) [0.2921604529287505 0.0017382289648006327 0.039049067976685024] 1
2021-07-16 01:59:32.326670 (1.0, 600000.0, 8, 16.0, 0.3, 0.95, 6.0, 3) [0.27769283345724005 0.002317566178235207 0.049313651257509354] 1
2021-07-16 01:59:32.866080 (1.0, 600000.0, 8, 16.0, 0.3, 0.98, 6.0, 3) [0.26549195961338484 0.0017194113332606262 0.060149323565987074] 1
2021-07-16 01:59:34.943778 (1.0, 600000.0, 8, 16.0, 0.3, 0.86, 6.0, 3) [0.3237864635154876 0.0023761320962604189 0.023424951141675494] 1
2021-07-16 01:59:36.707051 (1.0, 600000.0, 8, 16.0, 0.3, 0.93, 6.0, 3) [0.2880333083856766 0.0023889084891062836 0.041736709395500123] 1
2021-07-16 01:59:44.158130 (1.0, 600000.0, 8, 16.0, 0.3, 1.0, 6.0, 3) [0.26229971697990084 0.0015121695283379392 0.063902345908694883] 1
2021-07-16 01:59:57.935806 (1.0, 600000.0, 8, 16.0, 0.3, 0.97, 6.0, 3) [0.2707988786200448 0.0019304106763815656 0.055290795580062529] 1
2021-07-16 02:00:00.213390 (1.0, 600000.0, 8, 16.0, 0.3, 0.81, 6.0, 3) [0.3560713459065843 0.0020998670413937821 0.013919606992224363] 1
2021-07-16 02:00:00.600597 (1.0, 600000.0, 8, 16.0, 0.3, 0.91, 6.0, 3) [0.29621072274312216 0.0026681855862172024 0.036474349810959511] 1
2021-07-16 06:25:40.235430 (1.0, 600000.0, 9, 16.0, 0.3, 0.8, 6.0, 3) [0.32980525202498395 0.0023032130482255426 0.010934858395939304] 1
2021-07-16 06:26:00.767296 (1.0, 600000.0, 9, 16.0, 0.3, 0.81, 6.0, 3) [0.32350051725004325 0.0020246322584699249 0.012274137283636632] 1
2021-07-16 06:26:12.378244 (1.0, 600000.0, 9, 16.0, 0.3, 0.86, 6.0, 3) [0.29103309595803645 0.0012787212218102872 0.022076760415949203] 1
2021-07-16 06:26:26.097637 (1.0, 600000.0, 9, 16.0, 0.3, 0.97, 6.0, 3) [0.24033588535265937 0.0020177143088883536 0.055593224224701553] 1
2021-07-16 06:26:28.801013 (1.0, 600000.0, 9, 16.0, 0.3, 1.0, 6.0, 3) [0.23045544741368945 0.0013203836013808297 0.06689992394787353] 1
2021-07-16 06:26:30.084614 (1.0, 600000.0, 9, 16.0, 0.3, 0.89, 6.0, 3) [0.27420195708940076 0.0014993740925283116 0.029918133401699149] 1
2021-07-16 06:26:31.104170 (1.0, 600000.0, 9, 16.0, 0.3, 0.94, 6.0, 3) [0.2505255243354885 0.00156475039685414 0.045964364786579739] 1
2021-07-16 06:26:39.702410 (1.0, 600000.0, 9, 16.0, 0.3, 0.96, 6.0, 3) [0.24303700632858977 0.0012175174072955783 0.052886215661177044] 1
2021-07-16 06:26:40.850921 (1.0, 600000.0, 9, 16.0, 0.3, 0.95, 6.0, 3) [0.24501641467494795 0.001745232032763196 0.050826452421458959] 1
2021-07-16 06:26:41.134004 (1.0, 600000.0, 9, 16.0, 0.3, 0.93, 6.0, 3) [0.2549886116451305 0.0013805318276433947 0.042393523074766418] 1
2021-07-16 09:54:38.654623 (1.0, 600000.0, 7, 16.0, 0.3, 0.9, 6.0, 3) [0.34350847073211 0.0020641132515877149 0.034060242774056351] 1
2021-07-16 09:58:27.166116 (1.0, 600000.0, 7, 16.0, 0.3, 0.88, 6.0, 3) [0.3552680042059103 0.0023124903250049287 0.028858800010391251] 1
2021-07-16 09:59:18.901120 (1.0, 600000.0, 7, 16.0, 0.3, 0.99, 6.0, 3) [0.30237910445219035 0.0019953656064032499 0.061389717852126137] 1
2021-07-16 10:04:59.616052 (1.0, 600000.0, 7, 16.0, 0.3, 0.91, 6.0, 3) [0.33810935204599674 0.0019549024969992132 0.036795175381165529] 1
2021-07-16 10:05:06.739719 (1.0, 600000.0, 7, 16.0, 0.3, 1.0, 6.0, 3) [0.30032842953529737 0.0015024479056279883 0.063398971065209475] 1
2021-07-16 10:05:43.152335 (1.0, 600000.0, 7, 16.0, 0.3, 0.96, 6.0, 3) [0.31369605645021514 0.0028631568000701321 0.052056947590381299] 1
2021-07-16 10:07:22.149372 (1.0, 600000.0, 7, 16.0, 0.3, 0.95, 6.0, 3) [0.3184956545884 0.0015942634061324871 0.048572447381365118] 1
2021-07-16 10:07:27.855334 (1.0, 600000.0, 7, 16.0, 0.3, 0.85, 6.0, 3) [0.37487281899971436 0.0022195359354479755 0.02188780849043296] 1
2021-07-16 10:07:47.705018 (1.0, 600000.0, 7, 16.0, 0.3, 0.98, 6.0, 3) [0.30597339004328034 0.0016621995461346651 0.058282347437417129] 1
2021-07-16 10:08:14.505014 (1.0, 600000.0, 7, 16.0, 0.3, 0.93, 6.0, 3) [0.3301093777095323 0.0021785417040729375 0.041316757195460907] 1
2021-07-16 10:08:18.398235 (1.0, 600000.0, 7, 16.0, 0.3, 0.97, 6.0, 3) [0.3085538819673792 0.0020976405701221492 0.055990538620008884] 1
2021-07-16 10:41:30.511474 (1.0, 600000.0, 8, 16.0, 0.3, 0.8, 6.0, 3) [0.3656365826871867 0.0019678394893872962 0.011948636909428181] 1
2021-07-16 10:41:33.392326 (1.0, 600000.0, 8, 16.0, 0.3, 0.83, 6.0, 3) [0.34270393849937053 0.0030449834687742731 0.017258567230671193] 1
2021-07-16 10:42:17.336129 (1.0, 600000.0, 8, 16.0, 0.3, 0.89, 6.0, 3) [0.3057790985954951 0.002463411455896652 0.031273154341842045] 1
2021-07-16 10:42:51.662191 (1.0, 600000.0, 8, 16.0, 0.3, 0.87, 6.0, 3) [0.31664895241069657 0.0016863946383592081 0.026192605308570281] 1
2021-07-16 10:42:55.998026 (1.0, 600000.0, 8, 16.0, 0.3, 0.94, 6.0, 3) [0.2831319525391147 0.0020365558888583387 0.045119918900096929] 1
2021-07-16 10:43:33.665034 (1.0, 600000.0, 8, 16.0, 0.3, 0.85, 6.0, 3) [0.33034745186445463 0.0026544258238935942 0.021043497388445263] 1
2021-07-16 10:43:42.575157 (1.0, 600000.0, 8, 16.0, 0.3, 0.9, 6.0, 3) [0.3015712487406524 0.0012448262617866103 0.033462132985723571] 1
2021-07-16 10:43:44.361900 (1.0, 600000.0, 8, 16.0, 0.3, 0.84, 6.0, 3) [0.3365311813598785 0.0012751265976930911 0.0190387649515447] 1
2021-07-16 10:43:46.383134 (1.0, 600000.0, 8, 16.0, 0.3, 0.82, 6.0, 3) [0.3494055868500702 0.0021593632873038574 0.015487536738023186] 1
2021-07-16 10:43:52.849997 (1.0, 600000.0, 8, 16.0, 0.3, 0.96, 6.0, 3) [0.27345988183788955 0.0021193953032559295 0.05287853957031783] 1
2021-07-16 10:43:58.794847 (1.0, 600000.0, 8, 16.0, 0.3, 0.99, 6.0, 3) [0.26344919199999745 0.0017045484652102837 0.062413594542482326] 1
2021-07-16 12:20:20.199211 (1.0, 600000.0, 11, 16.0, 0.3, 0.8, 6.0, 3) [0.27765958291717785 0.002029938477695403 0.0091924169788137437] 1
2021-07-16 12:21:03.002205 (1.0, 600000.0, 11, 16.0, 0.3, 0.81, 6.0, 3) [0.2706544944271295 0.0015615601965926454 0.010721013708945673] 1
2021-07-16 14:41:12.762261 (1.0, 600000.0, 11, 16.0, 0.3, 0.92, 6.0, 3) [0.21127186979367152 0.002026841712459902 0.039785375694081603] 1
2021-07-16 14:41:37.470417 (1.0, 600000.0, 11, 16.0, 0.3, 0.89, 6.0, 3) [0.22484631846154712 0.0023162106690583942 0.029457545514906442] 1
2021-07-16 14:44:00.064815 (1.0, 600000.0, 11, 16.0, 0.3, 0.85, 6.0, 3) [0.24528053138033054 0.0022985783202735584 0.018759933409537268] 1
2021-07-16 14:44:02.322656 (1.0, 600000.0, 11, 16.0, 0.3, 0.82, 6.0, 3) [0.26406070569456375 0.0029441566785780105 0.012396135918272638] 1
2021-07-16 14:44:26.735763 (1.0, 600000.0, 11, 16.0, 0.3, 0.98, 6.0, 3) [0.1904302714723799 0.0024735607292317961 0.063637302129073953] 1
2021-07-16 14:45:00.287760 (1.0, 600000.0, 11, 16.0, 0.3, 0.93, 6.0, 3) [0.20533021500510373 0.0014820387224276387 0.045282087934959504] 1
2021-07-16 14:45:26.403031 (1.0, 600000.0, 11, 16.0, 0.3, 0.88, 6.0, 3) [0.2292770021766789 0.0025266478945401246 0.026691632273942764] 1
2021-07-16 14:45:34.912621 (1.0, 600000.0, 11, 16.0, 0.3, 0.84, 6.0, 3) [0.2512346647168305 0.0017385608109909416 0.016446978424616666] 1
2021-07-16 14:45:53.140208 (1.0, 600000.0, 11, 16.0, 0.3, 0.97, 6.0, 3) [0.19429188058307056 0.0019918025946636547 0.058319924665018438] 1
2021-07-16 14:46:11.479701 (1.0, 600000.0, 11, 16.0, 0.3, 0.94, 6.0, 3) [0.2059631078634364 0.0023369385667600436 0.044922421526578125] 1
2021-07-16 14:46:16.559483 (1.0, 600000.0, 11, 16.0, 0.3, 0.9, 6.0, 3) [0.22043690246887904 0.0019524373697414475 0.032506880256033557] 1
2021-07-16 14:46:39.072887 (1.0, 600000.0, 11, 16.0, 0.3, 0.86, 6.0, 3) [0.23970451752851335 0.0018464092594798617 0.021201497155471333] 1
2021-07-16 14:46:39.808925 (1.0, 600000.0, 11, 16.0, 0.3, 0.91, 6.0, 3) [0.21615727218793315 0.0022347408530675327 0.035728901504059593] 1
2021-07-16 14:46:41.040802 (1.0, 600000.0, 11, 16.0, 0.3, 0.99, 6.0, 3) [0.18948294454481487 0.0014672903953808223 0.065167899789531275] 1
2021-07-16 14:48:06.016090 (1.0, 600000.0, 11, 16.0, 0.3, 0.87, 6.0, 3) [0.23410870205077633 0.0013680909709115462 0.02399416625940503] 1
2021-07-16 14:48:55.180761 (1.0, 600000.0, 11, 16.0, 0.3, 1.0, 6.0, 3) [0.18971424997062103 0.0023516986799752035 0.065452715077189111] 1
2021-07-16 14:54:25.485101 (1.0, 600000.0, 12, 16.0, 0.3, 0.91, 6.0, 3) [0.19630263751449556 0.0018044341683144973 0.037246274411890344] 1
2021-07-16 14:54:34.294342 (1.0, 600000.0, 12, 16.0, 0.3, 0.98, 6.0, 3) [0.17437683468780377 0.0019393538945200468 0.063618843970039252] 1
2021-07-16 14:55:01.391801 (1.0, 600000.0, 12, 16.0, 0.3, 0.99, 6.0, 3) [0.17597462410851877 0.0028379405999357258 0.062008674809412641] 1
2021-07-16 14:55:20.620727 (1.0, 600000.0, 12, 16.0, 0.3, 0.87, 6.0, 3) [0.2145697029435321 0.0020124196813700143 0.023972591035861027] 1
2021-07-16 14:55:31.963237 (1.0, 600000.0, 12, 16.0, 0.3, 0.96, 6.0, 3) [0.18058375302218235 0.0024202754182127877 0.054776494481161182] 1
2021-07-16 14:57:17.987420 (1.0, 600000.0, 12, 16.0, 0.3, 0.97, 6.0, 3) [0.17776216175500145 0.0014928301780941676 0.058772854364179561] 1
2021-07-16 17:12:17.275115 (1.0, 600000.0, 11, 16.0, 0.3, 0.96, 6.0, 3) [0.19813527680915985 0.0024300599431978285 0.053518541970280782] 1
2021-07-16 17:12:29.496975 (1.0, 600000.0, 11, 16.0, 0.3, 0.83, 6.0, 3) [0.25777914516221867 0.0018411706117606337 0.014245481528703049] 1
2021-07-16 17:13:01.329456 (1.0, 600000.0, 11, 16.0, 0.3, 0.95, 6.0, 3) [0.20135386357644386 0.0022326594506225594 0.0497887574822359] 1
2021-07-16 19:29:19.552251 (1.0, 600000.0, 12, 16.0, 0.3, 0.84, 6.0, 3) [0.2314780582451195 0.0018930631070838194 0.015972051940673769] 1
2021-07-16 19:29:21.466339 (1.0, 600000.0, 12, 16.0, 0.3, 1.0, 6.0, 3) [0.17436046321320267 0.0011220045842727964 0.064805147238864741] 1
2021-07-16 19:29:24.272809 (1.0, 600000.0, 12, 16.0, 0.3, 0.82, 6.0, 3) [0.24463666231533862 0.0021339287674711901 0.011655333900457723] 1
2021-07-16 19:30:43.776106 (1.0, 600000.0, 12, 16.0, 0.3, 0.86, 6.0, 3) [0.22085819707292811 0.0015623039619866359 0.020627023485220591] 1
2021-07-16 19:31:55.555201 (1.0, 600000.0, 12, 16.0, 0.3, 0.85, 6.0, 3) [0.2245273259157694 0.0023843102689969612 0.018861674459777902] 1
2021-07-16 19:32:08.186108 (1.0, 600000.0, 12, 16.0, 0.3, 0.9, 6.0, 3) [0.20160786663402178 0.0013895064042454188 0.032840764875192253] 1
2021-07-16 19:32:46.975427 (1.0, 600000.0, 12, 16.0, 0.3, 0.95, 6.0, 3) [0.18332214064042193 0.0015630351697676857 0.051233712063590932] 1
2021-07-16 19:33:05.072946 (1.0, 600000.0, 12, 16.0, 0.3, 0.88, 6.0, 3) [0.20991705525358642 0.0017942291774314606 0.026817395600012048] 1
2021-07-16 21:30:31.898879 (1.0, 600000.0, 9, 16.0, 0.3, 0.88, 6.0, 3) [0.2784446868798059 0.0022875279901201878 0.027675530241428027] 1
2021-07-16 21:35:59.541392 (1.0, 600000.0, 9, 16.0, 0.3, 0.82, 6.0, 3) [0.315697413481146 0.0020789617513103866 0.014125954228666606] 1
2021-07-16 21:37:30.533302 (1.0, 600000.0, 9, 16.0, 0.3, 0.99, 6.0, 3) [0.2341352838011729 0.0016985554060184346 0.06250127851510974] 1
2021-07-16 21:37:35.479663 (1.0, 600000.0, 9, 16.0, 0.3, 0.83, 6.0, 3) [0.30856055374673985 0.0042281439026203389 0.016051186951332008] 1
2021-07-16 21:41:04.597575 (1.0, 600000.0, 9, 16.0, 0.3, 0.9, 6.0, 3) [0.26829816297546505 0.001894235992669117 0.033262747164837354] 1
2021-07-16 21:42:56.720562 (1.0, 600000.0, 9, 16.0, 0.3, 0.85, 6.0, 3) [0.29477275332370495 0.0028343499731956806 0.020535839771569558] 1
2021-07-16 21:43:02.147879 (1.0, 600000.0, 9, 16.0, 0.3, 0.84, 6.0, 3) [0.30265709756245746 0.0016076181164445809 0.017880123796881114] 1
2021-07-16 21:43:15.239093 (1.0, 600000.0, 9, 16.0, 0.3, 0.87, 6.0, 3) [0.28418177534452843 0.0023316535384268274 0.024931069129178678] 1
2021-07-16 21:43:25.550213 (1.0, 600000.0, 9, 16.0, 0.3, 0.91, 6.0, 3) [0.2642459603682363 0.0016647617711153856 0.035843736103885943] 1
2021-07-16 21:43:31.603603 (1.0, 600000.0, 9, 16.0, 0.3, 0.98, 6.0, 3) [0.2362994807357769 0.0017439367363075225 0.059852762118464901] 1
2021-07-16 21:43:37.339284 (1.0, 600000.0, 9, 16.0, 0.3, 0.92, 6.0, 3) [0.25812315495240795 0.0012887577722868156 0.040026575200273397] 1
2021-07-16 22:05:05.470791 (1.0, 600000.0, 14, 16.0, 0.3, 0.94, 6.0, 3) [0.15764418705084124 0.0013923800721118804 0.050058737369365551] 1
2021-07-16 22:05:27.559610 (1.0, 600000.0, 14, 16.0, 0.3, 0.95, 6.0, 3) [0.15329577396454755 0.0020357843992550124 0.056464917861673021] 1
2021-07-16 22:06:05.674174 (1.0, 600000.0, 13, 16.0, 0.3, 0.83, 6.0, 3) [0.22126398519142967 0.0029636144779784904 0.013102508272738851] 1
2021-07-16 22:06:18.240865 (1.0, 600000.0, 14, 16.0, 0.3, 0.98, 6.0, 3) [0.14862479404170822 0.0014188796822486957 0.065119532635747823] 1
2021-07-17 03:17:46.711527 (1.0, 600000.0, 14, 16.0, 0.3, 0.86, 6.0, 3) [0.18795229769326666 0.0026077865661572109 0.021309056720680588] 1
2021-07-17 03:17:54.341512 (1.0, 600000.0, 14, 16.0, 0.3, 0.84, 6.0, 3) [0.19967146921374546 0.0014793040391524483 0.015374631136652162] 1
2021-07-17 03:19:22.837509 (1.0, 600000.0, 14, 16.0, 0.3, 0.97, 6.0, 3) [0.15162203157090937 0.0014995744208643714 0.059897060323773794] 1
2021-07-17 03:20:15.267499 (1.0, 600000.0, 14, 16.0, 0.3, 0.91, 6.0, 3) [0.16728977861566746 0.0020621309349522902 0.038127944099065822] 1
2021-07-17 03:20:44.552536 (1.0, 600000.0, 14, 16.0, 0.3, 0.83, 6.0, 3) [0.20681298658580166 0.0025122096948255838 0.012588042574306135] 1
2021-07-17 03:21:35.110201 (1.0, 600000.0, 14, 16.0, 0.3, 0.96, 6.0, 3) [0.1525655554544568 0.0014586246661960657 0.057971799846834142] 1
2021-07-17 03:21:58.627918 (1.0, 600000.0, 14, 16.0, 0.3, 0.82, 6.0, 3) [0.21105290062774829 0.0031210314043394064 0.011167639306800313] 1
2021-07-17 03:21:59.099417 (1.0, 600000.0, 14, 16.0, 0.3, 0.87, 6.0, 3) [0.18571417355311082 0.0015148469415437759 0.022749649084350676] 1
2021-07-17 03:22:10.447364 (1.0, 600000.0, 14, 16.0, 0.3, 0.8, 6.0, 3) [0.22506229420403814 0.0031677078477614163 0.0075474021718295583] 1
2021-07-17 03:22:42.761261 (1.0, 600000.0, 14, 16.0, 0.3, 0.9, 6.0, 3) [0.1705858617036198 0.0020623864065134698 0.034740895229213184] 1
2021-07-17 03:23:52.048853 (1.0, 600000.0, 14, 16.0, 0.3, 0.85, 6.0, 3) [0.1942481302532051 0.0014170910964725774 0.017876319615988907] 1
2021-07-17 03:24:00.548611 (1.0, 600000.0, 14, 16.0, 0.3, 0.88, 6.0, 3) [0.1800668218109587 0.0018200277334087013 0.026688979500836981] 1
2021-07-17 04:00:45.312688 (1.0, 600000.0, 15, 16.0, 0.3, 0.93, 6.0, 3) [0.14812913175391268 0.0025716733500955368 0.048412841843227777] 1
2021-07-17 04:01:19.795322 (1.0, 600000.0, 13, 16.0, 0.3, 0.82, 6.0, 3) [0.22599152883032006 0.0014867404623532426 0.011565350826716385] 1
2021-07-17 04:01:22.877990 (1.0, 600000.0, 13, 16.0, 0.3, 0.91, 6.0, 3) [0.18195100633582711 0.0020270918999347786 0.036511044505123103] 1
2021-07-17 04:02:03.519658 (1.0, 600000.0, 15, 16.0, 0.3, 0.94, 6.0, 3) [0.14534345934173465 0.0017048409223846107 0.052719227794716619] 1
2021-07-17 04:06:26.839120 (1.0, 600000.0, 13, 16.0, 0.3, 0.95, 6.0, 3) [0.16784524701806441 0.0015415322992177649 0.053029406088814672] 1
2021-07-17 04:06:36.861388 (1.0, 600000.0, 13, 16.0, 0.3, 0.98, 6.0, 3) [0.162802897752937 0.0013073959150850698 0.060918269502683656] 1
2021-07-17 04:07:44.366236 (1.0, 600000.0, 13, 16.0, 0.3, 0.9, 6.0, 3) [0.18491619599409076 0.0011704894786569808 0.033749494978258104] 1
2021-07-17 04:07:56.558015 (1.0, 600000.0, 13, 16.0, 0.3, 1.0, 6.0, 3) [0.15988497444785735 0.0012179573550643674 0.066392431847427408] 1
2021-07-17 04:08:02.059023 (1.0, 600000.0, 15, 16.0, 0.3, 0.9, 6.0, 3) [0.1589712815569796 0.0020033418441855202 0.034938714532619562] 1
2021-07-17 04:10:08.060593 (1.0, 600000.0, 13, 16.0, 0.3, 0.89, 6.0, 3) [0.18924815866481187 0.0021466336078522471 0.030121966532516031] 1
2021-07-17 04:10:37.810682 (1.0, 600000.0, 13, 16.0, 0.3, 0.99, 6.0, 3) [0.16065591363735124 0.00090713430216762109 0.064710063658379918] 1
2021-07-17 04:12:28.540780 (1.0, 600000.0, 13, 16.0, 0.3, 0.8, 6.0, 3) [0.2403688014456331 0.0028523972970527249 0.0079549991898686494] 1
2021-07-17 04:12:40.495113 (1.0, 600000.0, 13, 16.0, 0.3, 0.94, 6.0, 3) [0.17089151348730774 0.0012784301189712724 0.048790704442672812] 1
2021-07-17 04:13:26.355228 (1.0, 600000.0, 13, 16.0, 0.3, 0.87, 6.0, 3) [0.19716733404508308 0.0022655495876587471 0.024486376289421647] 1
2021-07-17 04:13:39.986326 (1.0, 600000.0, 13, 16.0, 0.3, 0.88, 6.0, 3) [0.1943747265793301 0.0017684951346076479 0.026396645485625151] 1
2021-07-17 04:13:52.391674 (1.0, 600000.0, 13, 16.0, 0.3, 0.84, 6.0, 3) [0.21318358741226553 0.0022074125898573172 0.016134104641021919] 1
2021-07-17 04:14:47.139275 (1.0, 600000.0, 13, 16.0, 0.3, 0.97, 6.0, 3) [0.16473030715714213 0.0018017909552317947 0.057828309653130933] 1
2021-07-17 04:14:55.829234 (1.0, 600000.0, 13, 16.0, 0.3, 0.93, 6.0, 3) [0.17488677913367667 0.0013801586241242809 0.043936540729244904] 1
2021-07-17 04:15:16.370970 (1.0, 600000.0, 13, 16.0, 0.3, 0.96, 6.0, 3) [0.16484767758185642 0.0025063868446365658 0.057233426018029103] 1
2021-07-17 04:16:02.601896 (1.0, 600000.0, 13, 16.0, 0.3, 0.85, 6.0, 3) [0.20976359873619652 0.0010783270696730896 0.017697491945798095] 1
2021-07-17 04:16:48.559620 (1.0, 600000.0, 13, 16.0, 0.3, 0.92, 6.0, 3) [0.1771678408726895 0.0016048179134175644 0.041358231760255028] 1
2021-07-17 04:19:15.788769 (1.0, 600000.0, 13, 16.0, 0.3, 0.81, 6.0, 3) [0.23345459224696144 0.0023823727902999234 0.0095360444858385313] 1
2021-07-17 04:19:18.600711 (1.0, 600000.0, 13, 16.0, 0.3, 0.86, 6.0, 3) [0.2023399762951288 0.0015665710705686196 0.021399027636307851] 1
2021-07-17 08:24:46.986292 (1.0, 600000.0, 14, 16.0, 0.3, 0.81, 6.0, 3) [0.21704018786406792 0.0040571166275671497 0.0094463368192649402] 1
2021-07-17 08:28:27.792493 (1.0, 600000.0, 14, 16.0, 0.3, 0.99, 6.0, 3) [0.1491550099257451 0.0016041734563048608 0.064802362463102545] 1
2021-07-17 08:29:26.577876 (1.0, 600000.0, 14, 16.0, 0.3, 0.92, 6.0, 3) [0.16324925441895247 0.0016929704670767569 0.042665725511752302] 1
2021-07-17 08:33:28.253071 (1.0, 600000.0, 14, 16.0, 0.3, 1.0, 6.0, 3) [0.14816234979207552 0.0015578671294966093 0.067033104719499248] 1
2021-07-17 08:36:01.325523 (1.0, 600000.0, 14, 16.0, 0.3, 0.93, 6.0, 3) [0.16000838536409162 0.0015394262523724198 0.04669882257067455] 1
2021-07-17 08:36:11.178560 (1.0, 600000.0, 14, 16.0, 0.3, 0.89, 6.0, 3) [0.1752262883744486 0.0015041877196440665 0.030483705488350946] 1
2021-07-17 10:42:41.134792 (1.0, 600000.0, 15, 16.0, 0.3, 0.87, 6.0, 3) [0.17209180274646374 0.0017017584207413708 0.023543523833234069] 1
2021-07-17 10:43:43.709561 (1.0, 600000.0, 15, 16.0, 0.3, 0.99, 6.0, 3) [0.1375263479710331 0.0016863119593728563 0.067762944081993459] 1
2021-07-17 10:48:09.088584 (1.0, 600000.0, 15, 16.0, 0.3, 0.86, 6.0, 3) [0.17700172153936863 0.0016531034647608164 0.020344661949632657] 1
2021-07-17 10:48:45.123117 (1.0, 600000.0, 15, 16.0, 0.3, 0.97, 6.0, 3) [0.14046674440439852 0.001691534708985221 0.061555540931747213] 1
2021-07-17 10:49:08.240074 (1.0, 600000.0, 15, 16.0, 0.3, 0.85, 6.0, 3) [0.1829763692772102 0.0016472557835225351 0.017020686021549415] 1
2021-07-17 10:49:23.831716 (1.0, 600000.0, 15, 16.0, 0.3, 0.92, 6.0, 3) [0.15156099114432905 0.0014265026554504243 0.043608682880341629] 1
2021-07-17 10:49:37.907122 (1.0, 600000.0, 15, 16.0, 0.3, 0.84, 6.0, 3) [0.18679979838384694 0.0026874755055405716 0.015136233010501021] 1
2021-07-17 10:49:45.159005 (1.0, 600000.0, 15, 16.0, 0.3, 0.96, 6.0, 3) [0.1422135748918395 0.0016111132287278892 0.058262849500439098] 1
2021-07-17 10:50:35.278986 (1.0, 600000.0, 15, 16.0, 0.3, 0.95, 6.0, 3) [0.14443956726650622 0.0011260821950998708 0.054388576845033856] 1
2021-07-17 10:50:42.291570 (1.0, 600000.0, 15, 16.0, 0.3, 1.0, 6.0, 3) [0.13887996743574585 0.002262576924683353 0.065931266354287726] 1
2021-07-17 10:50:51.536937 (1.0, 600000.0, 15, 16.0, 0.3, 0.98, 6.0, 3) [0.1386623756811106 0.0018760844908516496 0.065209238570351755] 1
2021-07-17 10:52:15.424653 (1.0, 600000.0, 15, 16.0, 0.3, 0.89, 6.0, 3) [0.16402775832406585 0.0014479347500709985 0.030063595069813508] 1
2021-07-17 10:57:30.378859 (1.0, 600000.0, 15, 16.0, 0.3, 0.83, 6.0, 3) [0.19266203834438306 0.0010390129911798168 0.012705884468795866] 1
2021-07-17 10:58:14.916500 (1.0, 600000.0, 15, 16.0, 0.3, 0.8, 6.0, 3) [0.21039252170189474 0.0016360026888375216 0.0074523358599416986] 1
2021-07-17 17:57:15.708261 (1.0, 600000.0, 16, 16.0, 0.3, 0.97, 6.0, 3) [0.13034139707367076 0.0014183025132787493 0.064081160442530108] 1
2021-07-17 17:57:42.967115 (1.0, 600000.0, 16, 16.0, 0.3, 0.87, 6.0, 3) [0.16140759642649313 0.0016759235577986306 0.023457345309641119] 1
2021-07-17 18:04:56.850039 (1.0, 600000.0, 12, 16.0, 0.3, 0.89, 6.0, 3) [0.20509392331450374 0.0017902792689545534 0.0301561886494476] 1
2021-07-17 18:10:27.001698 (1.0, 600000.0, 12, 16.0, 0.3, 0.83, 6.0, 3) [0.23796922436079884 0.0014402555318903747 0.013674568823339841] 1
2021-07-17 18:11:54.048549 (1.0, 600000.0, 12, 16.0, 0.3, 0.8, 6.0, 3) [0.2565858303884117 0.0010916274161628051 0.0087247547357991017] 1
2021-07-17 18:13:21.536380 (1.0, 600000.0, 12, 16.0, 0.3, 0.93, 6.0, 3) [0.1896893783900495 0.0016673636247397116 0.043776072287566435] 1
2021-07-17 18:13:47.729582 (1.0, 600000.0, 12, 16.0, 0.3, 0.81, 6.0, 3) [0.24892534091680318 0.0028263115811423415 0.010484231655725871] 1
2021-07-17 18:14:56.126676 (1.0, 600000.0, 12, 16.0, 0.3, 0.92, 6.0, 3) [0.19293419651881993 0.0012421000446879761 0.040460645218193786] 1
2021-07-17 18:15:38.149687 (1.0, 600000.0, 12, 16.0, 0.3, 0.94, 6.0, 3) [0.18442626911915624 0.0019699646974215513 0.049625974616691132] 1
2021-07-17 23:47:32.091007 (1.0, 600000.0, 15, 16.0, 0.3, 0.88, 6.0, 3) [0.16866483997100143 0.0022587767587523718 0.026183431640244722] 1
2021-07-17 23:48:52.970193 (1.0, 600000.0, 15, 16.0, 0.3, 0.82, 6.0, 3) [0.19765067669132222 0.001643632060324618 0.010935591184104256] 1
2021-07-17 23:49:05.780428 (1.0, 600000.0, 15, 16.0, 0.3, 0.81, 6.0, 3) [0.20459273859301927 0.0015655154892170672 0.0088760556771077942] 1
2021-07-17 23:50:02.138225 (1.0, 600000.0, 15, 16.0, 0.3, 0.91, 6.0, 3) [0.15575298679740748 0.0014125040890319138 0.038509962819654332] 1
2021-07-18 07:42:37.947824 (1.0, 600000.0, 16, 16.0, 0.3, 1.0, 6.0, 3) [0.13039536831540738 0.0010978590280369691 0.065604847812856928] 1
2021-07-18 07:44:00.167965 (1.0, 600000.0, 16, 16.0, 0.3, 0.95, 6.0, 3) [0.1333265418822424 0.0013500718344979289 0.057895296419328543] 1
2021-07-18 07:45:12.351248 (1.0, 600000.0, 16, 16.0, 0.3, 0.83, 6.0, 3) [0.18159916872299528 0.001415525077703157 0.012295267075774517] 1
2021-07-18 07:46:25.898546 (1.0, 600000.0, 16, 16.0, 0.3, 0.82, 6.0, 3) [0.18652968762642974 0.0024622267422183533 0.010494760742347743] 1
2021-07-18 07:46:49.969537 (1.0, 600000.0, 16, 16.0, 0.3, 0.93, 6.0, 3) [0.13913093886816963 0.0015843958280758114 0.047995642994754867] 1
2021-07-18 07:47:03.926835 (1.0, 600000.0, 16, 16.0, 0.3, 0.88, 6.0, 3) [0.15511788292972448 0.0012970185857125096 0.028657728043852363] 1
2021-07-18 07:47:11.117937 (1.0, 600000.0, 16, 16.0, 0.3, 0.8, 6.0, 3) [0.1999187046920974 0.0027492798419270878 0.0068385969854934626] 1
2021-07-18 07:47:38.155594 (1.0, 600000.0, 16, 16.0, 0.3, 0.92, 6.0, 3) [0.1412188966862302 0.0011875587204218589 0.044770778948471431] 1
2021-07-18 07:47:41.493381 (1.0, 600000.0, 16, 16.0, 0.3, 0.9, 6.0, 3) [0.14749595124883358 0.0014240423559480127 0.036602541837387911] 1
2021-07-18 07:48:23.566184 (1.0, 600000.0, 16, 16.0, 0.3, 0.98, 6.0, 3) [0.12984376295951688 0.0012510228702494169 0.065511854562141342] 1
2021-07-18 07:48:26.781739 (1.0, 600000.0, 16, 16.0, 0.3, 0.99, 6.0, 3) [0.13009973378131165 0.0014007855332707217 0.065500442556930882] 1
2021-07-18 07:51:19.513076 (1.0, 600000.0, 16, 16.0, 0.3, 0.85, 6.0, 3) [0.1704789804326522 0.0022034859590616945 0.017553512215180683] 1
2021-07-18 07:51:30.627989 (1.0, 600000.0, 16, 16.0, 0.3, 0.96, 6.0, 3) [0.1317524398018045 0.0011660347706195656 0.060987191272042857] 1
2021-07-18 07:52:21.116293 (1.0, 600000.0, 16, 16.0, 0.3, 0.84, 6.0, 3) [0.1747353509919413 0.0015744909910527149 0.01529457540919031] 1
2021-07-18 08:16:30.654202 (1.0, 600000.0, 16, 16.0, 0.3, 0.94, 6.0, 3) [0.13632930097041357 0.0015733878929681891 0.052567399590829726] 1
2021-07-18 08:18:32.772195 (1.0, 600000.0, 16, 16.0, 0.3, 0.91, 6.0, 3) [0.14559078723258914 0.0013626526118987615 0.038988455435165978] 1
2021-07-18 20:45:21.261489 (1.0, 600000.0, 16, 16.0, 0.3, 0.86, 6.0, 3) [0.16480979472104862 0.0021095494791605676 0.021021330544809071] 1
2021-07-18 20:57:24.235242 (1.0, 600000.0, 16, 16.0, 0.3, 0.81, 6.0, 3) [0.19129359522011583 0.0020176125258182191 0.0090078799168922166] 1
2021-07-18 21:03:24.624356 (1.0, 600000.0, 16, 16.0, 0.3, 0.89, 6.0, 3) [0.1519785435518701 0.0013118019146351565 0.031732698620972638] 1
