2021-07-04 13:15:24.867075 (1.0, 600000.0, 6, 12.0, 0.3, 0.37, 2.0, 3) [0.5648360840274129 0.0019682187420155652 0.0047218688947997254] 1
2021-07-04 13:16:01.571527 (1.0, 600000.0, 6, 12.0, 0.3, 0.39, 2.0, 3) [0.5359097223739175 0.0032513648997295661 0.0066834595497011996] 1
2021-07-04 13:16:06.150868 (1.0, 600000.0, 6, 12.0, 0.3, 0.44, 2.0, 3) [0.47052745834927484 0.002444738718536843 0.014635004243789353] 1
2021-07-04 13:16:09.182775 (1.0, 600000.0, 6, 12.0, 0.3, 0.3, 2.0, 3) [0.6792353065123067 0.0046289643664889739 0.0011972050982779355] 1
2021-07-04 13:16:14.856614 (1.0, 600000.0, 6, 12.0, 0.3, 0.42, 2.0, 3) [0.49537984923335443 0.0024324058037598524 0.010877635904963875] 1
2021-07-04 13:16:15.224539 (1.0, 600000.0, 6, 12.0, 0.3, 0.41, 2.0, 3) [0.5069505624759535 0.0036294785715836136 0.0094555343910934144] 1
2021-07-04 13:16:22.870675 (1.0, 600000.0, 6, 12.0, 0.3, 0.45, 2.0, 3) [0.45591505949632377 0.0024272395409177072 0.01742109264828183] 1
2021-07-04 13:16:27.249465 (1.0, 600000.0, 6, 12.0, 0.3, 0.5, 2.0, 3) [0.39985615953936654 0.0023416881658811081 0.034034736826125407] 1
2021-07-04 13:16:33.491642 (1.0, 600000.0, 6, 12.0, 0.3, 0.33, 2.0, 3) [0.6300638632393634 0.001996961707649173 0.0021597900322667925] 1
2021-07-04 13:16:38.754288 (1.0, 600000.0, 6, 12.0, 0.3, 0.48, 2.0, 3) [0.42097294447774236 0.0019284915368247019 0.026461411577168192] 1
2021-07-04 17:53:34.704108 (1.0, 600000.0, 7, 12.0, 0.3, 0.48, 2.0, 3) [0.3586730218086422 0.0015528083799700415 0.027118075290033079] 1
2021-07-04 17:53:38.615692 (1.0, 600000.0, 7, 12.0, 0.3, 0.45, 2.0, 3) [0.3939160048198403 0.0025766854544921215 0.016605589105155052] 1
2021-07-04 17:53:45.101118 (1.0, 600000.0, 7, 12.0, 0.3, 0.39, 2.0, 3) [0.4706396304943752 0.0037497699513971009 0.0056794538906267721] 1
2021-07-04 17:53:52.154441 (1.0, 600000.0, 7, 12.0, 0.3, 0.3, 2.0, 3) [0.6133376332163566 0.002752532425139495 0.00077006362773717634] 1
2021-07-04 17:53:56.907877 (1.0, 600000.0, 7, 12.0, 0.3, 0.4, 2.0, 3) [0.4556710100496983 0.004024874710220794 0.0069957336820437753] 1
2021-07-04 17:53:59.992857 (1.0, 600000.0, 7, 12.0, 0.3, 0.31, 2.0, 3) [0.598154642981161 0.0034437927752558857 0.00095264083432524413] 1
2021-07-04 18:09:58.788002 (1.0, 600000.0, 8, 12.0, 0.3, 0.31, 2.0, 3) [0.5494679709652572 0.0037914895388195323 0.00062663831779302985] 1
2021-07-04 18:10:04.755536 (1.0, 600000.0, 8, 12.0, 0.3, 0.3, 2.0, 3) [0.5663597234590972 0.0015334128065671625 0.00047791819603301889] 1
2021-07-04 18:10:09.938731 (1.0, 600000.0, 8, 12.0, 0.3, 0.45, 2.0, 3) [0.3476480537419467 0.002848915973083759 0.015785311827441612] 1
2021-07-04 18:10:18.979376 (1.0, 600000.0, 8, 12.0, 0.3, 0.39, 2.0, 3) [0.4242074725871155 0.0021261330443271579 0.0046481293151824339] 1
2021-07-04 18:10:28.562900 (1.0, 600000.0, 8, 12.0, 0.3, 0.41, 2.0, 3) [0.39633547373831896 0.0020386475687516363 0.007253770735361713] 1
2021-07-04 18:10:29.498356 (1.0, 600000.0, 8, 12.0, 0.3, 0.49, 2.0, 3) [0.3036520569542464 0.002337487796904215 0.031805177998721748] 1
2021-07-04 18:10:42.632859 (1.0, 600000.0, 8, 12.0, 0.3, 0.5, 2.0, 3) [0.2926769486594446 0.0020000688068412885 0.03781295678291309] 1
2021-07-04 18:10:46.518784 (1.0, 600000.0, 8, 12.0, 0.3, 0.47, 2.0, 3) [0.3242740232060783 0.0019907543819853851 0.022915329351442002] 1
2021-07-04 18:10:57.165498 (1.0, 600000.0, 8, 12.0, 0.3, 0.46, 2.0, 3) [0.335952833585232 0.0033637230436961425 0.019037154197063141] 1
2021-07-04 18:11:07.145708 (1.0, 600000.0, 8, 12.0, 0.3, 0.34, 2.0, 3) [0.5007554925822576 0.0024943900485004805 0.0013657113355195797] 1
2021-07-04 18:42:34.202187 (1.0, 600000.0, 7, 12.0, 0.3, 0.32, 2.0, 3) [0.5791876856201409 0.0022327800554107625 0.0012418301208057235] 1
2021-07-04 18:42:44.754224 (1.0, 600000.0, 7, 12.0, 0.3, 0.41, 2.0, 3) [0.44608333395410604 0.0023151764304138226 0.0080154574593596546] 1
2021-07-04 18:42:48.861119 (1.0, 600000.0, 7, 12.0, 0.3, 0.38, 2.0, 3) [0.48904065931922225 0.0020297740086327215 0.0043949530022807624] 1
2021-07-04 18:42:50.828679 (1.0, 600000.0, 7, 12.0, 0.3, 0.37, 2.0, 3) [0.5013953769798011 0.0035023638929313808 0.0036957121165767429] 1
2021-07-04 18:45:02.709462 (1.0, 600000.0, 7, 12.0, 0.3, 0.44, 2.0, 3) [0.40738189762472 0.0030779875019384369 0.013767925426220176] 1
2021-07-04 18:45:04.730771 (1.0, 600000.0, 7, 12.0, 0.3, 0.34, 2.0, 3) [0.5489504292564232 0.004100577945606072 0.0018999724692256969] 1
2021-07-04 18:51:27.461349 (1.0, 600000.0, 7, 12.0, 0.3, 0.33, 2.0, 3) [0.5670574915386576 0.0024260853407301335 0.0014757181456667265] 1
2021-07-04 18:51:28.857733 (1.0, 600000.0, 7, 12.0, 0.3, 0.5, 2.0, 3) [0.3383462470831578 0.0025425069995941808 0.035965269305550572] 1
2021-07-04 19:20:58.458993 (1.0, 600000.0, 6, 12.0, 0.3, 0.38, 2.0, 3) [0.5527001341068846 0.002547439893658241 0.005467313207253687] 1
2021-07-04 19:21:01.502784 (1.0, 600000.0, 6, 12.0, 0.3, 0.31, 2.0, 3) [0.6625017290165665 0.0037034962596609647 0.0014632452875390203] 1
2021-07-04 19:21:12.486768 (1.0, 600000.0, 6, 12.0, 0.3, 0.34, 2.0, 3) [0.6138079275419369 0.0036914837140087143 0.0026266280163567469] 1
2021-07-04 19:21:13.881921 (1.0, 600000.0, 6, 12.0, 0.3, 0.32, 2.0, 3) [0.6442824732824628 0.0054331967058415306 0.0018182086276707157] 1
2021-07-04 19:21:21.084899 (1.0, 600000.0, 6, 12.0, 0.3, 0.36, 2.0, 3) [0.5785121336770667 0.0024523599276240256 0.0040032584660230691] 1
2021-07-04 19:21:25.384711 (1.0, 600000.0, 6, 12.0, 0.3, 0.4, 2.0, 3) [0.5230202620099784 0.0011630279380909188 0.007801675292606015] 1
2021-07-04 19:21:25.936184 (1.0, 600000.0, 6, 12.0, 0.3, 0.35, 2.0, 3) [0.5970695651010327 0.0024395886917767057 0.0032086668082180682] 1
2021-07-04 19:21:35.434161 (1.0, 600000.0, 6, 12.0, 0.3, 0.43, 2.0, 3) [0.4815132058456653 0.0021579111400249658 0.012820833494019005] 1
2021-07-04 19:21:56.655777 (1.0, 600000.0, 6, 12.0, 0.3, 0.47, 2.0, 3) [0.43476540327775504 0.0024948588074803811 0.022452835813735486] 1
2021-07-04 19:21:56.797821 (1.0, 600000.0, 6, 12.0, 0.3, 0.46, 2.0, 3) [0.44561074128827993 0.0014514698508407001 0.019720975203230545] 1
2021-07-04 19:22:00.383714 (1.0, 600000.0, 6, 12.0, 0.3, 0.49, 2.0, 3) [0.40849152595371985 0.0029050519236362305 0.030657998232036215] 1
2021-07-04 19:27:32.821755 (1.0, 600000.0, 9, 12.0, 0.3, 0.46, 2.0, 3) [0.2981025598697318 0.0026750083576465526 0.019152557800652587] 1
2021-07-04 19:27:40.849723 (1.0, 600000.0, 9, 12.0, 0.3, 0.3, 2.0, 3) [0.5254011190874909 0.001808550777589172 0.00032095138643986544] 1
2021-07-04 19:28:30.104506 (1.0, 600000.0, 9, 12.0, 0.3, 0.39, 2.0, 3) [0.38721258261137953 0.0025062437207967335 0.0038692814467318508] 1
2021-07-04 20:38:35.723255 (1.0, 600000.0, 9, 12.0, 0.3, 0.35, 2.0, 3) [0.4443038206668886 0.0034950412166352158 0.0013814713781013929] 1
2021-07-04 20:38:44.296904 (1.0, 600000.0, 9, 12.0, 0.3, 0.32, 2.0, 3) [0.4939305505427033 0.0026441291416625591 0.00056595077744716] 1
2021-07-04 20:38:45.593019 (1.0, 600000.0, 9, 12.0, 0.3, 0.44, 2.0, 3) [0.3219896019592123 0.0029950341529497112 0.012490958988105911] 1
2021-07-04 20:38:49.414257 (1.0, 600000.0, 9, 12.0, 0.3, 0.38, 2.0, 3) [0.3978745019104089 0.0039032479001856859 0.0031886039390026494] 1
2021-07-04 20:38:57.750417 (1.0, 600000.0, 9, 12.0, 0.3, 0.31, 2.0, 3) [0.5115773892241218 0.0025520105140958544 0.00041200610877971313] 1
2021-07-04 20:39:05.856729 (1.0, 600000.0, 9, 12.0, 0.3, 0.4, 2.0, 3) [0.3707366340893537 0.003822995668754223 0.0051940830840528683] 1
2021-07-04 20:41:31.170364 (1.0, 600000.0, 9, 12.0, 0.3, 0.43, 2.0, 3) [0.3318355906571335 0.0026696355845129993 0.010457192180095469] 1
2021-07-04 20:41:56.291403 (1.0, 600000.0, 9, 12.0, 0.3, 0.45, 2.0, 3) [0.3081622953580211 0.0025031015711286055 0.015985676290040402] 1
2021-07-04 20:42:31.632769 (1.0, 600000.0, 9, 12.0, 0.3, 0.36, 2.0, 3) [0.42962504507728877 0.0018781964193787736 0.001800010549676632] 1
2021-07-04 20:43:18.899133 (1.0, 600000.0, 9, 12.0, 0.3, 0.5, 2.0, 3) [0.25643945785132866 0.0029187728780147369 0.04029493744084707] 1
2021-07-04 20:48:56.882073 (1.0, 600000.0, 9, 12.0, 0.3, 0.41, 2.0, 3) [0.3574670622071825 0.0023387511677124911 0.0065984733762815282] 1
2021-07-04 20:49:21.655899 (1.0, 600000.0, 9, 12.0, 0.3, 0.34, 2.0, 3) [0.4594205052992906 0.0026042111009067655 0.0010523697297803454] 1
2021-07-04 20:52:18.640087 (1.0, 600000.0, 9, 12.0, 0.3, 0.33, 2.0, 3) [0.4762742599303348 0.0016667368936461194 0.00077680397942978539] 1
2021-07-04 20:52:18.811170 (1.0, 600000.0, 9, 12.0, 0.3, 0.37, 2.0, 3) [0.4134761967072582 0.0027166559868953572 0.0024080151058117325] 1
2021-07-04 20:52:47.933068 (1.0, 600000.0, 10, 12.0, 0.3, 0.49, 2.0, 3) [0.23667264255522963 0.001793427799332792 0.035806609418944431] 1
2021-07-04 20:53:13.120237 (1.0, 600000.0, 10, 12.0, 0.3, 0.35, 2.0, 3) [0.410463222452503 0.0034041733875372362 0.0011154644725052331] 1
2021-07-04 20:53:27.061085 (1.0, 600000.0, 10, 12.0, 0.3, 0.46, 2.0, 3) [0.26577652774585514 0.0015218339667472933 0.020066452131756635] 1
2021-07-04 20:53:29.750698 (1.0, 600000.0, 10, 12.0, 0.3, 0.38, 2.0, 3) [0.3677417308766632 0.0025241740040397938 0.0026226895591331244] 1
2021-07-04 20:53:33.902263 (1.0, 600000.0, 10, 12.0, 0.3, 0.44, 2.0, 3) [0.2880895577541866 0.0011554873557027472 0.012874606775395977] 1
2021-07-04 20:53:37.482199 (1.0, 600000.0, 10, 12.0, 0.3, 0.32, 2.0, 3) [0.4610089373112768 0.0030986669846668215 0.00040595160500999874] 1
2021-07-04 20:54:03.285571 (1.0, 600000.0, 10, 12.0, 0.3, 0.5, 2.0, 3) [0.22604511639178743 0.0022648295243742466 0.04409662682729526] 1
2021-07-04 20:54:04.517632 (1.0, 600000.0, 10, 12.0, 0.3, 0.47, 2.0, 3) [0.25679234513539734 0.0015103155128899019 0.024032421802531793] 1
2021-07-04 22:23:39.088078 (1.0, 600000.0, 10, 12.0, 0.3, 0.43, 2.0, 3) [0.30128924759664594 0.0021515023511595151 0.0098989211304914074] 1
2021-07-04 22:23:48.715329 (1.0, 600000.0, 10, 12.0, 0.3, 0.31, 2.0, 3) [0.47816234932276136 0.0037506606102594223 0.00028799932469079139] 1
2021-07-04 22:33:26.621413 (1.0, 600000.0, 10, 12.0, 0.3, 0.34, 2.0, 3) [0.42842329875168667 0.0018896733478340523 0.00078010966739901959] 1
2021-07-04 22:33:34.801222 (1.0, 600000.0, 10, 12.0, 0.3, 0.41, 2.0, 3) [0.3262361115327125 0.0027399750530592284 0.006010733983470011] 1
2021-07-04 23:26:11.715941 (1.0, 600000.0, 9, 12.0, 0.3, 0.42, 2.0, 3) [0.3464048008981677 0.0025285824339769357 0.0080552887793821464] 1
2021-07-04 23:43:55.470763 (1.0, 600000.0, 9, 12.0, 0.3, 0.48, 2.0, 3) [0.2764698027919 0.0023402296761168553 0.028211016216955168] 1
2021-07-04 23:45:18.077439 (1.0, 600000.0, 9, 12.0, 0.3, 0.47, 2.0, 3) [0.28808685064186274 0.0023838410431443937 0.022917332967941163] 1
2021-07-04 23:45:31.598263 (1.0, 600000.0, 9, 12.0, 0.3, 0.49, 2.0, 3) [0.2667319386480981 0.0031646906315814286 0.033553982152222613] 1
2021-07-04 23:45:57.336885 (1.0, 600000.0, 7, 12.0, 0.3, 0.47, 2.0, 3) [0.3703801913430183 0.0022414428875528005 0.023034381247825027] 1
2021-07-04 23:50:08.143950 (1.0, 600000.0, 7, 12.0, 0.3, 0.43, 2.0, 3) [0.41772949846346996 0.0020498454467325036 0.011912340643288706] 1
2021-07-04 23:51:14.613605 (1.0, 600000.0, 7, 12.0, 0.3, 0.42, 2.0, 3) [0.4304088283482185 0.0027970573828227903 0.0099658800130061221] 1
2021-07-04 23:52:38.582515 (1.0, 600000.0, 7, 12.0, 0.3, 0.46, 2.0, 3) [0.3833654607993834 0.002783127753930934 0.019245430200116639] 1
2021-07-04 23:53:19.681078 (1.0, 600000.0, 7, 12.0, 0.3, 0.49, 2.0, 3) [0.3499064912192672 0.0040448703040447042 0.030662273943595154] 1
2021-07-04 23:53:45.932483 (1.0, 600000.0, 7, 12.0, 0.3, 0.35, 2.0, 3) [0.5314164215017487 0.0045968462608171352 0.0024258480812374412] 1
2021-07-04 23:53:56.604228 (1.0, 600000.0, 7, 12.0, 0.3, 0.36, 2.0, 3) [0.5167825314461874 0.0030686647273320683 0.0029771430147871149] 1
2021-07-05 01:56:23.358829 (1.0, 600000.0, 11, 12.0, 0.3, 0.32, 2.0, 3) [0.43501113644119865 0.002174456295343229 0.00028581914422368262] 1
2021-07-05 01:56:24.380570 (1.0, 600000.0, 11, 12.0, 0.3, 0.35, 2.0, 3) [0.38485821190960867 0.0036416666818802619 0.00086010170560808612] 1
2021-07-05 01:56:24.579792 (1.0, 600000.0, 11, 12.0, 0.3, 0.37, 2.0, 3) [0.35472275168329065 0.0027896145026209801 0.0016705905034903286] 1
2021-07-05 01:57:01.711650 (1.0, 600000.0, 11, 12.0, 0.3, 0.36, 2.0, 3) [0.37067666500970237 0.0019291505909093335 0.0011772072278585202] 1
2021-07-05 01:57:10.671975 (1.0, 600000.0, 11, 12.0, 0.3, 0.49, 2.0, 3) [0.212981505312557 0.0016056124733778477 0.0374559047428124] 1
2021-07-05 01:57:20.653290 (1.0, 600000.0, 11, 12.0, 0.3, 0.31, 2.0, 3) [0.45102286559318994 0.0025616192063544585 0.00020080142050643619] 1
2021-07-05 01:57:30.316168 (1.0, 600000.0, 11, 12.0, 0.3, 0.48, 2.0, 3) [0.2222223796152616 0.002185925748937292 0.030647495075578693] 1
2021-07-05 01:57:43.269395 (1.0, 600000.0, 11, 12.0, 0.3, 0.5, 2.0, 3) [0.20278640228103678 0.001834706216719591 0.046701727312330223] 1
2021-07-05 01:58:22.583765 (1.0, 600000.0, 11, 12.0, 0.3, 0.38, 2.0, 3) [0.3413338036390807 0.0018186900293291545 0.0022444689853297617] 1
2021-07-05 02:44:35.888943 (1.0, 600000.0, 12, 12.0, 0.3, 0.38, 2.0, 3) [0.3169702430279931 0.0039706872308083912 0.0020288186575032922] 1
2021-07-05 02:44:36.907069 (1.0, 600000.0, 12, 12.0, 0.3, 0.36, 2.0, 3) [0.347852346956488 0.0024336100412273554 0.00096868005558827604] 1
2021-07-05 02:44:37.282925 (1.0, 600000.0, 12, 12.0, 0.3, 0.33, 2.0, 3) [0.3949813462182821 0.0039021628945441174 0.00031233882186487466] 1
2021-07-05 02:44:56.994189 (1.0, 600000.0, 12, 12.0, 0.3, 0.31, 2.0, 3) [0.431234373712936 0.0020684159130834293 0.00013089888552256864] 1
2021-07-05 02:45:06.530868 (1.0, 600000.0, 12, 12.0, 0.3, 0.5, 2.0, 3) [0.18113982823949262 0.0020694707692582495 0.052128647427354555] 1
2021-07-05 02:45:14.590924 (1.0, 600000.0, 12, 12.0, 0.3, 0.41, 2.0, 3) [0.27661123052530323 0.0027142104240011635 0.0053428336258404445] 1
2021-07-05 02:45:18.302304 (1.0, 600000.0, 12, 12.0, 0.3, 0.39, 2.0, 3) [0.3047465132054381 0.0023774395278502525 0.0027250722428666615] 1
2021-07-05 02:45:27.527076 (1.0, 600000.0, 12, 12.0, 0.3, 0.47, 2.0, 3) [0.2089904053095129 0.0020084727255772926 0.026959954949630445] 1
2021-07-05 02:45:37.075177 (1.0, 600000.0, 12, 12.0, 0.3, 0.37, 2.0, 3) [0.3313124523885837 0.002451582554305734 0.0014379601436877978] 1
2021-07-05 02:47:03.567946 (1.0, 600000.0, 12, 12.0, 0.3, 0.46, 2.0, 3) [0.21998486095049402 0.0029149605308465285 0.020740606313974154] 1
2021-07-05 02:54:25.989019 (1.0, 600000.0, 8, 12.0, 0.3, 0.32, 2.0, 3) [0.532678471305202 0.0027115998941657578 0.00081956639358021831] 1
2021-07-05 02:55:28.878221 (1.0, 600000.0, 8, 12.0, 0.3, 0.35, 2.0, 3) [0.48256832363079355 0.0023971295021904754 0.0018272094864596278] 1
2021-07-05 02:56:42.389788 (1.0, 600000.0, 8, 12.0, 0.3, 0.33, 2.0, 3) [0.516393354479348 0.0030556383199044253 0.0010629670199660871] 1
2021-07-05 02:56:47.621504 (1.0, 600000.0, 8, 12.0, 0.3, 0.4, 2.0, 3) [0.40901825839192607 0.0025060505484075049 0.005925116335582869] 1
2021-07-05 02:57:50.727724 (1.0, 600000.0, 8, 12.0, 0.3, 0.42, 2.0, 3) [0.38256945373473394 0.0017368363873432903 0.0090312098588760398] 1
2021-07-05 02:58:02.625144 (1.0, 600000.0, 8, 12.0, 0.3, 0.36, 2.0, 3) [0.46847023687718936 0.002538161942486703 0.0022884293105515682] 1
2021-07-05 02:58:13.629830 (1.0, 600000.0, 8, 12.0, 0.3, 0.37, 2.0, 3) [0.4528831541428322 0.0041822346219179971 0.0029371399517054749] 1
2021-07-05 02:58:33.425007 (1.0, 600000.0, 8, 12.0, 0.3, 0.44, 2.0, 3) [0.3598685536659291 0.0033996332438707972 0.012996249718778392] 1
2021-07-05 02:58:41.646382 (1.0, 600000.0, 8, 12.0, 0.3, 0.43, 2.0, 3) [0.3673925175746633 0.0035951921739124505 0.011500774059084742] 1
2021-07-05 02:58:53.815145 (1.0, 600000.0, 8, 12.0, 0.3, 0.38, 2.0, 3) [0.44074974720280213 0.0033001212540082377 0.00356869776783674] 1
2021-07-05 02:58:54.074942 (1.0, 600000.0, 8, 12.0, 0.3, 0.48, 2.0, 3) [0.3117428640258044 0.0019296016670814393 0.027938509762597877] 1
2021-07-05 04:12:36.460169 (1.0, 600000.0, 11, 12.0, 0.3, 0.39, 2.0, 3) [0.3259190881065304 0.0023212111495399192 0.0031470194815221655] 1
2021-07-05 04:12:52.694746 (1.0, 600000.0, 11, 12.0, 0.3, 0.42, 2.0, 3) [0.28876071879519255 0.0014718555256592128 0.0071307833799066078] 1
2021-07-05 05:03:07.336726 (1.0, 600000.0, 13, 12.0, 0.3, 0.3, 2.0, 3) [0.4288108102274301 0.002094465360925943 5.8794026887655588e-05] 1
2021-07-05 05:03:14.583676 (1.0, 600000.0, 13, 12.0, 0.3, 0.38, 2.0, 3) [0.2975819042286302 0.0021581480846779313 0.0017807420424447277] 1
2021-07-05 05:03:55.869400 (1.0, 600000.0, 13, 12.0, 0.3, 0.35, 2.0, 3) [0.3442375570585741 0.0017006073704660355 0.00052991803724425953] 1
2021-07-05 05:04:44.779671 (1.0, 600000.0, 13, 12.0, 0.3, 0.44, 2.0, 3) [0.2227262463128874 0.0022708021790268785 0.012453014040617454] 1
2021-07-05 05:04:51.174483 (1.0, 600000.0, 13, 12.0, 0.3, 0.37, 2.0, 3) [0.3140180275291761 0.0026811762381994345 0.0011629140978701557] 1
2021-07-05 05:04:51.656824 (1.0, 600000.0, 13, 12.0, 0.3, 0.41, 2.0, 3) [0.2575603478423214 0.0024877871803486657 0.0050439225192678528] 1
2021-07-05 05:05:23.731351 (1.0, 600000.0, 13, 12.0, 0.3, 0.42, 2.0, 3) [0.24554290140816504 0.0014865179204459024 0.006889246010572574] 1
2021-07-05 05:05:23.948736 (1.0, 600000.0, 13, 12.0, 0.3, 0.36, 2.0, 3) [0.3292034720715199 0.0021903131133423973 0.0007833480538406868] 1
2021-07-05 05:06:30.199999 (1.0, 600000.0, 13, 12.0, 0.3, 0.47, 2.0, 3) [0.1912855423014851 0.001331189166800723 0.028061109201887969] 1
2021-07-05 05:08:14.189587 (1.0, 600000.0, 13, 12.0, 0.3, 0.39, 2.0, 3) [0.2850762623859727 0.0017615568909248515 0.0024665295922316637] 1
2021-07-05 07:44:45.539590 (1.0, 600000.0, 14, 12.0, 0.3, 0.4, 2.0, 3) [0.25549839393512236 0.0024962706814696386 0.0031905410748747807] 1
2021-07-05 07:45:03.964112 (1.0, 600000.0, 14, 12.0, 0.3, 0.34, 2.0, 3) [0.3431900587669365 0.0029918343807419528 0.00027391229153491976] 1
2021-07-05 07:45:13.609128 (1.0, 600000.0, 14, 12.0, 0.3, 0.43, 2.0, 3) [0.21977306306345132 0.0020759249356210605 0.0086695856300705327] 1
2021-07-05 07:45:14.100241 (1.0, 600000.0, 14, 12.0, 0.3, 0.39, 2.0, 3) [0.2690170111584971 0.0018930021187004973 0.0021841764279790774] 1
2021-07-05 07:45:27.963735 (1.0, 600000.0, 14, 12.0, 0.3, 0.32, 2.0, 3) [0.3759348215568922 0.0038847666034018966 0.00010946145876236428] 1
2021-07-05 07:45:29.829041 (1.0, 600000.0, 14, 12.0, 0.3, 0.36, 2.0, 3) [0.3108217672427796 0.0031732621664502 0.00067661200247033063] 1
2021-07-05 07:45:41.427066 (1.0, 600000.0, 14, 12.0, 0.3, 0.49, 2.0, 3) [0.15875914498882612 0.001572435263369803 0.047281719098571422] 1
2021-07-05 07:46:14.457253 (1.0, 600000.0, 14, 12.0, 0.3, 0.44, 2.0, 3) [0.20574970316893007 0.001570462392837626 0.012807214941291766] 1
2021-07-05 07:46:17.836634 (1.0, 600000.0, 14, 12.0, 0.3, 0.33, 2.0, 3) [0.3607086341651153 0.0026604027116875553 0.0001676640971228268] 1
2021-07-05 07:47:06.152002 (1.0, 600000.0, 14, 12.0, 0.3, 0.5, 2.0, 3) [0.1501172976810914 0.0017002697383655711 0.059899058339232605] 1
2021-07-05 09:16:30.369382 (1.0, 600000.0, 10, 12.0, 0.3, 0.3, 2.0, 3) [0.4976329303290789 0.0027046895199055341 0.00019555715582754413] 1
2021-07-05 09:18:15.295083 (1.0, 600000.0, 10, 12.0, 0.3, 0.37, 2.0, 3) [0.3812498633635665 0.0014839504187796222 0.0019995054956733443] 1
2021-07-05 09:18:27.097293 (1.0, 600000.0, 10, 12.0, 0.3, 0.42, 2.0, 3) [0.31265264369758633 0.0018645228471335245 0.0078851804643233492] 1
2021-07-05 09:20:51.060393 (1.0, 600000.0, 10, 12.0, 0.3, 0.36, 2.0, 3) [0.3968145513561399 0.0020131260591528749 0.0014668867941224212] 1
2021-07-05 09:21:03.168295 (1.0, 600000.0, 10, 12.0, 0.3, 0.45, 2.0, 3) [0.27651350439537037 0.0023386528150696291 0.0162208064456816] 1
2021-07-05 09:21:36.131498 (1.0, 600000.0, 10, 12.0, 0.3, 0.33, 2.0, 3) [0.4447709495824307 0.0026725227219147759 0.00056231935114913324] 1
2021-07-05 09:21:57.312608 (1.0, 600000.0, 10, 12.0, 0.3, 0.39, 2.0, 3) [0.35303378386376394 0.0027736057009219743 0.0035175252492459629] 1
2021-07-05 09:21:59.510084 (1.0, 600000.0, 10, 12.0, 0.3, 0.48, 2.0, 3) [0.2456095892017905 0.0024175922105271201 0.029986305036606997] 1
2021-07-05 09:22:16.384854 (1.0, 600000.0, 10, 12.0, 0.3, 0.4, 2.0, 3) [0.33828082732887255 0.0019550135821857846 0.0047291510879373163] 1
2021-07-05 15:57:26.753194 (1.0, 600000.0, 15, 12.0, 0.3, 0.37, 2.0, 3) [0.28103019400420254 0.0031054635836889389 0.00088724090634535572] 1
2021-07-05 15:57:55.622884 (1.0, 600000.0, 15, 12.0, 0.3, 0.39, 2.0, 3) [0.25410678843506085 0.0023765002912468991 0.0019934518753172638] 1
2021-07-05 15:58:08.882884 (1.0, 600000.0, 15, 12.0, 0.3, 0.44, 2.0, 3) [0.1932381852382969 0.0015162049437621673 0.012356737591131341] 1
2021-07-05 15:58:24.747972 (1.0, 600000.0, 15, 12.0, 0.3, 0.38, 2.0, 3) [0.26774161580632705 0.0036117893534256718 0.0013241903358552384] 1
2021-07-05 15:58:54.196054 (1.0, 600000.0, 15, 12.0, 0.3, 0.34, 2.0, 3) [0.32741782642641054 0.0021488981515801215 0.00022082094231403167] 1
2021-07-05 15:59:05.478366 (1.0, 600000.0, 15, 12.0, 0.3, 0.31, 2.0, 3) [0.38023654853193234 0.0019339206991179983 4.5325562186318186e-05] 1
2021-07-05 15:59:12.970791 (1.0, 600000.0, 15, 12.0, 0.3, 0.42, 2.0, 3) [0.2149038447911075 0.004296106704102568 0.0064539449613113115] 1
2021-07-05 15:59:13.032807 (1.0, 600000.0, 15, 12.0, 0.3, 0.5, 2.0, 3) [0.13647977787245383 0.0015543542185999025 0.066496142719517065] 1
2021-07-05 15:59:28.445249 (1.0, 600000.0, 15, 12.0, 0.3, 0.41, 2.0, 3) [0.22969077205118107 0.0020557953825961436 0.004145966786280245] 1
2021-07-05 15:59:32.143132 (1.0, 600000.0, 15, 12.0, 0.3, 0.3, 2.0, 3) [0.39818027028621494 0.0023207091033928262 2.6454445319934189e-05] 1
2021-07-05 23:25:13.967648 (1.0, 600000.0, 11, 12.0, 0.3, 0.3, 2.0, 3) [0.4695444553460672 0.0030900081623790442 0.00013367359550250628] 1
2021-07-05 23:31:54.605706 (1.0, 600000.0, 11, 12.0, 0.3, 0.33, 2.0, 3) [0.4175901932251493 0.0018183619584034316 0.00041913174075619309] 1
2021-07-05 23:31:56.853866 (1.0, 600000.0, 11, 12.0, 0.3, 0.34, 2.0, 3) [0.40185675552205746 0.0019742996806804292 0.00059230050272316001] 1
2021-07-05 23:32:32.541525 (1.0, 600000.0, 11, 12.0, 0.3, 0.45, 2.0, 3) [0.25177278672303227 0.0020523975974560456 0.016054076777637361] 1
2021-07-05 23:33:06.827266 (1.0, 600000.0, 11, 12.0, 0.3, 0.41, 2.0, 3) [0.2998718568605707 0.0021837240942690346 0.0055820933043299568] 1
2021-07-05 23:34:13.073694 (1.0, 600000.0, 11, 12.0, 0.3, 0.4, 2.0, 3) [0.31252523514028263 0.0023460389352243675 0.0042282406940924574] 1
2021-07-05 23:35:07.301696 (1.0, 600000.0, 11, 12.0, 0.3, 0.43, 2.0, 3) [0.2773993842439277 0.0018940608078614511 0.0091623136768930746] 1
2021-07-05 23:36:31.243724 (1.0, 600000.0, 11, 12.0, 0.3, 0.46, 2.0, 3) [0.24040162589998357 0.0030906411940594715 0.020585647609256495] 1
2021-07-05 23:36:55.826237 (1.0, 600000.0, 11, 12.0, 0.3, 0.44, 2.0, 3) [0.2636294857650445 0.0015445313973864001 0.01238469746553199] 1
2021-07-05 23:37:02.656366 (1.0, 600000.0, 11, 12.0, 0.3, 0.47, 2.0, 3) [0.23136931835144098 0.0023449346453711744 0.025094968921795271] 1
2021-07-06 08:02:46.576830 (1.0, 600000.0, 16, 12.0, 0.3, 0.31, 2.0, 3) [0.36879481865000074 0.0020720838578282804 3.0556737873693966e-05] 1
2021-07-06 08:03:04.494075 (1.0, 600000.0, 16, 12.0, 0.3, 0.38, 2.0, 3) [0.2554257527353792 0.0019192218247594511 0.0011484797432826344] 1
2021-07-06 08:04:06.231576 (1.0, 600000.0, 16, 12.0, 0.3, 0.42, 2.0, 3) [0.20251406145653347 0.0022533988975456144 0.0062407842660891681] 1
2021-07-06 08:04:06.882403 (1.0, 600000.0, 16, 12.0, 0.3, 0.32, 2.0, 3) [0.3492180553915539 0.0033151315124469068 5.7087599845122735e-05] 1
2021-07-06 08:06:26.046434 (1.0, 600000.0, 16, 12.0, 0.3, 0.46, 2.0, 3) [0.1590018445717089 0.0012661829336637453 0.024945160208733826] 1
2021-07-06 08:06:31.355366 (1.0, 600000.0, 16, 12.0, 0.3, 0.44, 2.0, 3) [0.1814213245658669 0.0023493698828652258 0.012249753960191404] 1
2021-07-06 08:07:37.788122 (1.0, 600000.0, 16, 12.0, 0.3, 0.4, 2.0, 3) [0.22878238073815574 0.0013338362838953496 0.0026934068062962634] 1
2021-07-06 08:09:46.706936 (1.0, 600000.0, 16, 12.0, 0.3, 0.41, 2.0, 3) [0.2167186999055933 0.0024138053066228744 0.0039644606805411984] 1
2021-07-06 08:11:32.937610 (1.0, 600000.0, 16, 12.0, 0.3, 0.39, 2.0, 3) [0.23994520380815154 0.0029515825407239087 0.0018837415953188456] 1
2021-07-06 08:52:39.634959 (1.0, 600000.0, 12, 12.0, 0.3, 0.3, 2.0, 3) [0.44813749185152835 0.0018828399308946603 8.7273348474246952e-05] 1
2021-07-06 08:57:46.501617 (1.0, 600000.0, 12, 12.0, 0.3, 0.34, 2.0, 3) [0.37915414853240686 0.0031486776853221076 0.00045678358631909592] 1
2021-07-06 09:01:05.269987 (1.0, 600000.0, 12, 12.0, 0.3, 0.32, 2.0, 3) [0.4121215549634939 0.0018042913519803309 0.00020705546010936271] 1
2021-07-06 09:03:10.203310 (1.0, 600000.0, 12, 12.0, 0.3, 0.4, 2.0, 3) [0.290094900355704 0.0019096160619036283 0.0038698488891312556] 1
2021-07-06 09:04:56.086767 (1.0, 600000.0, 12, 12.0, 0.3, 0.49, 2.0, 3) [0.19138602710197414 0.001628670046822761 0.04095657801059794] 1
2021-07-06 09:04:58.607229 (1.0, 600000.0, 12, 12.0, 0.3, 0.35, 2.0, 3) [0.36351687283878004 0.0014402388274962581 0.00066490384933422372] 1
2021-07-06 09:05:53.914910 (1.0, 600000.0, 12, 12.0, 0.3, 0.48, 2.0, 3) [0.1997576684605899 0.0017065531772442486 0.033537028783864282] 1
2021-07-06 09:06:44.515206 (1.0, 600000.0, 12, 12.0, 0.3, 0.45, 2.0, 3) [0.23125613443635243 0.0023064686482116522 0.015854003666505981] 1
2021-07-06 09:07:39.204351 (1.0, 600000.0, 12, 12.0, 0.3, 0.43, 2.0, 3) [0.2540125021493743 0.0023760651035308724 0.009194880828632861] 1
2021-07-06 09:07:44.166000 (1.0, 600000.0, 12, 12.0, 0.3, 0.42, 2.0, 3) [0.26553252626325424 0.0020595875391376407 0.0069812914898967782] 1
2021-07-06 09:09:37.048812 (1.0, 600000.0, 12, 12.0, 0.3, 0.44, 2.0, 3) [0.2414446256150078 0.0028999225252354585 0.012416941951002182] 1
2021-07-06 16:56:49.490426 (1.0, 600000.0, 16, 12.0, 0.3, 0.34, 2.0, 3) [0.31724333877298866 0.0026338257293273804 0.00015899860963399033] 1
2021-07-06 16:57:02.531494 (1.0, 600000.0, 16, 12.0, 0.3, 0.35, 2.0, 3) [0.29913004295609624 0.0022791433880164965 0.00028328061391012804] 1
2021-07-06 19:52:04.381357 (1.0, 600000.0, 13, 12.0, 0.3, 0.43, 2.0, 3) [0.23486745035492568 0.0017869639781374288 0.0090939886205237269] 1
2021-07-06 19:52:05.193364 (1.0, 600000.0, 13, 12.0, 0.3, 0.34, 2.0, 3) [0.35861468942930935 0.0017652652196759888 0.00036445187008941383] 1
2021-07-06 19:52:55.997146 (1.0, 600000.0, 13, 12.0, 0.3, 0.33, 2.0, 3) [0.37708756994959347 0.0029138668193067346 0.00022546731372886583] 1
2021-07-06 19:53:47.249839 (1.0, 600000.0, 13, 12.0, 0.3, 0.31, 2.0, 3) [0.4106418545965912 0.0037006561815365506 9.4257981323029105e-05] 1
2021-07-06 19:56:59.200788 (1.0, 600000.0, 13, 12.0, 0.3, 0.45, 2.0, 3) [0.21392795379666743 0.0017332080091737164 0.015671419724493669] 1
2021-07-06 19:59:41.860491 (1.0, 600000.0, 13, 12.0, 0.3, 0.4, 2.0, 3) [0.27049806245966274 0.002756280691335186 0.0036025473458001704] 1
2021-07-06 20:02:00.714176 (1.0, 600000.0, 13, 12.0, 0.3, 0.5, 2.0, 3) [0.16546257436668055 0.0016152953319139263 0.054526945000640967] 1
2021-07-06 20:02:28.552235 (1.0, 600000.0, 13, 12.0, 0.3, 0.48, 2.0, 3) [0.18090371014940335 0.0017222405780069948 0.036632543829034407] 1
2021-07-06 20:02:44.764925 (1.0, 600000.0, 13, 12.0, 0.3, 0.46, 2.0, 3) [0.2007499855046865 0.0027721244925543375 0.02197683377100251] 1
2021-07-06 20:03:48.657771 (1.0, 600000.0, 13, 12.0, 0.3, 0.32, 2.0, 3) [0.39248867101160617 0.0017824288500527556 0.00015105044809181237] 1
2021-07-06 20:04:37.775707 (1.0, 600000.0, 13, 12.0, 0.3, 0.49, 2.0, 3) [0.16982739889496945 0.0023955723917737023 0.048599016676528044] 1
2021-07-07 08:15:04.481901 (1.0, 600000.0, 14, 12.0, 0.3, 0.37, 2.0, 3) [0.29697234809367845 0.0016122287429831015 0.00099802832029978971] 1
2021-07-07 08:17:16.392647 (1.0, 600000.0, 14, 12.0, 0.3, 0.38, 2.0, 3) [0.28302027456977225 0.0019211946578140927 0.0014759283116409308] 1
2021-07-07 08:23:10.084510 (1.0, 600000.0, 14, 12.0, 0.3, 0.48, 2.0, 3) [0.16651594213361826 0.0015056845571337972 0.038139923215160833] 1
2021-07-07 08:28:04.331905 (1.0, 600000.0, 14, 12.0, 0.3, 0.35, 2.0, 3) [0.3278732035453818 0.0024142183235288839 0.00042034382193381051] 1
2021-07-07 08:28:46.139932 (1.0, 600000.0, 14, 12.0, 0.3, 0.3, 2.0, 3) [0.4116525325898278 0.0023687057624918622 4.0238462297994736e-05] 1
2021-07-07 08:31:14.598530 (1.0, 600000.0, 14, 12.0, 0.3, 0.47, 2.0, 3) [0.1752712679025667 0.0029698027270020889 0.0299304592773805] 1
2021-07-07 08:32:20.998337 (1.0, 600000.0, 14, 12.0, 0.3, 0.46, 2.0, 3) [0.18608896526306695 0.0028228727127195836 0.02215090138897215] 1
2021-07-07 08:33:17.774486 (1.0, 600000.0, 14, 12.0, 0.3, 0.45, 2.0, 3) [0.1956309349253343 0.0019974613358617241 0.016991594621191475] 1
2021-07-07 08:38:03.161720 (1.0, 600000.0, 14, 12.0, 0.3, 0.31, 2.0, 3) [0.39556666408490104 0.002783294812174905 6.3240173209063423e-05] 1
2021-07-07 08:38:17.926713 (1.0, 600000.0, 14, 12.0, 0.3, 0.42, 2.0, 3) [0.22921358542386397 0.0020589158273004939 0.0066453439582947029] 1
2021-07-07 08:39:41.189582 (1.0, 600000.0, 14, 12.0, 0.3, 0.41, 2.0, 3) [0.24164155492047723 0.0019259755539264797 0.0046944461388774127] 1
2021-07-08 05:29:00.049548 (1.0, 600000.0, 15, 12.0, 0.3, 0.36, 2.0, 3) [0.29732209657331204 0.0016689694290234194 0.00054463268131877773] 1
2021-07-08 05:31:30.913425 (1.0, 600000.0, 15, 12.0, 0.3, 0.43, 2.0, 3) [0.20412276969054288 0.0011196986609078095 0.0089095451025101614] 1
2021-07-08 05:32:53.013671 (1.0, 600000.0, 15, 12.0, 0.3, 0.48, 2.0, 3) [0.15335110303082589 0.0015390833765957597 0.040464548715357013] 1
2021-07-08 05:35:25.783229 (1.0, 600000.0, 15, 12.0, 0.3, 0.45, 2.0, 3) [0.18218326814356087 0.0018276277592351676 0.017189985844770272] 1
2021-07-08 05:35:27.656249 (1.0, 600000.0, 15, 12.0, 0.3, 0.4, 2.0, 3) [0.23968031641764037 0.002081587669706471 0.0030691584986670185] 1
2021-07-08 05:37:02.991246 (1.0, 600000.0, 15, 12.0, 0.3, 0.49, 2.0, 3) [0.14449322809524204 0.001944922904113446 0.052586373028509707] 1
2021-07-08 05:38:13.486128 (1.0, 600000.0, 15, 12.0, 0.3, 0.46, 2.0, 3) [0.17099146734346993 0.0013386144909679231 0.023972542448953488] 1
2021-07-08 05:38:33.573643 (1.0, 600000.0, 15, 12.0, 0.3, 0.33, 2.0, 3) [0.34559429397408664 0.0036013994545578952 0.00012809989765379958] 1
2021-07-08 05:40:08.351018 (1.0, 600000.0, 15, 12.0, 0.3, 0.35, 2.0, 3) [0.3114885176650787 0.0034714479802044774 0.0003563091989757466] 1
2021-07-08 05:41:14.438109 (1.0, 600000.0, 15, 12.0, 0.3, 0.32, 2.0, 3) [0.36118118959289885 0.0017964383921991618 8.0261442311524209e-05] 1
2021-07-08 05:42:12.088740 (1.0, 600000.0, 15, 12.0, 0.3, 0.47, 2.0, 3) [0.16186126070335644 0.0018493498775211 0.031472318777887982] 1
2021-07-09 07:23:31.000488 (1.0, 600000.0, 16, 12.0, 0.3, 0.3, 2.0, 3) [0.3862955384248173 0.0020045224978123056 1.7454728763699045e-05] 1
2021-07-09 07:23:52.522576 (1.0, 600000.0, 16, 12.0, 0.3, 0.33, 2.0, 3) [0.33406205607812395 0.0028494427986171049 9.2779462357741043e-05] 1
2021-07-09 07:35:29.369990 (1.0, 600000.0, 16, 12.0, 0.3, 0.48, 2.0, 3) [0.14127476960826651 0.0017324418499688402 0.043803489573583189] 1
2021-07-09 07:39:39.483742 (1.0, 600000.0, 16, 12.0, 0.3, 0.43, 2.0, 3) [0.19162235218886406 0.0017427174669558231 0.0088338297136153834] 1
2021-07-09 07:43:36.714502 (1.0, 600000.0, 16, 12.0, 0.3, 0.49, 2.0, 3) [0.13259070073781917 0.0021280171440721477 0.057399459844793388] 1
2021-07-09 07:45:52.687583 (1.0, 600000.0, 16, 12.0, 0.3, 0.36, 2.0, 3) [0.2845354891013751 0.0019323791610563982 0.00045252523129175393] 1
2021-07-09 07:49:18.063716 (1.0, 600000.0, 16, 12.0, 0.3, 0.37, 2.0, 3) [0.26808078858358586 0.0022328014752697584 0.00076569273547493399] 1
2021-07-09 07:51:45.195474 (1.0, 600000.0, 16, 12.0, 0.3, 0.45, 2.0, 3) [0.16922037373901955 0.0020416821884973266 0.01803797828339939] 1
2021-07-09 07:52:36.033956 (1.0, 600000.0, 16, 12.0, 0.3, 0.5, 2.0, 3) [0.1256958281075418 0.0019344503704311232 0.071214436920779653] 1
2021-07-09 07:53:28.032759 (1.0, 600000.0, 16, 12.0, 0.3, 0.47, 2.0, 3) [0.1501981872941796 0.0017252567238923448 0.03297963744420037] 1
