2022-06-09 19:15:58.152397 (1.0, 100000.0, 25, 10.0, 0.3, 0.471, 2.0, 3) [0.020874453414879444 0.0018335193406906589 0.9686917833287978] 5 10054.046976327896s
2022-06-09 19:41:33.088423 (1.0, 100000.0, 26, 10.0, 0.3, 0.461, 2.0, 3) [0.02082896595602728 0.0012886598233346445 0.9204268277273349] 5 10568.139232635498s
2022-06-09 20:13:36.019145 (1.0, 100000.0, 30, 10.0, 0.3, 0.491, 2.0, 3) [0.012608988003670022 0.0016054408268366264 1.3176993592821333] 5 13496.667918205261s
2022-06-09 20:28:41.462814 (1.0, 100000.0, 27, 10.0, 0.3, 0.491, 2.0, 3) [0.01666115559620442 0.0019881365906413125 1.164715403903284] 5 13396.486050605774s
2022-06-09 21:10:34.142806 (1.0, 100000.0, 28, 10.0, 0.3, 0.421, 2.0, 3) [0.024247290169542253 0.0014191498604075726 0.7369125811387949] 5 15909.146290302277s
2022-06-09 21:19:09.557945 (1.0, 100000.0, 26, 10.0, 0.3, 0.41, 2.0, 3) [0.034464253394451784 0.0028321105084117715 0.534790695910031] 5 17445.30598592758s
2022-06-09 21:52:04.935453 (1.0, 100000.0, 27, 10.0, 0.3, 0.421, 2.0, 3) [0.028589760680324348 0.001631282851161687 0.6621267048403696] 5 19419.01450395584s
2022-06-09 22:04:39.791400 (1.0, 100000.0, 29, 10.0, 0.3, 0.441, 2.0, 3) [0.02005594449463783 0.0021937434032681226 0.8793587804843869] 5 19154.775809764862s
2022-06-09 22:05:29.608044 (1.0, 100000.0, 25, 10.0, 0.3, 0.471, 2.0, 3) [0.022114651500879483 0.0016800905170734502 0.9428785551509163] 5 10171.422466516495s
2022-06-09 22:22:17.376606 (1.0, 100000.0, 25, 10.0, 0.3, 0.471, 2.0, 3) [0.022527914012846432 0.0013162010541118865 0.9276381484989212] 5 20213.071563482285s
2022-06-09 22:41:17.273389 (1.0, 100000.0, 26, 10.0, 0.3, 0.461, 2.0, 3) [0.020891247402477813 0.0011899543585605062 0.9337622379832781] 5 10784.176788806915s
2022-06-09 22:46:28.795054 (1.0, 100000.0, 30, 10.0, 0.3, 0.481, 2.0, 3) [0.014023316156968491 0.0014519731419418334 1.1887385830059596] 5 21663.820096731186s
2022-06-09 23:10:29.890493 (1.0, 100000.0, 28, 10.0, 0.3, 0.421, 2.0, 3) [0.02525979023465087 0.00205066591043999 0.7067891688400169] 5 24123.969492435455s
2022-06-09 23:57:55.822357 (1.0, 100000.0, 30, 10.0, 0.3, 0.491, 2.0, 3) [0.013017427328174631 0.0012020225298093653 1.3034056504370128] 5 13459.648644685745s
2022-06-10 00:12:40.062533 (1.0, 100000.0, 27, 10.0, 0.3, 0.491, 2.0, 3) [0.016296828323430664 0.0008856265562446978 1.1640441757000786] 5 13438.58489871025s
2022-06-10 00:52:18.739102 (1.0, 100000.0, 25, 10.0, 0.3, 0.471, 2.0, 3) [0.022836457018162674 0.0016774782197653511 0.9384133523910199] 5 10009.127876281738s
2022-06-10 01:47:25.089830 (1.0, 100000.0, 26, 10.0, 0.3, 0.41, 2.0, 3) [0.033074336328097274 0.0031861508223686883 0.5598708176083995] 5 16095.525252103806s
2022-06-10 02:09:15.742819 (1.0, 100000.0, 28, 10.0, 0.3, 0.421, 2.0, 3) [0.025891285057609098 0.0013789819723899475 0.7114292759663255] 5 17921.53776550293s
2022-06-10 02:17:50.334261 (1.0, 100000.0, 26, 10.0, 0.3, 0.461, 2.0, 3) [0.020313108523154072 0.0017053757860405279 0.954574577280834] 5 12993.004039049149s
2022-06-10 03:15:09.899774 (1.0, 100000.0, 27, 10.0, 0.3, 0.421, 2.0, 3) [0.026353463292139015 0.0012583817858017128 0.707349109823778] 5 19384.70936512947s
2022-06-10 03:23:12.578428 (1.0, 100000.0, 25, 10.0, 0.3, 0.471, 2.0, 3) [0.02089098980733182 0.002146801252292752 0.9662637583585324] 5 18055.165599107742s
2022-06-10 03:36:40.748519 (1.0, 100000.0, 25, 10.0, 0.3, 0.471, 2.0, 3) [0.02179645363226894 0.0030332919618704345 0.9478503777310888] 5 9861.99407029152s
2022-06-10 03:42:51.925698 (1.0, 100000.0, 30, 10.0, 0.3, 0.491, 2.0, 3) [0.013448872331884687 0.0016701963016383058 1.2834120021004334] 5 13496.072548151016s
2022-06-10 04:21:51.849300 (1.0, 100000.0, 29, 10.0, 0.3, 0.441, 2.0, 3) [0.020505774792457177 0.0024012127060672535 0.8718853883069133] 5 22632.006956100464s
2022-06-10 04:58:04.331715 (1.0, 100000.0, 27, 10.0, 0.3, 0.491, 2.0, 3) [0.017229888683191894 0.0017093847092192788 1.1399293308169876] 5 17124.222681999207s
2022-06-10 05:38:48.335413 (1.0, 100000.0, 28, 10.0, 0.3, 0.421, 2.0, 3) [0.025287474197374656 0.002041683960842565 0.712484673826261] 5 23298.429603099823s
2022-06-10 05:49:16.354429 (1.0, 100000.0, 26, 10.0, 0.3, 0.461, 2.0, 3) [0.02003444765471884 0.0019353317574532366 0.9498163141782439] 5 12685.930180072784s
2022-06-10 05:52:33.835868 (1.0, 100000.0, 30, 10.0, 0.3, 0.481, 2.0, 3) [0.013799813628037646 0.0010128755049488864 1.2259781435707557] 5 25564.995721578598s
2022-06-10 06:20:56.100414 (1.0, 100000.0, 25, 10.0, 0.3, 0.471, 2.0, 3) [0.022753188217877845 0.001972880765077067 0.9245866065566232] 5 9855.346517086029s
2022-06-10 06:25:48.306784 (1.0, 100000.0, 26, 10.0, 0.3, 0.41, 2.0, 3) [0.03434727911631201 0.0015368995986341008 0.5336533399022404] 5 16703.196848154068s
2022-06-10 07:23:00.680300 (1.0, 100000.0, 28, 10.0, 0.3, 0.421, 2.0, 3) [0.027517248377036823 0.0015103783915834477 0.6606376550374021] 5 18824.85490489006s
2022-06-10 07:25:31.328470 (1.0, 100000.0, 30, 10.0, 0.3, 0.491, 2.0, 3) [0.013697773596663614 0.0019396329866782744 1.2689338848919156] 5 13359.393412351608s
2022-06-10 07:47:02.214242 (1.0, 100000.0, 25, 10.0, 0.3, 0.471, 2.0, 3) [0.02235546188745158 0.0017654013977509745 0.9462401497002423] 5 15829.628574609756s
2022-06-10 08:48:31.679248 (1.0, 100000.0, 27, 10.0, 0.3, 0.421, 2.0, 3) [0.027706592680775362 0.0018681466126693415 0.6753981033944048] 5 20001.747423410416s
2022-06-10 08:59:33.532207 (1.0, 100000.0, 26, 10.0, 0.3, 0.461, 2.0, 3) [0.02079737039740068 0.0021669886239135995 0.9402116216615676] 5 11417.117065429688s
2022-06-10 09:01:41.278422 (1.0, 100000.0, 27, 10.0, 0.3, 0.491, 2.0, 3) [0.017038793145253636 0.0011976384594241454 1.1425355916761313] 5 14616.887761592865s
2022-06-10 09:54:04.306568 (1.0, 100000.0, 25, 10.0, 0.3, 0.451, 2.0, 3) [0.025828370491170614 0.0018237049917395683 0.7964574888540786] 5 12756.757609128952s
2022-06-10 09:58:23.116873 (1.0, 100000.0, 29, 10.0, 0.3, 0.441, 2.0, 3) [0.018979073697882817 0.0012844026397998232 0.9098014323075777] 5 20191.211084842682s
2022-06-10 10:42:58.155577 (1.0, 100000.0, 29, 10.0, 0.3, 0.41, 2.0, 3) [0.027173593781761485 0.0012883124614371457 0.6371049752670629] 5 65672.1283056736s
2022-06-10 11:10:27.365162 (1.0, 100000.0, 30, 10.0, 0.3, 0.491, 2.0, 3) [0.01395571521437426 0.0008746786527160044 1.2822662878467057] 5 13496.025700092316s
2022-06-10 11:39:36.355994 (1.0, 100000.0, 26, 10.0, 0.3, 0.41, 2.0, 3) [0.03627233114289155 0.0027969209613622997 0.49919439021323153] 5 18827.88897538185s
2022-06-10 11:48:03.679402 (1.0, 100000.0, 28, 10.0, 0.3, 0.421, 2.0, 3) [0.02555421677638127 0.0017189261222982635 0.7027820641913638] 5 15902.944091320038s
2022-06-10 11:55:59.829089 (1.0, 100000.0, 26, 10.0, 0.3, 0.481, 2.0, 3) [0.019107645442202458 0.0015872905058709858 1.0475141184726207] 5 10576.895431280136s
2022-06-10 12:13:46.506035 (1.0, 100000.0, 30, 10.0, 0.3, 0.481, 2.0, 3) [0.0149642959050798 0.002484340914768182 1.1937796415724506] 5 22872.611620903015s
2022-06-10 12:23:29.530599 (1.0, 100000.0, 25, 10.0, 0.3, 0.471, 2.0, 3) [0.021282750884680266 0.0011185610950423487 0.9627679600126801] 5 16587.305335998535s
2022-06-10 12:40:22.894934 (1.0, 100000.0, 25, 10.0, 0.3, 0.451, 2.0, 3) [0.026812351787473876 0.0025296637576063285 0.7839349271086823] 5 9978.53203868866s
2022-06-10 12:43:53.673207 (1.0, 100000.0, 27, 10.0, 0.3, 0.491, 2.0, 3) [0.016985529359981336 0.0017063406306436113 1.1472266495786472] 5 13332.370087623596s
2022-06-10 13:04:07.871366 (1.0, 100000.0, 28, 10.0, 0.3, 0.421, 2.0, 3) [0.025752066331780055 0.0023596611656168873 0.7016344803875261] 5 26719.52907061577s
2022-06-10 14:19:04.021354 (1.0, 100000.0, 27, 10.0, 0.3, 0.421, 2.0, 3) [0.025491528237249556 0.0023437578091726205 0.7243064133524669] 5 19832.3321120739s
2022-06-10 14:49:23.050628 (1.0, 100000.0, 26, 10.0, 0.3, 0.481, 2.0, 3) [0.019918681648411807 0.001915132928024879 1.0393377280849185] 5 10403.207757472992s
2022-06-10 14:54:27.881551 (1.0, 100000.0, 30, 10.0, 0.3, 0.431, 2.0, 3) [0.021136517915461814 0.0011837416738965914 0.8094897009946256] 5 13424.321559667587s
2022-06-10 15:12:02.278674 (1.0, 100000.0, 29, 10.0, 0.3, 0.441, 2.0, 3) [0.02028485365334384 0.0032318362650213327 0.8720997683089158] 5 18819.13412618637s
2022-06-10 15:25:18.223983 (1.0, 100000.0, 25, 10.0, 0.3, 0.451, 2.0, 3) [0.02509632634934283 0.0019721188472672617 0.8186109016729499] 5 9895.316843271255s
2022-06-10 15:39:45.813707 (1.0, 100000.0, 26, 10.0, 0.3, 0.41, 2.0, 3) [0.033936462743850995 0.0018335231438114344 0.5433097136380435] 5 14409.385123252869s
2022-06-10 16:12:35.726329 (1.0, 100000.0, 28, 10.0, 0.3, 0.421, 2.0, 3) [0.028047230520175673 0.0019774591905777654 0.6479703621028703] 5 15872.020153522491s
2022-06-10 16:34:12.561544 (1.0, 100000.0, 27, 10.0, 0.3, 0.421, 2.0, 3) [0.02583285281172 0.0014788428260756427 0.7106763590612066] 5 13811.520074129105s
2022-06-10 17:05:48.152728 (1.0, 100000.0, 25, 10.0, 0.3, 0.471, 2.0, 3) [0.02263576847911974 0.0012617026438758749 0.9432163002377189] 5 16938.6128180027s
2022-06-10 17:47:32.175024 (1.0, 100000.0, 26, 10.0, 0.3, 0.481, 2.0, 3) [0.020276821328279983 0.0014608933501166134 1.0167457622132376] 5 10689.116602897644s
2022-06-10 18:14:08.352366 (1.0, 100000.0, 25, 10.0, 0.3, 0.451, 2.0, 3) [0.02589700887880299 0.00206112032667827 0.8046519544759441] 5 10130.117852687836s
2022-06-10 18:21:59.980554 (1.0, 100000.0, 30, 10.0, 0.3, 0.481, 2.0, 3) [0.014246425723855177 0.0011743403764808375 1.203579440320629] 5 22093.44567346573s
2022-06-10 18:42:49.350560 (1.0, 100000.0, 30, 10.0, 0.3, 0.431, 2.0, 3) [0.020276485707652874 0.0022903933613768993 0.8355221808144487] 5 13701.458923101425s
2022-06-10 19:40:57.466651 (1.0, 100000.0, 27, 10.0, 0.3, 0.421, 2.0, 3) [0.02875908980018069 0.003280659634556316 0.6476887113944529] 5 19313.434779167175s
2022-06-10 20:11:27.728199 (1.0, 100000.0, 26, 10.0, 0.3, 0.481, 2.0, 3) [0.01822352700604254 0.001342296540461943 1.052407619660676] 5 16281.96980381012s
2022-06-10 20:20:05.056894 (1.0, 100000.0, 27, 10.0, 0.3, 0.421, 2.0, 3) [0.02648284204648158 0.001356850770954944 0.7031112390980103] 5 13552.490067958832s
2022-06-10 20:21:26.610726 (1.0, 100000.0, 28, 10.0, 0.3, 0.421, 2.0, 3) [0.027054647040356105 0.001826957795292508 0.6712807689785624] 5 26238.730122089386s
2022-06-10 20:25:52.027396 (1.0, 100000.0, 29, 10.0, 0.3, 0.441, 2.0, 3) [0.019502618591171344 0.0015714137265898053 0.9043050783495424] 5 18829.73272585869s
2022-06-10 20:40:37.659712 (1.0, 100000.0, 28, 10.0, 0.3, 0.471, 2.0, 3) [0.018573490331135638 0.001718741726804541 1.0290886559083021] 5 16069.451451778412s
2022-06-10 20:43:27.828583 (1.0, 100000.0, 26, 10.0, 0.3, 0.481, 2.0, 3) [0.01924171862600936 0.001247049963310991 1.0579873359096885] 5 10555.65015745163s
2022-06-10 21:03:48.938057 (1.0, 100000.0, 25, 10.0, 0.3, 0.451, 2.0, 3) [0.02361954775960496 0.002447387985817222 0.8463612957232572] 5 10180.583190441132s
2022-06-10 21:57:06.129582 (1.0, 100000.0, 25, 10.0, 0.3, 0.461, 2.0, 3) [0.023193093059566967 0.0016761489991326238 0.8775082081039896] 5 17470.866809368134s
2022-06-10 22:36:32.284436 (1.0, 100000.0, 30, 10.0, 0.3, 0.431, 2.0, 3) [0.020142684671637993 0.0024783021883937537 0.8440720689393968] 5 14022.926627874374s
2022-06-10 23:47:44.017675 (1.0, 100000.0, 26, 10.0, 0.3, 0.481, 2.0, 3) [0.018971433589118833 0.0018223047436085136 1.0497562651834105] 5 11056.187081336975s
2022-06-10 23:50:08.530491 (1.0, 100000.0, 25, 10.0, 0.3, 0.411, 2.0, 3) [0.03556433546814875 0.0020522929484138733 0.5421946144757923] 5 9973.940437793732s
2022-06-11 00:04:12.773585 (1.0, 100000.0, 27, 10.0, 0.3, 0.421, 2.0, 3) [0.030540076268717648 0.0017374075536850516 0.6100109070736525] 5 13447.714515209198s
2022-06-11 00:28:44.330795 (1.0, 100000.0, 30, 10.0, 0.3, 0.481, 2.0, 3) [0.013591039599558584 0.0010661302680657994 1.2459493114652276] 5 22004.34281682968s
2022-06-11 00:38:37.605869 (1.0, 100000.0, 26, 10.0, 0.3, 0.481, 2.0, 3) [0.017133843294370853 0.0016309807419076841 1.084356933292905] 5 16029.873539209366s
2022-06-11 01:09:24.615016 (1.0, 100000.0, 28, 10.0, 0.3, 0.471, 2.0, 3) [0.01777517333889952 0.0011720799332856893 1.062302045460483] 5 16126.951741933823s
2022-06-11 01:14:45.995039 (1.0, 100000.0, 27, 10.0, 0.3, 0.461, 2.0, 3) [0.0206105360747534 0.0022004452373230055 0.9446312134263329] 5 20018.13143658638s
2022-06-11 01:39:49.104631 (1.0, 100000.0, 29, 10.0, 0.3, 0.461, 2.0, 3) [0.01642429715801265 0.0017497411441622242 1.0471075243068186] 5 18831.19380378723s
2022-06-11 02:18:08.618181 (1.0, 100000.0, 25, 10.0, 0.3, 0.461, 2.0, 3) [0.024475289965715855 0.0020620218141926216 0.8470607090891037] 5 15662.486957073212s
2022-06-11 02:28:39.055334 (1.0, 100000.0, 25, 10.0, 0.3, 0.411, 2.0, 3) [0.03574317197931959 0.003419062617690206 0.5282701810895976] 5 9510.522892951965s
2022-06-11 02:30:43.317707 (1.0, 100000.0, 30, 10.0, 0.3, 0.431, 2.0, 3) [0.021476412463106557 0.0018497166038053806 0.8128446703065598] 5 14051.030448913574s
2022-06-11 02:49:53.738350 (1.0, 100000.0, 26, 10.0, 0.3, 0.491, 2.0, 3) [0.018537239539630133 0.001550202813192248 1.117854459136725] 5 10924.58052611351s
2022-06-11 03:30:07.873737 (1.0, 100000.0, 28, 10.0, 0.3, 0.421, 2.0, 3) [0.026917742585699126 0.0014043355990588863 0.6746474309299526] 5 25721.26111292839s
2022-06-11 03:47:21.928089 (1.0, 100000.0, 27, 10.0, 0.3, 0.421, 2.0, 3) [0.028305109999060142 0.0013609889912992114 0.6610988982109735] 5 13389.151807546616s
2022-06-11 04:52:12.557089 (1.0, 100000.0, 26, 10.0, 0.3, 0.481, 2.0, 3) [0.01899595584374999 0.0014049028967809748 1.0325044526393865] 5 15214.944082260132s
2022-06-11 05:09:30.682842 (1.0, 100000.0, 25, 10.0, 0.3, 0.411, 2.0, 3) [0.03570468845540905 0.0017687931712844433 0.5356355352328936] 5 9651.624540090561s
2022-06-11 05:41:40.234132 (1.0, 100000.0, 28, 10.0, 0.3, 0.471, 2.0, 3) [0.017623769688228687 0.0017757614635155398 1.0545556431560235] 5 16335.555381774902s
2022-06-11 05:51:48.178852 (1.0, 100000.0, 26, 10.0, 0.3, 0.491, 2.0, 3) [0.017050329470482014 0.0010061677028704219 1.135945384862158] 5 10914.40289902687s
2022-06-11 06:11:02.320590 (1.0, 100000.0, 30, 10.0, 0.3, 0.431, 2.0, 3) [0.020070837240942625 0.0017896427790599994 0.8555365268170491] 5 13219.00082564354s
2022-06-11 06:40:16.751583 (1.0, 100000.0, 30, 10.0, 0.3, 0.491, 2.0, 3) [0.013415513246702962 0.0018350052797133027 1.3087201049049317] 5 22281.006102323532s
2022-06-11 06:42:04.927350 (1.0, 100000.0, 27, 10.0, 0.3, 0.461, 2.0, 3) [0.01941003656146851 0.002085056878412683 0.9809407841438985] 5 19638.923612117767s
2022-06-11 06:56:01.898862 (1.0, 100000.0, 29, 10.0, 0.3, 0.461, 2.0, 3) [0.016729287096504123 0.00125484501384943 1.037933005975657] 5 18972.748967409134s
2022-06-11 06:57:51.246371 (1.0, 100000.0, 25, 10.0, 0.3, 0.461, 2.0, 3) [0.023098011219667414 0.0023372821590894126 0.8911024110180696] 5 16782.61174249649s
2022-06-11 07:06:52.023205 (1.0, 100000.0, 29, 10.0, 0.3, 0.41, 2.0, 3) [0.025742059865367314 0.0013490281961825615 0.6657095278688497] 5 73433.85809373856s
2022-06-11 07:32:21.274698 (1.0, 100000.0, 27, 10.0, 0.3, 0.421, 2.0, 3) [0.0279974998208971 0.0017691753889173397 0.6652825394513319] 5 13499.311670303345s
2022-06-11 07:53:30.018822 (1.0, 100000.0, 25, 10.0, 0.3, 0.411, 2.0, 3) [0.035518696258209914 0.004027854981650672 0.5401070099241118] 5 9839.333127737045s
2022-06-11 08:48:45.703430 (1.0, 100000.0, 26, 10.0, 0.3, 0.481, 2.0, 3) [0.020106557309034115 0.0032177648472508508 1.0277750650866169] 5 14193.127264261246s
2022-06-11 09:49:52.954428 (1.0, 100000.0, 30, 10.0, 0.3, 0.461, 2.0, 3) [0.01629073753680198 0.001299861066438237 1.061190126381417] 5 13123.114824056625s
2022-06-11 10:06:13.750694 (1.0, 100000.0, 28, 10.0, 0.3, 0.471, 2.0, 3) [0.017629595177791918 0.0020520516322469714 1.0672272683181288] 5 15873.489519834518s
2022-06-11 10:11:15.692072 (1.0, 100000.0, 26, 10.0, 0.3, 0.491, 2.0, 3) [0.01743261255710162 0.0015424534580101928 1.1239324687625858] 5 15567.48861670494s
2022-06-11 10:29:26.978851 (1.0, 100000.0, 28, 10.0, 0.3, 0.411, 2.0, 3) [0.0286094886068206 0.002076028904034307 0.6209342293285702] 5 25139.617393016815s
2022-06-11 10:34:48.367209 (1.0, 100000.0, 25, 10.0, 0.3, 0.411, 2.0, 3) [0.03694901651125267 0.0020482646215777165 0.5088128797962984] 5 9678.345247030258s
2022-06-11 11:13:14.697063 (1.0, 100000.0, 27, 10.0, 0.3, 0.41, 2.0, 3) [0.03172471331377453 0.002039813587110536 0.5693975713293195] 5 13244.24683189392s
2022-06-11 12:04:16.168454 (1.0, 100000.0, 29, 10.0, 0.3, 0.461, 2.0, 3) [0.017903472203386537 0.002790411116959234 1.0136086411670968] 5 18494.244492530823s
2022-06-11 12:19:21.049458 (1.0, 100000.0, 27, 10.0, 0.3, 0.461, 2.0, 3) [0.020435472694609633 0.0016338362789960887 0.9431600369846364] 5 20236.083388328552s
2022-06-11 12:23:08.122672 (1.0, 100000.0, 25, 10.0, 0.3, 0.461, 2.0, 3) [0.023463569411024322 0.0018323784799104599 0.8864461954018248] 5 19516.874093532562s
2022-06-11 12:38:04.148628 (1.0, 100000.0, 26, 10.0, 0.3, 0.481, 2.0, 3) [0.0189230111142788 0.0020122394448695404 1.0453274543892752] 5 13758.433402061462s
2022-06-11 12:47:07.191570 (1.0, 100000.0, 30, 10.0, 0.3, 0.491, 2.0, 3) [0.014051999800534341 0.0011413289230314146 1.2503658652495475] 5 22010.433280467987s
2022-06-11 13:18:31.387151 (1.0, 100000.0, 25, 10.0, 0.3, 0.41, 2.0, 3) [0.03644469112342166 0.0019659325010789055 0.519814839955561] 5 9819.01528096199s
2022-06-11 13:27:08.721585 (1.0, 100000.0, 30, 10.0, 0.3, 0.461, 2.0, 3) [0.014978836914300962 0.0016917806929568125 1.0921069573970792] 5 13035.756025075912s
2022-06-11 14:22:18.004864 (1.0, 100000.0, 26, 10.0, 0.3, 0.491, 2.0, 3) [0.017485266056982293 0.0025498079811180235 1.118122353159234] 5 15062.30594420433s
2022-06-11 14:30:11.856849 (1.0, 100000.0, 28, 10.0, 0.3, 0.471, 2.0, 3) [0.01684915484270344 0.0015780349331019324 1.067754831292744] 5 15838.103336572647s
2022-06-11 14:54:36.753832 (1.0, 100000.0, 27, 10.0, 0.3, 0.41, 2.0, 3) [0.03184070540334497 0.001709719013660545 0.5663662623019495] 5 13282.054974794388s
2022-06-11 16:00:04.000824 (1.0, 100000.0, 25, 10.0, 0.3, 0.41, 2.0, 3) [0.037543346844395115 0.0016561323775368718 0.5003567524008528] 5 9692.406037330627s
2022-06-11 17:00:29.062647 (1.0, 100000.0, 26, 10.0, 0.3, 0.441, 2.0, 3) [0.02464066457653452 0.0018188167828686614 0.8002341156727747] 5 15740.504827022552s
2022-06-11 17:01:28.950704 (1.0, 100000.0, 28, 10.0, 0.3, 0.411, 2.0, 3) [0.030096730154110712 0.0014995296231148554 0.5821831578775762] 5 23521.97008562088s
2022-06-11 17:03:53.136215 (1.0, 100000.0, 30, 10.0, 0.3, 0.461, 2.0, 3) [0.016795750939238064 0.0014706221884370175 1.060899125863896] 5 13004.401042938232s
2022-06-11 17:14:54.940494 (1.0, 100000.0, 29, 10.0, 0.3, 0.461, 2.0, 3) [0.017059340377411053 0.0012962954258019539 1.0462332339628178] 5 18638.73501944542s
2022-06-11 17:18:13.305053 (1.0, 100000.0, 25, 10.0, 0.3, 0.461, 2.0, 3) [0.022360872998554163 0.001577636250431308 0.9030199142689767] 5 17705.18025612831s
2022-06-11 17:37:27.583994 (1.0, 100000.0, 26, 10.0, 0.3, 0.491, 2.0, 3) [0.017603784468318003 0.0022181008549005342 1.1209904629303211] 5 11709.540167331696s
2022-06-11 17:49:42.183792 (1.0, 100000.0, 27, 10.0, 0.3, 0.461, 2.0, 3) [0.019457795745351204 0.0014375098503225626 0.9641145175000698] 5 19821.1206946373s
2022-06-11 18:38:08.392323 (1.0, 100000.0, 27, 10.0, 0.3, 0.41, 2.0, 3) [0.030838098341656548 0.0016589862745051004 0.5877346585371644] 5 13411.58276462555s
2022-06-11 18:43:40.850553 (1.0, 100000.0, 25, 10.0, 0.3, 0.41, 2.0, 3) [0.0346984942123124 0.002049881865047239 0.5533681695125285] 5 9816.838653802872s
2022-06-11 18:49:36.569461 (1.0, 100000.0, 30, 10.0, 0.3, 0.491, 2.0, 3) [0.01265824773348874 0.0014715786481220821 1.3121574187432699] 5 21749.350801467896s
2022-06-11 18:52:09.531922 (1.0, 100000.0, 28, 10.0, 0.3, 0.451, 2.0, 3) [0.021183160378687383 0.0017137885998286207 0.8937137985604298] 5 15710.04326057434s
2022-06-11 20:42:31.903425 (1.0, 100000.0, 30, 10.0, 0.3, 0.461, 2.0, 3) [0.015602775372055674 0.0022351815534781575 1.0741226436379638] 5 13118.76461815834s
2022-06-11 21:14:55.879252 (1.0, 100000.0, 26, 10.0, 0.3, 0.441, 2.0, 3) [0.027818480802761218 0.002575524848784636 0.7323057097237948] 5 15266.62285733223s
2022-06-11 21:23:29.334995 (1.0, 100000.0, 26, 10.0, 0.3, 0.441, 2.0, 3) [0.027489602756413295 0.002428866110798842 0.7372501059461684] 5 13555.253147125244s
2022-06-11 21:26:25.961939 (1.0, 100000.0, 25, 10.0, 0.3, 0.41, 2.0, 3) [0.033200233345506265 0.002293813018859785 0.5785986072038042] 5 9765.108691215515s
2022-06-11 22:19:28.077641 (1.0, 100000.0, 25, 10.0, 0.3, 0.451, 2.0, 3) [0.027057951967708414 0.0014076652966125776 0.7801849910202436] 5 18070.302794218063s
2022-06-11 22:20:07.404756 (1.0, 100000.0, 27, 10.0, 0.3, 0.41, 2.0, 3) [0.031501517260186095 0.0023756136346211433 0.5781533060267079] 5 13318.974907636642s
2022-06-11 22:26:15.778663 (1.0, 100000.0, 29, 10.0, 0.3, 0.461, 2.0, 3) [0.015688191689630013 0.0011621472974364558 1.0781406632540602] 5 18680.80498099327s
2022-06-11 23:11:51.015738 (1.0, 100000.0, 28, 10.0, 0.3, 0.451, 2.0, 3) [0.021429939193124265 0.0012301881676345435 0.8732628702641965] 5 15581.477949142456s
2022-06-11 23:15:17.829167 (1.0, 100000.0, 27, 10.0, 0.3, 0.461, 2.0, 3) [0.020609186106640413 0.0025472629014622896 0.9359217113589933] 5 19535.61747288704s
2022-06-11 23:42:49.240129 (1.0, 100000.0, 28, 10.0, 0.3, 0.411, 2.0, 3) [0.027516407641306136 0.0022181913513398704 0.6453707412215088] 5 24080.286918878555s
2022-06-12 00:07:41.711407 (1.0, 100000.0, 25, 10.0, 0.3, 0.41, 2.0, 3) [0.03571897892670866 0.0017442959968547982 0.5329265212664308] 5 9675.740916967392s
2022-06-12 00:16:33.091265 (1.0, 100000.0, 26, 10.0, 0.3, 0.441, 2.0, 3) [0.027241945599121454 0.0017450878157920387 0.7306039053843773] 5 10383.737904310226s
2022-06-12 00:22:38.145454 (1.0, 100000.0, 30, 10.0, 0.3, 0.461, 2.0, 3) [0.016572864378429687 0.0014485315204054519 1.0579375085405285] 5 13206.22307395935s
2022-06-12 00:47:35.104388 (1.0, 100000.0, 30, 10.0, 0.3, 0.491, 2.0, 3) [0.012750654210802738 0.0012296893884214029 1.2992130128463057] 5 21478.329777240753s
2022-06-12 01:01:41.925416 (1.0, 100000.0, 26, 10.0, 0.3, 0.441, 2.0, 3) [0.02567165398990508 0.0023679412386092974 0.778969955442113] 5 13606.028640508652s
2022-06-12 02:02:44.441892 (1.0, 100000.0, 27, 10.0, 0.3, 0.41, 2.0, 3) [0.032840341611266345 0.0033972317602524306 0.5475723257680175] 5 13357.034415721893s
2022-06-12 02:56:31.922595 (1.0, 100000.0, 25, 10.0, 0.3, 0.421, 2.0, 3) [0.032358555812041785 0.0017680317345422725 0.6113976886390948] 5 10126.22322010994s
2022-06-12 03:12:59.847558 (1.0, 100000.0, 26, 10.0, 0.3, 0.441, 2.0, 3) [0.02654848626058092 0.0022813177952647743 0.7624595611297178] 5 10586.753796815872s
2022-06-12 03:32:57.189516 (1.0, 100000.0, 28, 10.0, 0.3, 0.451, 2.0, 3) [0.01969513674255538 0.0015190360052721673 0.925212333088601] 5 15666.144708395004s
2022-06-12 03:37:15.759489 (1.0, 100000.0, 25, 10.0, 0.3, 0.451, 2.0, 3) [0.02643255334614529 0.002719209765544381 0.7910176188848715] 5 19067.66632080078s
2022-06-12 03:38:41.593045 (1.0, 100000.0, 29, 10.0, 0.3, 0.431, 2.0, 3) [0.021271705660930746 0.001798221202338125 0.8270171411337921] 5 18737.495426654816s
2022-06-12 04:01:52.455380 (1.0, 100000.0, 30, 10.0, 0.3, 0.41, 2.0, 3) [0.025304618257132674 0.003187920959459137 0.6709663726655338] 5 13144.680843830109s
2022-06-12 04:37:22.074187 (1.0, 100000.0, 27, 10.0, 0.3, 0.441, 2.0, 3) [0.024388764279859747 0.0022396438908600623 0.7866496397706823] 5 19315.784548521042s
2022-06-12 05:25:49.008006 (1.0, 100000.0, 26, 10.0, 0.3, 0.441, 2.0, 3) [0.024743150557371002 0.001279051992617521 0.7961234873087552] 5 15847.079903125763s
2022-06-12 05:34:29.617235 (1.0, 100000.0, 25, 10.0, 0.3, 0.421, 2.0, 3) [0.03423888667378468 0.002525102073289926 0.5745589623464712] 5 9477.670480012894s
2022-06-12 05:48:48.023907 (1.0, 100000.0, 27, 10.0, 0.3, 0.461, 2.0, 3) [0.020731152927878995 0.0016597604374240652 0.940818595975398] 5 13545.782619953156s
2022-06-12 06:14:17.200847 (1.0, 100000.0, 28, 10.0, 0.3, 0.411, 2.0, 3) [0.027773776223283596 0.0024636913200897334 0.6357023787125621] 5 23487.945989608765s
2022-06-12 06:32:08.085731 (1.0, 100000.0, 26, 10.0, 0.3, 0.441, 2.0, 3) [0.02461030319492425 0.001386369500345235 0.7963588598182424] 5 11948.212943077087s
2022-06-12 06:47:56.788774 (1.0, 100000.0, 30, 10.0, 0.3, 0.491, 2.0, 3) [0.013615786357454704 0.00133327349107726 1.2804079746357744] 5 21621.681400060654s
2022-06-12 07:40:17.331218 (1.0, 100000.0, 30, 10.0, 0.3, 0.41, 2.0, 3) [0.025350129737597385 0.0014713284118991045 0.6737065359618188] 5 13104.855157136917s
2022-06-12 07:53:36.673848 (1.0, 100000.0, 28, 10.0, 0.3, 0.451, 2.0, 3) [0.020610523681442332 0.00163955724118742 0.898676882334784] 5 15639.463850736618s
2022-06-12 08:12:25.810504 (1.0, 100000.0, 25, 10.0, 0.3, 0.421, 2.0, 3) [0.03042944335312287 0.0033390762723631783 0.64642320253365] 5 9476.190412521362s
2022-06-12 08:50:40.264445 (1.0, 100000.0, 29, 10.0, 0.3, 0.431, 2.0, 3) [0.02424191625172135 0.0020774644118111184 0.7533373165311411] 5 18718.66922211647s
2022-06-12 09:04:36.189824 (1.0, 100000.0, 26, 10.0, 0.3, 0.441, 2.0, 3) [0.026302355506425453 0.002124928101795897 0.7694151804276788] 5 13127.157229661942s
2022-06-12 09:33:31.720315 (1.0, 100000.0, 27, 10.0, 0.3, 0.461, 2.0, 3) [0.020933914802955006 0.0012956909775597126 0.9285888503976264] 5 13483.694369316101s
2022-06-12 09:38:21.196432 (1.0, 100000.0, 25, 10.0, 0.3, 0.451, 2.0, 3) [0.026022375499755366 0.002398278721777135 0.7936191585597634] 5 21665.434895277023s
2022-06-12 09:59:35.114845 (1.0, 100000.0, 27, 10.0, 0.3, 0.441, 2.0, 3) [0.024871135751470125 0.0023683724931032506 0.7844013329255829] 5 19333.021015167236s
2022-06-12 10:08:19.879442 (1.0, 100000.0, 26, 10.0, 0.3, 0.441, 2.0, 3) [0.02617133305441774 0.001493067791901475 0.765662170683456] 5 12971.791363954544s
2022-06-12 10:50:25.078145 (1.0, 100000.0, 25, 10.0, 0.3, 0.421, 2.0, 3) [0.0335743475782564 0.0021524867052498055 0.5881841279010523] 5 9479.265002250671s
2022-06-12 11:18:36.571197 (1.0, 100000.0, 30, 10.0, 0.3, 0.41, 2.0, 3) [0.02599501818536121 0.0018362781375853053 0.6578853303238166] 5 13099.216079473495s
2022-06-12 12:13:13.075629 (1.0, 100000.0, 28, 10.0, 0.3, 0.451, 2.0, 3) [0.018643672645240156 0.001862831511003857 0.9589877610192638] 5 15576.39786362648s
2022-06-12 12:51:17.692059 (1.0, 100000.0, 30, 10.0, 0.3, 0.41, 2.0, 3) [0.025034394341948884 0.0015730488133382326 0.677518479062915] 5 21789.861882209778s
2022-06-12 13:02:38.491574 (1.0, 100000.0, 26, 10.0, 0.3, 0.461, 2.0, 3) [0.022323350292000662 0.0014443163237355342 0.9111248161076586] 5 14274.701716184616s
2022-06-12 13:03:00.114927 (1.0, 100000.0, 28, 10.0, 0.3, 0.411, 2.0, 3) [0.030002428236587275 0.0015182646074154563 0.5896810882966589] 5 24522.882052898407s
2022-06-12 13:17:29.832934 (1.0, 100000.0, 27, 10.0, 0.3, 0.461, 2.0, 3) [0.020679443734168475 0.002224129915809956 0.9476695251867653] 5 13438.085769891739s
2022-06-12 13:31:02.276835 (1.0, 100000.0, 25, 10.0, 0.3, 0.421, 2.0, 3) [0.031850200102518815 0.0013798455072933417 0.6200949306409402] 5 9637.16826057434s
2022-06-12 14:02:19.975630 (1.0, 100000.0, 29, 10.0, 0.3, 0.431, 2.0, 3) [0.0212542457155394 0.0015096660639487248 0.8277330256430614] 5 18699.67472553253s
2022-06-12 14:28:57.424954 (1.0, 100000.0, 26, 10.0, 0.3, 0.451, 2.0, 3) [0.023089579713376513 0.0010518997515787077 0.8430146433322765] 5 15616.483734607697s
2022-06-12 14:57:20.046372 (1.0, 100000.0, 25, 10.0, 0.3, 0.451, 2.0, 3) [0.024130232833635204 0.0017418072901164813 0.8382020731789765] 5 19138.84805583954s
2022-06-12 14:57:28.145821 (1.0, 100000.0, 30, 10.0, 0.3, 0.41, 2.0, 3) [0.024785837159805042 0.001669090768257732 0.6852455459272863] 5 13131.550392627716s
2022-06-12 15:25:19.464004 (1.0, 100000.0, 27, 10.0, 0.3, 0.441, 2.0, 3) [0.021908337805746896 0.001887167527737885 0.8450865715585805] 5 19544.346754550934s
2022-06-12 16:20:56.107630 (1.0, 100000.0, 25, 10.0, 0.3, 0.461, 2.0, 3) [0.023149475906032085 0.002578947166724111 0.8913829850407808] 5 10111.836192846298s
2022-06-12 16:32:56.880301 (1.0, 100000.0, 28, 10.0, 0.3, 0.441, 2.0, 3) [0.020142922401735326 0.0019946475511680687 0.8689252060738607] 5 15556.904737710953s
2022-06-12 17:00:45.408589 (1.0, 100000.0, 26, 10.0, 0.3, 0.461, 2.0, 3) [0.02140880949750891 0.0015557954153925895 0.9250995689851814] 5 14286.914754629135s
2022-06-12 17:01:50.202012 (1.0, 100000.0, 27, 10.0, 0.3, 0.461, 2.0, 3) [0.019788322639242885 0.002081464913915817 0.9581431483366218] 5 13460.365578889847s
2022-06-12 18:23:40.284464 (1.0, 100000.0, 26, 10.0, 0.3, 0.451, 2.0, 3) [0.023670014039693446 0.002048302520110323 0.8455261764753476] 5 14082.857518196106s
2022-06-12 18:35:12.444064 (1.0, 100000.0, 30, 10.0, 0.3, 0.41, 2.0, 3) [0.026820815126941715 0.002196395266800655 0.6259218897017856] 5 13064.29605126381s
2022-06-12 18:55:39.742096 (1.0, 100000.0, 30, 10.0, 0.3, 0.41, 2.0, 3) [0.02634124769822374 0.0015180747012844254 0.6393071429814149] 5 21862.02312731743s
2022-06-12 19:05:20.619869 (1.0, 100000.0, 25, 10.0, 0.3, 0.461, 2.0, 3) [0.022784000935141296 0.0021084436343142728 0.8896465712587592] 5 9864.481864452362s
2022-06-12 19:12:39.787247 (1.0, 100000.0, 29, 10.0, 0.3, 0.431, 2.0, 3) [0.02401913579065327 0.0020098168496663783 0.7529159339008955] 5 18619.79274058342s
2022-06-12 19:54:34.808292 (1.0, 100000.0, 25, 10.0, 0.3, 0.451, 2.0, 3) [0.02518240496080789 0.001316759316154854 0.8242480738514637] 5 17834.73891067505s
2022-06-12 20:33:54.460198 (1.0, 100000.0, 28, 10.0, 0.3, 0.41, 2.0, 3) [0.02856777233031727 0.0018515851669687233 0.6209474208593623] 5 27046.670628786087s
2022-06-12 20:45:04.488591 (1.0, 100000.0, 27, 10.0, 0.3, 0.461, 2.0, 3) [0.020225940443468867 0.0017562913582088292 0.9658585634528043] 5 13394.283623695374s
2022-06-12 20:51:39.384927 (1.0, 100000.0, 28, 10.0, 0.3, 0.441, 2.0, 3) [0.021852090945688893 0.0024526371053785394 0.8354891514659515] 5 15522.502027988434s
2022-06-12 20:56:08.085094 (1.0, 100000.0, 27, 10.0, 0.3, 0.441, 2.0, 3) [0.024431916090928027 0.0020755209328898326 0.7947004024093479] 5 19848.590200662613s
2022-06-12 21:02:29.019972 (1.0, 100000.0, 26, 10.0, 0.3, 0.461, 2.0, 3) [0.02113965630388251 0.003722899761664415 0.9429193135142621] 5 14503.581093072891s
2022-06-12 21:46:32.166982 (1.0, 100000.0, 25, 10.0, 0.3, 0.461, 2.0, 3) [0.02379241729765506 0.0021172341047557453 0.8735528615622971] 5 9671.542182445526s
2022-06-12 21:52:37.932391 (1.0, 100000.0, 26, 10.0, 0.3, 0.451, 2.0, 3) [0.023470622604745632 0.0011856180976995052 0.8518991890970335] 5 12537.622059345245s
2022-06-12 22:15:05.644264 (1.0, 100000.0, 30, 10.0, 0.3, 0.481, 2.0, 3) [0.012388486923400497 0.0011792717918529547 1.2772950151776155] 5 13168.980287790298s
2022-06-13 00:12:43.838846 (1.0, 100000.0, 25, 10.0, 0.3, 0.441, 2.0, 3) [0.026187338293475575 0.001921736599545132 0.7712507426602122] 5 15471.466618776321s
2022-06-13 00:28:12.155179 (1.0, 100000.0, 25, 10.0, 0.3, 0.461, 2.0, 3) [0.024183691058573414 0.0017500963895830022 0.8700068170733978] 5 9699.983691453934s
2022-06-13 00:44:26.667831 (1.0, 100000.0, 29, 10.0, 0.3, 0.431, 2.0, 3) [0.02327630085914418 0.0015729463889656665 0.7699671278739738] 5 19906.877974271774s
2022-06-13 00:47:56.975012 (1.0, 100000.0, 27, 10.0, 0.3, 0.431, 2.0, 3) [0.02508125281929308 0.0019412483324597227 0.7586551750842037] 5 14565.630380392075s
2022-06-13 00:59:24.459931 (1.0, 100000.0, 26, 10.0, 0.3, 0.451, 2.0, 3) [0.022906449764546755 0.0016651284878562633 0.8514471838571646] 5 11206.525180101395s
2022-06-13 01:06:46.128613 (1.0, 100000.0, 26, 10.0, 0.3, 0.461, 2.0, 3) [0.021900654036674228 0.0019319980944108705 0.919825190639183] 5 14657.105608463287s
2022-06-13 01:09:33.742860 (1.0, 100000.0, 29, 10.0, 0.3, 0.41, 2.0, 3) [0.02669101861191022 0.0021827305691205757 0.6403296872184102] 5 151361.71726703644s
2022-06-13 01:21:07.142952 (1.0, 100000.0, 30, 10.0, 0.3, 0.41, 2.0, 3) [0.02408096579269886 0.0017668639528080285 0.6954968787503888] 5 23127.39780974388s
2022-06-13 01:31:29.661081 (1.0, 100000.0, 28, 10.0, 0.3, 0.441, 2.0, 3) [0.021643901701807845 0.001797219511848722 0.8456874919895584] 5 16790.273001909256s
2022-06-13 01:54:22.711873 (1.0, 100000.0, 30, 10.0, 0.3, 0.481, 2.0, 3) [0.01421287643866767 0.0009919103317107983 1.2151878521457056] 5 13157.065618753433s
2022-06-13 02:26:33.814567 (1.0, 100000.0, 27, 10.0, 0.3, 0.441, 2.0, 3) [0.022686382427348543 0.0018744999064534997 0.8326277908720575] 5 19825.726704120636s
2022-06-13 03:06:36.160264 (1.0, 100000.0, 25, 10.0, 0.3, 0.461, 2.0, 3) [0.025181573632200246 0.0035830658589988454 0.8536189195766463] 5 9504.00170135498s
2022-06-13 03:38:33.198302 (1.0, 100000.0, 28, 10.0, 0.3, 0.41, 2.0, 3) [0.028221691221152985 0.0013628598199681085 0.6254323801685389] 5 25478.735684394836s
2022-06-13 03:48:25.655808 (1.0, 100000.0, 26, 10.0, 0.3, 0.451, 2.0, 3) [0.023679936063643613 0.001341348247221905 0.8386455178830373] 5 10141.192907571793s
2022-06-13 04:36:30.647469 (1.0, 100000.0, 25, 10.0, 0.3, 0.441, 2.0, 3) [0.0303658552777615 0.0015704768348336917 0.6873760064686467] 5 15826.777880191803s
2022-06-13 04:48:32.947986 (1.0, 100000.0, 27, 10.0, 0.3, 0.431, 2.0, 3) [0.025946004248775193 0.002189953669377348 0.7307634196499427] 5 14435.97063755989s
2022-06-13 05:08:43.962810 (1.0, 100000.0, 26, 10.0, 0.3, 0.461, 2.0, 3) [0.022265160625522033 0.00188441385261764 0.9065770026109377] 5 14517.831034898758s
2022-06-13 05:32:22.469693 (1.0, 100000.0, 30, 10.0, 0.3, 0.481, 2.0, 3) [0.013077741171989317 0.0013206071389688207 1.2546084035208578] 5 13079.75529909134s
2022-06-13 05:55:41.800510 (1.0, 100000.0, 25, 10.0, 0.3, 0.491, 2.0, 3) [0.021597704698724414 0.0014886546244753172 1.0466324612859839] 5 10073.936051130295s
2022-06-13 06:07:41.269830 (1.0, 100000.0, 28, 10.0, 0.3, 0.441, 2.0, 3) [0.02306353497478931 0.002291307141477089 0.8114013378345466] 5 16571.606149673462s
2022-06-13 06:22:44.737791 (1.0, 100000.0, 29, 10.0, 0.3, 0.41, 2.0, 3) [0.028368779541086322 0.0015427762642101865 0.6078250281263514] 5 20239.43886756897s
2022-06-13 06:47:31.974760 (1.0, 100000.0, 26, 10.0, 0.3, 0.421, 2.0, 3) [0.03145792397228105 0.0022106816206549835 0.6146762014711832] 5 10715.027830123901s
2022-06-13 07:50:12.194107 (1.0, 100000.0, 30, 10.0, 0.3, 0.41, 2.0, 3) [0.027422991884409408 0.00241817061939943 0.612847339634472] 5 23345.048545360565s
2022-06-13 07:59:03.639918 (1.0, 100000.0, 27, 10.0, 0.3, 0.471, 2.0, 3) [0.019089600815733836 0.0017734147734774224 1.0171606383602727] 5 19927.432100057602s
2022-06-13 08:41:09.703562 (1.0, 100000.0, 25, 10.0, 0.3, 0.491, 2.0, 3) [0.020082055238272348 0.0015947232439899393 1.0554897025108128] 5 9927.900860071182s
2022-06-13 08:45:38.635192 (1.0, 100000.0, 27, 10.0, 0.3, 0.431, 2.0, 3) [0.02459284718037548 0.0014176325448072684 0.7566564925696199] 5 14225.684719324112s
2022-06-13 09:01:43.043498 (1.0, 100000.0, 25, 10.0, 0.3, 0.441, 2.0, 3) [0.028251679605066027 0.001682638882585781 0.7276120087834982] 5 15912.366444349289s
2022-06-13 09:09:57.164153 (1.0, 100000.0, 30, 10.0, 0.3, 0.481, 2.0, 3) [0.014444345977829955 0.0012480923995510313 1.191907127789181] 5 13054.692122220993s
2022-06-13 09:11:12.086702 (1.0, 100000.0, 26, 10.0, 0.3, 0.411, 2.0, 3) [0.03377104674928609 0.0025227557556026146 0.5501246031583442] 5 14533.189100980759s
2022-06-13 09:47:49.278010 (1.0, 100000.0, 26, 10.0, 0.3, 0.421, 2.0, 3) [0.0299754167878531 0.0019018036584402588 0.6419165400932827] 5 10817.283447742462s
2022-06-13 10:43:52.836646 (1.0, 100000.0, 28, 10.0, 0.3, 0.441, 2.0, 3) [0.022521099098396793 0.0013666318185842278 0.8322657562126896] 5 16571.56431913376s
2022-06-13 11:28:10.886123 (1.0, 100000.0, 25, 10.0, 0.3, 0.491, 2.0, 3) [0.01963989767130616 0.0012131404353903962 1.0683727822097757] 5 10021.164609193802s
2022-06-13 11:57:05.672767 (1.0, 100000.0, 29, 10.0, 0.3, 0.41, 2.0, 3) [0.02834227518993094 0.0020733492368375617 0.6136761584864981] 5 20060.93224143982s
2022-06-13 12:37:53.569149 (1.0, 100000.0, 28, 10.0, 0.3, 0.41, 2.0, 3) [0.028024531008794894 0.002617047347794293 0.6310028890806341] 5 32360.368002176285s
2022-06-13 12:40:13.977660 (1.0, 100000.0, 27, 10.0, 0.3, 0.431, 2.0, 3) [0.02673999840484468 0.0013534872913131583 0.7179119983783614] 5 14075.339309453964s
2022-06-13 12:42:05.248490 (1.0, 100000.0, 26, 10.0, 0.3, 0.421, 2.0, 3) [0.031954287303294714 0.0012682162700955015 0.5992586954625182] 5 10455.940399646759s
2022-06-13 12:49:19.529246 (1.0, 100000.0, 30, 10.0, 0.3, 0.481, 2.0, 3) [0.014856666634849811 0.001627726439079604 1.2029858046548045] 5 13162.362661123276s
2022-06-13 13:06:06.285499 (1.0, 100000.0, 26, 10.0, 0.3, 0.411, 2.0, 3) [0.03428640311124066 0.0019383501591929905 0.5419717964147807] 5 14094.195258378983s
2022-06-13 13:26:40.722743 (1.0, 100000.0, 27, 10.0, 0.3, 0.471, 2.0, 3) [0.01804034278899869 0.001190941063458715 1.0422470036829161] 5 19657.07759618759s
2022-06-13 13:49:35.768871 (1.0, 100000.0, 25, 10.0, 0.3, 0.441, 2.0, 3) [0.02808574638190915 0.0031059888846652686 0.7292512147792074] 5 17272.723175287247s
2022-06-13 14:10:55.287548 (1.0, 100000.0, 30, 10.0, 0.3, 0.41, 2.0, 3) [0.02624537979350261 0.0018859652384011793 0.6403093344091366] 5 22843.070352315903s
2022-06-13 14:18:16.949467 (1.0, 100000.0, 25, 10.0, 0.3, 0.491, 2.0, 3) [0.019432502279872234 0.0022631451341827463 1.065725455701842] 5 10206.032079458237s
2022-06-13 15:25:34.859638 (1.0, 100000.0, 28, 10.0, 0.3, 0.491, 2.0, 3) [0.015428992967832837 0.0011044956993138254 1.201642879592208] 5 16825.945174455643s
2022-06-13 15:40:32.413228 (1.0, 100000.0, 26, 10.0, 0.3, 0.421, 2.0, 3) [0.029606617722180754 0.001405795692230359 0.6451830153226034] 5 10707.161842346191s
2022-06-13 16:28:13.644968 (1.0, 100000.0, 30, 10.0, 0.3, 0.411, 2.0, 3) [0.02532290922479193 0.0012022293605408682 0.6601751890507548] 5 13129.517144680023s
2022-06-13 16:39:23.449457 (1.0, 100000.0, 27, 10.0, 0.3, 0.431, 2.0, 3) [0.025294908752451512 0.0014496008315878573 0.7397296461435847] 5 14349.465451002121s
2022-06-13 17:07:23.193290 (1.0, 100000.0, 25, 10.0, 0.3, 0.491, 2.0, 3) [0.020188317679768163 0.002803660810429514 1.060643755458415] 5 10146.240597724915s
2022-06-13 17:08:47.382943 (1.0, 100000.0, 26, 10.0, 0.3, 0.411, 2.0, 3) [0.03198636895488073 0.0018670589960403888 0.5865302639867861] 5 14561.0946996212s
2022-06-13 17:26:14.974576 (1.0, 100000.0, 29, 10.0, 0.3, 0.41, 2.0, 3) [0.026968627180648082 0.000970137844397339 0.6358135652221469] 5 19749.299469470978s
2022-06-13 18:43:05.126716 (1.0, 100000.0, 26, 10.0, 0.3, 0.421, 2.0, 3) [0.03017966187531939 0.0019927373391458894 0.6389768812569965] 5 10952.711103200912s
2022-06-13 18:47:50.873397 (1.0, 100000.0, 25, 10.0, 0.3, 0.441, 2.0, 3) [0.0296381298355249 0.0020021644365108985 0.6978993601802902] 5 17895.102431058884s
2022-06-13 18:49:36.664357 (1.0, 100000.0, 27, 10.0, 0.3, 0.471, 2.0, 3) [0.018510671030026134 0.0019841563627872624 1.0150380432362336] 5 19375.93711209297s
2022-06-13 19:26:01.543156 (1.0, 100000.0, 28, 10.0, 0.3, 0.41, 2.0, 3) [0.028163100148279562 0.0017332944615433836 0.6249299630091972] 5 24487.97158384323s
2022-06-13 19:50:31.667560 (1.0, 100000.0, 25, 10.0, 0.3, 0.441, 2.0, 3) [0.029194504604253477 0.0015234694933853284 0.71638348007444] 5 9784.517128944397s
2022-06-13 20:04:37.285006 (1.0, 100000.0, 28, 10.0, 0.3, 0.491, 2.0, 3) [0.016634384242396622 0.0010794795425401293 1.186256560949647] 5 16742.39593911171s
2022-06-13 20:32:49.194429 (1.0, 100000.0, 30, 10.0, 0.3, 0.441, 2.0, 3) [0.019716527816852545 0.001627671957299937 0.8913806578861628] 5 22909.450654745102s
2022-06-13 20:39:55.260632 (1.0, 100000.0, 27, 10.0, 0.3, 0.411, 2.0, 3) [0.030295706244218946 0.0024818072207033882 0.5989220842876494] 5 14424.163957595825s
2022-06-13 21:45:13.617322 (1.0, 100000.0, 26, 10.0, 0.3, 0.471, 2.0, 3) [0.020039043843865935 0.003190739643203026 0.9960185399819671] 5 10924.903509616852s
2022-06-13 21:56:46.092739 (1.0, 100000.0, 26, 10.0, 0.3, 0.411, 2.0, 3) [0.033615661606677574 0.0037878418962695296 0.5655942231760394] 5 17278.706570386887s
2022-06-13 22:43:56.452848 (1.0, 100000.0, 25, 10.0, 0.3, 0.441, 2.0, 3) [0.027171113893157194 0.002062193571548678 0.7508048240042668] 5 10404.783599376678s
2022-06-13 22:53:30.948443 (1.0, 100000.0, 29, 10.0, 0.3, 0.41, 2.0, 3) [0.026888155562095426 0.002090893588225699 0.6400142396162403] 5 19635.967418670654s
2022-06-13 23:32:42.899063 (1.0, 100000.0, 25, 10.0, 0.3, 0.481, 2.0, 3) [0.021615229115994145 0.0013614478266458117 0.9726337249295062] 5 17086.92527770996s
2022-06-14 00:10:39.750256 (1.0, 100000.0, 30, 10.0, 0.3, 0.411, 2.0, 3) [0.022685349636053957 0.001508917886032956 0.7299768969540149] 5 27746.03528857231s
2022-06-14 00:13:41.008567 (1.0, 100000.0, 27, 10.0, 0.3, 0.471, 2.0, 3) [0.01623848113735374 0.002434248775193763 1.074895432695056] 5 19444.34202694893s
2022-06-14 00:39:09.640269 (1.0, 100000.0, 27, 10.0, 0.3, 0.411, 2.0, 3) [0.03037145513318234 0.0013498570642275633 0.595618197068105] 5 14354.376619577408s
2022-06-14 00:42:38.227499 (1.0, 100000.0, 28, 10.0, 0.3, 0.491, 2.0, 3) [0.01524489489849945 0.0018482428563564458 1.1892854257744467] 5 16680.93731212616s
2022-06-14 01:14:39.453725 (1.0, 100000.0, 26, 10.0, 0.3, 0.471, 2.0, 3) [0.018644933308493004 0.003691867772641425 1.0224219462942092] 5 12565.833698511124s
2022-06-14 01:50:09.796618 (1.0, 100000.0, 25, 10.0, 0.3, 0.441, 2.0, 3) [0.028490631196285286 0.0014566465197219317 0.7213146974997691] 5 11173.340883731842s
2022-06-14 01:57:02.764457 (1.0, 100000.0, 28, 10.0, 0.3, 0.41, 2.0, 3) [0.029606138026032115 0.001489269829132578 0.6048696668995677] 5 23461.2189245224s
2022-06-14 02:54:52.838271 (1.0, 100000.0, 26, 10.0, 0.3, 0.411, 2.0, 3) [0.0318999151344363 0.001859300629327998 0.5886619309181086] 5 17886.741970062256s
2022-06-14 02:57:41.086208 (1.0, 100000.0, 30, 10.0, 0.3, 0.441, 2.0, 3) [0.01840240393105832 0.0013908021276901829 0.9161159098142931] 5 23091.88948917389s
2022-06-14 03:48:45.708222 (1.0, 100000.0, 30, 10.0, 0.3, 0.411, 2.0, 3) [0.02554017375995514 0.0013291043865401233 0.6592305386047289] 5 13085.93137383461s
2022-06-14 04:10:23.427763 (1.0, 100000.0, 26, 10.0, 0.3, 0.471, 2.0, 3) [0.0213344997023385 0.002017565962624439 0.9709776498641748] 5 10543.971048116684s
2022-06-14 04:18:57.467291 (1.0, 100000.0, 25, 10.0, 0.3, 0.481, 2.0, 3) [0.020601240960098095 0.001559972207988866 0.9947873707744699] 5 17174.566705942154s
2022-06-14 04:20:02.868028 (1.0, 100000.0, 29, 10.0, 0.3, 0.41, 2.0, 3) [0.026495160117987082 0.0019063309894892368 0.6483252578413661] 5 19591.917011976242s
2022-06-14 04:34:02.807487 (1.0, 100000.0, 27, 10.0, 0.3, 0.411, 2.0, 3) [0.03169313306604195 0.0013254753092928368 0.5712722635258903] 5 14093.163851976395s
2022-06-14 04:54:59.350596 (1.0, 100000.0, 25, 10.0, 0.3, 0.441, 2.0, 3) [0.02728931086578424 0.0020584763357451926 0.7486108581065034] 5 11089.55047416687s
2022-06-14 05:20:17.431060 (1.0, 100000.0, 28, 10.0, 0.3, 0.491, 2.0, 3) [0.015181727592405164 0.0013283884047399835 1.2054887931629203] 5 16659.201208353043s
2022-06-14 05:33:23.734130 (1.0, 100000.0, 27, 10.0, 0.3, 0.471, 2.0, 3) [0.019913607259014053 0.0011111048581621276 0.991664946950011] 5 19182.723365068436s
2022-06-14 07:10:52.352777 (1.0, 100000.0, 26, 10.0, 0.3, 0.471, 2.0, 3) [0.021583688087019725 0.0013362043372669994 0.963368747965265] 5 10828.922569513321s
2022-06-14 07:21:22.475925 (1.0, 100000.0, 26, 10.0, 0.3, 0.431, 2.0, 3) [0.027062220624445736 0.0020220571852546166 0.718835689104066] 5 15984.491679668427s
2022-06-14 07:26:32.581718 (1.0, 100000.0, 30, 10.0, 0.3, 0.411, 2.0, 3) [0.025895204026257397 0.0024006701652410276 0.6554262637133813] 5 13066.867206573486s
2022-06-14 07:51:45.711620 (1.0, 100000.0, 25, 10.0, 0.3, 0.441, 2.0, 3) [0.027019424607026093 0.00160877518184577 0.7503485181655316] 5 10606.357899188995s
2022-06-14 08:29:26.040153 (1.0, 100000.0, 27, 10.0, 0.3, 0.411, 2.0, 3) [0.028035417657755572 0.0025241328940349902 0.6433230272340817] 5 14123.229826927185s
2022-06-14 08:41:09.952910 (1.0, 100000.0, 28, 10.0, 0.3, 0.471, 2.0, 3) [0.017299596851267494 0.0012466309714156592 1.0555741563646486] 5 24238.595442533493s
2022-06-14 09:22:59.297805 (1.0, 100000.0, 30, 10.0, 0.3, 0.441, 2.0, 3) [0.019414793427075732 0.0015413776939450586 0.9090862405217587] 5 23118.2088470459s
2022-06-14 09:55:17.623161 (1.0, 100000.0, 29, 10.0, 0.3, 0.411, 2.0, 3) [0.02718276221907731 0.0010269209979942731 0.6359795871689069] 5 20110.445740699768s
2022-06-14 09:57:55.264208 (1.0, 100000.0, 28, 10.0, 0.3, 0.491, 2.0, 3) [0.014815131655056806 0.0031121578076823944 1.2054631173972177] 5 16657.829921483994s
2022-06-14 10:23:18.432258 (1.0, 100000.0, 26, 10.0, 0.3, 0.471, 2.0, 3) [0.020666249222763697 0.002302613485697008 0.9779145091251754] 5 11546.076725006104s
2022-06-14 10:47:06.821835 (1.0, 100000.0, 27, 10.0, 0.3, 0.481, 2.0, 3) [0.016687900835588743 0.0013968252869729057 1.1195266655643181] 5 18819.244151353836s
2022-06-14 10:58:48.727564 (1.0, 100000.0, 29, 10.0, 0.3, 0.41, 2.0, 3) [0.029709156301284737 0.0019789038212631297 0.5806668947465695] 5 121754.9819021225s
2022-06-14 11:02:39.516026 (1.0, 100000.0, 25, 10.0, 0.3, 0.431, 2.0, 3) [0.02999236221915713 0.0018243173003795034 0.6787991809504339] 5 11449.145547151566s
2022-06-14 11:03:20.099944 (1.0, 100000.0, 30, 10.0, 0.3, 0.411, 2.0, 3) [0.02545209453602381 0.0023357714654318844 0.6651835080930028] 5 13007.515551805496s
2022-06-14 12:24:04.219435 (1.0, 100000.0, 27, 10.0, 0.3, 0.411, 2.0, 3) [0.0288152566609654 0.0017542381621567596 0.6248730917530604] 5 14078.176788330078s
2022-06-14 12:48:40.889627 (1.0, 100000.0, 26, 10.0, 0.3, 0.431, 2.0, 3) [0.028455049277139124 0.002761532327916586 0.6955776528643302] 5 19638.406805753708s
2022-06-14 13:18:23.117217 (1.0, 100000.0, 26, 10.0, 0.3, 0.411, 2.0, 3) [0.0328475229872008 0.002618252985214813 0.5647806303054853] 5 10500.661921262741s
2022-06-14 13:49:04.200977 (1.0, 100000.0, 25, 10.0, 0.3, 0.431, 2.0, 3) [0.030112379806402315 0.0019096312592008517 0.6648453561092136] 5 9984.682489395142s
2022-06-14 14:36:33.739601 (1.0, 100000.0, 28, 10.0, 0.3, 0.431, 2.0, 3) [0.02316777109863954 0.004099111890823942 0.7837923400008556] 5 16706.996419668198s
2022-06-14 14:39:24.293156 (1.0, 100000.0, 30, 10.0, 0.3, 0.441, 2.0, 3) [0.018748862788516358 0.002475271210822573 0.9267698648301366] 5 12952.754412174225s
2022-06-14 15:28:36.045650 (1.0, 100000.0, 29, 10.0, 0.3, 0.411, 2.0, 3) [0.026744226288613716 0.0028999178833270254 0.6433502798328636] 5 19998.420189380646s
2022-06-14 15:49:29.811512 (1.0, 100000.0, 30, 10.0, 0.3, 0.441, 2.0, 3) [0.02008623322726612 0.002325735339258944 0.8949438721647858] 5 23190.49669623375s
2022-06-14 16:23:30.558315 (1.0, 100000.0, 26, 10.0, 0.3, 0.411, 2.0, 3) [0.032442019257888456 0.001660146070363002 0.5756055559728133] 5 11107.401100635529s
2022-06-14 16:23:44.652895 (1.0, 100000.0, 27, 10.0, 0.3, 0.481, 2.0, 3) [0.018042759018378537 0.0017381341064843104 1.0788553749837693] 5 20197.8102414608s
2022-06-14 16:27:23.171134 (1.0, 100000.0, 27, 10.0, 0.3, 0.481, 2.0, 3) [0.01842522618397023 0.0011024001969356457 1.0906693145713622] 5 14589.820400714874s
2022-06-14 16:33:48.311968 (1.0, 100000.0, 25, 10.0, 0.3, 0.431, 2.0, 3) [0.030511015486468885 0.0017786126861090797 0.6662294512164402] 5 9884.09063577652s
2022-06-14 16:52:20.557725 (1.0, 100000.0, 28, 10.0, 0.3, 0.471, 2.0, 3) [0.017448745932966574 0.0013069619633024193 1.0551160650029057] 5 29470.600306034088s
2022-06-14 18:17:59.845549 (1.0, 100000.0, 30, 10.0, 0.3, 0.441, 2.0, 3) [0.018415333183632913 0.0016677719914923387 0.9203920981544693] 5 13115.550529718399s
2022-06-14 19:12:12.876227 (1.0, 100000.0, 25, 10.0, 0.3, 0.431, 2.0, 3) [0.028065162768741936 0.0018402330342160108 0.7134724875650296] 5 9504.561858177185s
2022-06-14 19:21:14.900336 (1.0, 100000.0, 26, 10.0, 0.3, 0.411, 2.0, 3) [0.03417006360899109 0.0015461286741414676 0.5429135529846895] 5 10664.322022676468s
2022-06-14 19:22:19.086622 (1.0, 100000.0, 28, 10.0, 0.3, 0.431, 2.0, 3) [0.024367994209305712 0.002048382491166868 0.7505684872606118] 5 17145.3409178257s
2022-06-14 20:12:47.234761 (1.0, 100000.0, 27, 10.0, 0.3, 0.481, 2.0, 3) [0.017293989136179654 0.0020295180951069064 1.103639060670652] 5 13524.060485124588s
2022-06-14 21:04:25.412889 (1.0, 100000.0, 29, 10.0, 0.3, 0.411, 2.0, 3) [0.02639288011666444 0.0016291235648338341 0.6525162000278685] 5 20149.35617876053s
2022-06-14 21:48:03.848900 (1.0, 100000.0, 25, 10.0, 0.3, 0.431, 2.0, 3) [0.030461788158784656 0.002922084202398964 0.6665040106153363] 5 9350.97040939331s
2022-06-14 21:56:56.697099 (1.0, 100000.0, 30, 10.0, 0.3, 0.441, 2.0, 3) [0.01816190232832507 0.0013567108862249145 0.9328597945126139] 5 13136.824810504913s
2022-06-14 21:59:58.043341 (1.0, 100000.0, 27, 10.0, 0.3, 0.481, 2.0, 3) [0.01708747221185346 0.0013181685742660579 1.1048809223355485] 5 20173.376452684402s
2022-06-14 22:19:44.458709 (1.0, 100000.0, 30, 10.0, 0.3, 0.441, 2.0, 3) [0.017754350428267115 0.001846723137605173 0.9461288824859903] 5 23414.64396262169s
2022-06-14 22:22:09.628089 (1.0, 100000.0, 26, 10.0, 0.3, 0.411, 2.0, 3) [0.033644237097010636 0.002615477861233309 0.5549313218521478] 5 10854.723198890686s
2022-06-14 23:23:00.247041 (1.0, 100000.0, 28, 10.0, 0.3, 0.471, 2.0, 3) [0.016387221215259578 0.0011566866878992485 1.077042822919448] 5 23439.685079336166s
2022-06-14 23:58:31.522785 (1.0, 100000.0, 27, 10.0, 0.3, 0.481, 2.0, 3) [0.01754415114977389 0.00156195916978523 1.0838872652393796] 5 13544.283641338348s
2022-06-15 00:04:26.341143 (1.0, 100000.0, 28, 10.0, 0.3, 0.431, 2.0, 3) [0.022256456284905222 0.002630247920874074 0.8017487319682439] 5 16927.241326332092s
2022-06-15 00:40:26.237740 (1.0, 100000.0, 25, 10.0, 0.3, 0.481, 2.0, 3) [0.020546876651360742 0.0018141079775889622 0.9962367539201455] 5 10337.003535032272s
2022-06-15 01:23:14.923907 (1.0, 100000.0, 26, 10.0, 0.3, 0.411, 2.0, 3) [0.03459415434837648 0.0018435276919864165 0.5406990895617512] 5 10865.290254354477s
2022-06-15 01:44:19.363438 (1.0, 100000.0, 30, 10.0, 0.3, 0.441, 2.0, 3) [0.01903953210951031 0.0025457693448141705 0.9181363631921202] 5 13642.66407084465s
2022-06-15 02:39:04.881287 (1.0, 100000.0, 29, 10.0, 0.3, 0.411, 2.0, 3) [0.02734222824526149 0.001831077414944898 0.629847962676486] 5 20079.454256772995s
2022-06-15 03:29:15.084655 (1.0, 100000.0, 25, 10.0, 0.3, 0.481, 2.0, 3) [0.019778661642192354 0.0019339601924670403 1.0183941556086504] 5 10128.844489574432s
2022-06-15 03:36:00.306031 (1.0, 100000.0, 27, 10.0, 0.3, 0.481, 2.0, 3) [0.01715222631671977 0.0015572088959463874 1.0993570017015082] 5 20162.25800013542s
2022-06-15 03:44:19.339460 (1.0, 100000.0, 27, 10.0, 0.3, 0.481, 2.0, 3) [0.01787787050554724 0.0014836497243816246 1.0845430352046619] 5 13547.813918352127s
2022-06-15 04:00:07.933136 (1.0, 100000.0, 26, 10.0, 0.3, 0.431, 2.0, 3) [0.02819650749789285 0.0012612934757591297 0.6925564191272464] 5 54687.02015686035s
2022-06-15 04:22:37.691977 (1.0, 100000.0, 26, 10.0, 0.3, 0.41, 2.0, 3) [0.034621435706984775 0.002680518511041503 0.534708791638778] 5 10758.793313026428s
2022-06-15 04:27:40.049849 (1.0, 100000.0, 25, 10.0, 0.3, 0.481, 2.0, 3) [0.019271910608737564 0.00166477322763687 1.0438658174757363] 5 86922.5805747509s
2022-06-15 04:47:46.290920 (1.0, 100000.0, 28, 10.0, 0.3, 0.431, 2.0, 3) [0.023535721781747263 0.0015853597931024341 0.7798342304992452] 5 16999.945670366287s
2022-06-15 04:48:59.135369 (1.0, 100000.0, 30, 10.0, 0.3, 0.411, 2.0, 3) [0.025250349722529146 0.0019230976309492795 0.6707081782391652] 5 23349.524622678757s
2022-06-15 05:24:57.483993 (1.0, 100000.0, 30, 10.0, 0.3, 0.441, 2.0, 3) [0.01887572147941245 0.0010128447266634468 0.9112086095968083] 5 13238.118362426758s
2022-06-15 05:52:33.258444 (1.0, 100000.0, 28, 10.0, 0.3, 0.471, 2.0, 3) [0.017304231065355707 0.0023048958186509404 1.0691314008124322] 5 23373.008799791336s
2022-06-15 06:47:16.314509 (1.0, 100000.0, 25, 10.0, 0.3, 0.481, 2.0, 3) [0.02127058485835285 0.0012506812880708521 1.000413446266384] 5 11881.225052595139s
2022-06-15 07:09:29.819681 (1.0, 100000.0, 26, 10.0, 0.3, 0.41, 2.0, 3) [0.03426760146301492 0.0018413845239388183 0.5442924457439372] 5 10012.12569975853s
2022-06-15 07:29:27.441342 (1.0, 100000.0, 27, 10.0, 0.3, 0.481, 2.0, 3) [0.01717515658804507 0.001630095470749955 1.1001154457883557] 5 13508.098891019821s
2022-06-15 08:12:18.602145 (1.0, 100000.0, 29, 10.0, 0.3, 0.411, 2.0, 3) [0.02555573533890471 0.0008652208120358987 0.6738426316367251] 5 19993.716173887253s
2022-06-15 09:01:23.911565 (1.0, 100000.0, 27, 10.0, 0.3, 0.481, 2.0, 3) [0.017677031095826502 0.0011030539604431648 1.0833765530927497] 5 19523.60284113884s
2022-06-15 09:19:34.499598 (1.0, 100000.0, 30, 10.0, 0.3, 0.451, 2.0, 3) [0.017003950213489858 0.0023515523384862935 1.0172191324391617] 5 14070.798288106918s
2022-06-15 09:30:39.887336 (1.0, 100000.0, 28, 10.0, 0.3, 0.431, 2.0, 3) [0.02393535582337271 0.00138050299449197 0.7727930208884765] 5 16973.590622663498s
2022-06-15 10:00:42.209684 (1.0, 100000.0, 26, 10.0, 0.3, 0.41, 2.0, 3) [0.03244870929619237 0.002382884435076707 0.5755743234918381] 5 10272.381066560745s
2022-06-15 10:03:05.553353 (1.0, 100000.0, 25, 10.0, 0.3, 0.481, 2.0, 3) [0.021843765807319598 0.001416357665337823 0.9906322412937233] 5 11749.233430862427s
2022-06-15 11:18:37.323461 (1.0, 100000.0, 30, 10.0, 0.3, 0.411, 2.0, 3) [0.02645623057238813 0.001627422154704783 0.641563243524593] 5 23378.17877292633s
2022-06-15 11:28:33.722359 (1.0, 100000.0, 27, 10.0, 0.3, 0.471, 2.0, 3) [0.019051238334127273 0.0018025128261106526 1.008582513731889] 5 14338.869678497314s
2022-06-15 12:37:28.543373 (1.0, 100000.0, 28, 10.0, 0.3, 0.471, 2.0, 3) [0.017321182634828534 0.0016760463289988267 1.0632428863064958] 5 24295.218274593353s
2022-06-15 12:50:47.322472 (1.0, 100000.0, 26, 10.0, 0.3, 0.41, 2.0, 3) [0.034092038740513704 0.001564240576792193 0.5421252317114921] 5 10205.106664180756s
2022-06-15 13:25:08.169044 (1.0, 100000.0, 25, 10.0, 0.3, 0.481, 2.0, 3) [0.021139984870966685 0.0029341172020633517 0.9996592077738607] 5 12122.480193376541s
2022-06-15 13:47:04.038321 (1.0, 100000.0, 29, 10.0, 0.3, 0.451, 2.0, 3) [0.02011420660413528 0.0011453744632527378 0.9265423144387183] 5 20076.153196573257s
2022-06-15 14:13:32.561361 (1.0, 100000.0, 28, 10.0, 0.3, 0.481, 2.0, 3) [0.01447589376697264 0.0016721948431818014 1.1822997022463697] 5 16967.68957710266s
2022-06-15 14:27:11.273520 (1.0, 100000.0, 27, 10.0, 0.3, 0.411, 2.0, 3) [0.03086783343372295 0.0032125374876306955 0.5886854109265791] 5 19542.721749305725s
2022-06-15 15:25:45.637320 (1.0, 100000.0, 27, 10.0, 0.3, 0.471, 2.0, 3) [0.018458124353359973 0.0018058933855260005 1.0320028191584931] 5 14231.911067962646s
2022-06-15 15:44:35.835565 (1.0, 100000.0, 26, 10.0, 0.3, 0.41, 2.0, 3) [0.035898497076284 0.002803460165271343 0.5051457031833028] 5 10428.510351657867s
2022-06-15 17:46:43.645738 (1.0, 100000.0, 30, 10.0, 0.3, 0.411, 2.0, 3) [0.025708447869120927 0.001953981289859695 0.6528727131610768] 5 23286.29128265381s
2022-06-15 18:42:15.434298 (1.0, 100000.0, 26, 10.0, 0.3, 0.431, 2.0, 3) [0.0279914077301306 0.001894910685916793 0.7062615808102942] 5 10653.486112833023s
2022-06-15 18:53:21.406563 (1.0, 100000.0, 28, 10.0, 0.3, 0.481, 2.0, 3) [0.01602776368311261 0.0029370409630943423 1.1390717274230269] 5 16788.841091632843s
2022-06-15 19:09:32.218200 (1.0, 100000.0, 28, 10.0, 0.3, 0.491, 2.0, 3) [0.014674429526056321 0.0015002992443623366 1.2294176344218586] 5 23509.574216604233s
2022-06-15 19:21:42.530345 (1.0, 100000.0, 29, 10.0, 0.3, 0.451, 2.0, 3) [0.01856671699944594 0.0018982365134328294 0.9603797622369138] 5 20078.489090919495s
2022-06-15 19:21:43.212190 (1.0, 100000.0, 27, 10.0, 0.3, 0.471, 2.0, 3) [0.01829520636835586 0.0013961402856881172 1.042767388105938] 5 14157.557041883469s
2022-06-15 19:52:27.176394 (1.0, 100000.0, 27, 10.0, 0.3, 0.411, 2.0, 3) [0.03087865944937702 0.002049761290483126 0.589716834886755] 5 19515.90054011345s
2022-06-15 21:38:41.195145 (1.0, 100000.0, 26, 10.0, 0.3, 0.431, 2.0, 3) [0.026759680178606585 0.0029368951110885855 0.7252189116568655] 5 10585.758303642273s
2022-06-15 22:09:31.628409 (1.0, 100000.0, 26, 10.0, 0.3, 0.431, 2.0, 3) [0.028276896781192214 0.0022482704722387365 0.693679558678662] 5 65363.67791223526s
2022-06-15 23:16:46.689910 (1.0, 100000.0, 27, 10.0, 0.3, 0.471, 2.0, 3) [0.019646093685263776 0.003810309654207421 1.012993635811133] 5 14103.475526571274s
2022-06-15 23:33:02.169111 (1.0, 100000.0, 28, 10.0, 0.3, 0.481, 2.0, 3) [0.016551759576927894 0.0017480102922566502 1.1170024664328748] 5 16780.75972366333s
2022-06-16 00:13:11.324108 (1.0, 100000.0, 30, 10.0, 0.3, 0.411, 2.0, 3) [0.025476950889715706 0.0015064506234467828 0.6625836795795371] 5 23187.654663562775s
2022-06-16 00:36:02.380038 (1.0, 100000.0, 26, 10.0, 0.3, 0.431, 2.0, 3) [0.029264078373625768 0.0019392324529366118 0.6693044401432537] 5 10641.18206858635s
2022-06-16 00:56:47.583687 (1.0, 100000.0, 29, 10.0, 0.3, 0.451, 2.0, 3) [0.018976227217327175 0.0014244473835181516 0.9492859314685924] 5 20105.048355340958s
2022-06-16 01:22:17.320805 (1.0, 100000.0, 27, 10.0, 0.3, 0.411, 2.0, 3) [0.03144847438053141 0.0019673399030029244 0.5769872532462621] 5 19790.142056703568s
2022-06-16 03:11:37.371426 (1.0, 100000.0, 27, 10.0, 0.3, 0.471, 2.0, 3) [0.020646588586888868 0.0027272901241440707 0.9766713209342118] 5 14090.67858338356s
2022-06-16 03:31:41.057506 (1.0, 100000.0, 26, 10.0, 0.3, 0.431, 2.0, 3) [0.028195315239636063 0.0015971165631303147 0.69814020376637] 5 10538.674721717834s
2022-06-16 04:12:43.645298 (1.0, 100000.0, 28, 10.0, 0.3, 0.481, 2.0, 3) [0.016869506781024685 0.001553868023729382 1.1397745847403116] 5 16781.47330570221s
2022-06-16 05:09:40.485063 (1.0, 100000.0, 28, 10.0, 0.3, 0.491, 2.0, 3) [0.015073839733289287 0.0014692911368681869 1.192750615151327] 5 36008.26456832886s
2022-06-16 05:40:32.406219 (1.0, 100000.0, 30, 10.0, 0.3, 0.451, 2.0, 3) [0.016706360635022222 0.001673129277106801 1.0222953391747769] 5 73257.87496089935s
2022-06-16 06:23:27.500511 (1.0, 100000.0, 26, 10.0, 0.3, 0.431, 2.0, 3) [0.02774734522613274 0.0012597210210780997 0.7034935211837824] 5 10306.439737558365s
2022-06-16 06:31:43.130306 (1.0, 100000.0, 29, 10.0, 0.3, 0.451, 2.0, 3) [0.017855987443341662 0.0021025074782168008 0.9828833922235599] 5 20095.54344010353s
2022-06-16 06:39:40.541495 (1.0, 100000.0, 30, 10.0, 0.3, 0.411, 2.0, 3) [0.023737611647063103 0.0014598177102841008 0.7089946036547039] 5 23189.212849855423s
2022-06-16 06:56:52.439073 (1.0, 100000.0, 27, 10.0, 0.3, 0.411, 2.0, 3) [0.0297712997803167 0.0028512994159197373 0.6086116731193972] 5 20075.115739107132s
2022-06-16 07:12:04.457467 (1.0, 100000.0, 27, 10.0, 0.3, 0.441, 2.0, 3) [0.025588726396005772 0.002072067608343421 0.7639058134845729] 5 14423.21568608284s
2022-06-16 08:53:58.156780 (1.0, 100000.0, 28, 10.0, 0.3, 0.481, 2.0, 3) [0.016591910868588806 0.001461180289468329 1.1305534408949587] 5 16874.50885772705s
2022-06-16 09:17:35.457568 (1.0, 100000.0, 30, 10.0, 0.3, 0.451, 2.0, 3) [0.017111488790691024 0.002148980186094611 1.0139425133560551] 5 13023.02674126625s
2022-06-16 11:12:42.218009 (1.0, 100000.0, 27, 10.0, 0.3, 0.441, 2.0, 3) [0.02348104405260531 0.0012503026830130196 0.8032177953928283] 5 14437.758160591125s
2022-06-16 12:05:31.462182 (1.0, 100000.0, 29, 10.0, 0.3, 0.451, 2.0, 3) [0.019042536243254582 0.0019039117293006733 0.9443254375450341] 5 20028.315328359604s
2022-06-16 15:14:19.488874 (1.0, 100000.0, 27, 10.0, 0.3, 0.441, 2.0, 3) [0.022271856608451497 0.003059090317391711 0.8305985785994248] 5 14497.232813596725s
2022-06-16 15:14:19.896954 (1.0, 100000.0, 30, 10.0, 0.3, 0.421, 2.0, 3) [0.02165918395395112 0.0015924087150835668 0.7788549991174835] 5 30874.80655694008s
2022-06-16 15:14:19.901084 (1.0, 100000.0, 28, 10.0, 0.3, 0.461, 2.0, 3) [0.018810858938923 0.0006400779614041669 0.9850421590584083] 5 22815.592032670975s
2022-06-16 12:56:12.191550 (1.0, 100000.0, 30, 10.0, 0.3, 0.451, 2.0, 3) [0.01704961096004882 0.0023990744749693253 1.005159728192865] 5 13116.73097395897s
4s
2022-06-16 15:10:00.854706 (1.0, 100000.0, 28, 10.0, 0.3, 0.491, 2.0, 3) [0.01610251409495644 0.0013682044635323647 1.2064418431544437] 5 36020.36453270912s
2022-06-16 16:09:22.168022 (1.0, 100000.0, 29, 10.0, 0.3, 0.41, 2.0, 3) [0.02628263848076955 0.0023217488244194726 0.6539441573897492] 5 191433.2111093998s
2022-06-16 17:16:27.009925 (1.0, 100000.0, 26, 10.0, 0.3, 0.431, 2.0, 3) [0.027293181639902814 0.0032373998924177427 0.7120390678964106] 5 68815.3578927517s
2022-06-16 17:21:08.420715 (1.0, 100000.0, 29, 10.0, 0.3, 0.491, 2.0, 3) [0.013164852071987044 0.0010753239026703302 1.2590351069590682] 5 18926.558149814606s
2022-06-16 18:57:31.962096 (1.0, 100000.0, 30, 10.0, 0.3, 0.451, 2.0, 3) [0.017151294594452037 0.0013917712315170382 1.0018893699974785] 5 13302.461524486542s
2022-06-16 19:06:15.656661 (1.0, 100000.0, 27, 10.0, 0.3, 0.441, 2.0, 3) [0.023649257436813124 0.001540368432620823 0.8110496676646818] 5 13829.284113645554s
2022-06-16 19:52:27.549346 (1.0, 100000.0, 28, 10.0, 0.3, 0.461, 2.0, 3) [0.01903287755378112 0.0020273316949013477 0.9742003638553574] 5 16600.998309373856s
2022-06-16 20:55:33.390978 (1.0, 100000.0, 27, 10.0, 0.3, 0.41, 2.0, 3) [0.03124101999761279 0.0020143162936546275 0.5761858030494795] 5 20366.303875684738s
2022-06-16 21:39:33.319535 (1.0, 100000.0, 30, 10.0, 0.3, 0.421, 2.0, 3) [0.021042673144566173 0.003803523467391405 0.7991623588829474] 5 23026.768120527267s
2022-06-16 22:40:54.101470 (1.0, 100000.0, 30, 10.0, 0.3, 0.471, 2.0, 3) [0.015562537991491876 0.0008910380654965386 1.1275809159712329] 5 13393.071124076843s
2022-06-16 22:48:45.168847 (1.0, 100000.0, 29, 10.0, 0.3, 0.491, 2.0, 3) [0.013357120488853479 0.0010851526719912784 1.2658262065003294] 5 19656.745849847794s
2022-06-16 23:02:26.626976 (1.0, 100000.0, 27, 10.0, 0.3, 0.441, 2.0, 3) [0.022755907031044062 0.002340026087480669 0.8307725899927779] 5 14170.963864326477s
2022-06-16 23:02:55.641867 (1.0, 100000.0, 26, 10.0, 0.3, 0.451, 2.0, 3) [0.024062808377964668 0.002203660942710077 0.835439590080152] 5 20758.148415088654s
2022-06-17 00:33:16.922021 (1.0, 100000.0, 28, 10.0, 0.3, 0.461, 2.0, 3) [0.018711418368350302 0.002365200923540909 1.005006525310007] 5 16849.33127474785s
2022-06-17 02:26:13.426517 (1.0, 100000.0, 30, 10.0, 0.3, 0.471, 2.0, 3) [0.015076066959807156 0.0015532120843691365 1.140017273175882] 5 13519.323159694672s
2022-06-17 03:00:27.790856 (1.0, 100000.0, 27, 10.0, 0.3, 0.451, 2.0, 3) [0.02143640957417086 0.0015950302569620691 0.8882003754902446] 5 14273.437988996506s
2022-06-17 03:07:32.644415 (1.0, 100000.0, 26, 10.0, 0.3, 0.451, 2.0, 3) [0.02362107520432736 0.0013395173662417244 0.8391382590676046] 5 14676.851466178894s
2022-06-17 04:09:57.463895 (1.0, 100000.0, 30, 10.0, 0.3, 0.421, 2.0, 3) [0.02281685434686335 0.0010737455756286705 0.7508318633667825] 5 23424.141735315323s
2022-06-17 04:20:09.634484 (1.0, 100000.0, 29, 10.0, 0.3, 0.491, 2.0, 3) [0.014088859786702889 0.0018269023692194576 1.262982447882004] 5 19884.462817907333s
2022-06-17 05:14:28.072251 (1.0, 100000.0, 28, 10.0, 0.3, 0.461, 2.0, 3) [0.018315004309907595 0.001962589022362279 0.9867724420178541] 5 16871.146718978882s
2022-06-17 06:11:10.073155 (1.0, 100000.0, 30, 10.0, 0.3, 0.471, 2.0, 3) [0.014852521596091753 0.0013772216835184598 1.1358372781098256] 5 13496.64454126358s
2022-06-17 06:48:24.865731 (1.0, 100000.0, 25, 10.0, 0.3, 0.481, 2.0, 3) [0.02014510834058896 0.003092012391892713 1.014279682569191] 5 181244.81263899803s
2022-06-17 06:54:43.583029 (1.0, 100000.0, 26, 10.0, 0.3, 0.451, 2.0, 3) [0.024163641246847875 0.0015442219444931089 0.8293947067559098] 5 13630.933686971664s
2022-06-17 06:54:55.718956 (1.0, 100000.0, 27, 10.0, 0.3, 0.451, 2.0, 3) [0.020770471964644936 0.0028178923392180593 0.8994636973536376] 5 14067.925361156464s
2022-06-17 09:51:26.706799 (1.0, 100000.0, 29, 10.0, 0.3, 0.491, 2.0, 3) [0.015779417304130364 0.0010354112476659485 1.2158423398128022] 5 19877.06964659691s
2022-06-17 09:51:43.328373 (1.0, 100000.0, 28, 10.0, 0.3, 0.461, 2.0, 3) [0.01974697508840338 0.0013757285379100632 0.9583834274919565] 5 16635.253632307053s
2022-06-17 09:56:13.553213 (1.0, 100000.0, 30, 10.0, 0.3, 0.471, 2.0, 3) [0.01590176064800317 0.0013673807502027424 1.1062796242415571] 5 13503.477702617645s
2022-06-17 10:34:25.109748 (1.0, 100000.0, 30, 10.0, 0.3, 0.421, 2.0, 3) [0.02238982543839112 0.0010528189582399334 0.7530772869988694] 5 23067.642761468887s
2022-06-17 10:45:05.858629 (1.0, 100000.0, 26, 10.0, 0.3, 0.451, 2.0, 3) [0.022724093416567816 0.0010913284254108638 0.8594080148596893] 5 13822.271322727203s
2022-06-17 10:49:17.400736 (1.0, 100000.0, 27, 10.0, 0.3, 0.451, 2.0, 3) [0.022724184264762227 0.0013663606446853527 0.8624215814100514] 5 14061.678947925568s
2022-06-17 13:54:27.738759 (1.0, 100000.0, 30, 10.0, 0.3, 0.471, 2.0, 3) [0.013760866951161015 0.001011445442117984 1.1737076426914608] 5 14294.142803668976s
2022-06-17 14:32:35.642697 (1.0, 100000.0, 28, 10.0, 0.3, 0.41, 2.0, 3) [0.029940567726481054 0.0012846788491792595 0.5891439841855829] 5 16828.73654270172s
2022-06-17 14:43:53.241202 (1.0, 100000.0, 27, 10.0, 0.3, 0.451, 2.0, 3) [0.02203501491167877 0.0020979410172596536 0.8774951280599868] 5 14075.837647914886s
2022-06-17 15:26:04.256623 (1.0, 100000.0, 29, 10.0, 0.3, 0.491, 2.0, 3) [0.014566462494430124 0.001296174529546466 1.2359246285786338] 5 20077.54660320282s
2022-06-17 16:24:33.567464 (1.0, 100000.0, 26, 10.0, 0.3, 0.451, 2.0, 3) [0.023069696111697555 0.0026526180052497197 0.8510683752670917] 5 20367.274408102036s
2022-06-17 17:01:39.457235 (1.0, 100000.0, 30, 10.0, 0.3, 0.421, 2.0, 3) [0.023353680654198426 0.001212444128336225 0.7382480998439475] 5 23234.329869031906s
2022-06-17 17:42:31.270347 (1.0, 100000.0, 25, 10.0, 0.3, 0.451, 2.0, 3) [0.026263418966285427 0.0014228783289330158 0.7968953439451062] 5 16079.042789936066s
2022-06-17 17:50:04.617479 (1.0, 100000.0, 30, 10.0, 0.3, 0.421, 2.0, 3) [0.02356503361847689 0.0013778455179124542 0.7287874216396696] 5 14131.077683448792s
2022-06-17 18:43:05.248173 (1.0, 100000.0, 27, 10.0, 0.3, 0.451, 2.0, 3) [0.021508404968347355 0.001950284776461535 0.8868460925199976] 5 14352.002277374268s
2022-06-17 19:02:07.791812 (1.0, 100000.0, 28, 10.0, 0.3, 0.41, 2.0, 3) [0.028654427687526112 0.002972764545098217 0.6152980245372187] 5 16172.138845443726s
2022-06-17 21:00:47.192183 (1.0, 100000.0, 29, 10.0, 0.3, 0.471, 2.0, 3) [0.0159413336763992 0.0027499530623246293 1.0946288380699296] 5 20074.61329293251s
2022-06-17 21:31:54.344626 (1.0, 100000.0, 30, 10.0, 0.3, 0.421, 2.0, 3) [0.02252817800282847 0.001570360600025557 0.7576366592522975] 5 13309.725511312485s
2022-06-17 22:09:31.492215 (1.0, 100000.0, 25, 10.0, 0.3, 0.451, 2.0, 3) [0.026460946282222012 0.00116496845826723 0.7893865207623286] 5 16020.219571590424s
2022-06-17 23:26:32.082140 (1.0, 100000.0, 28, 10.0, 0.3, 0.41, 2.0, 3) [0.02682398269396961 0.0024997566940894926 0.6606791881340397] 5 15864.27115368843s
2022-06-17 23:27:01.943010 (1.0, 100000.0, 30, 10.0, 0.3, 0.431, 2.0, 3) [0.02199442239430892 0.0018211477855731978 0.7947815579781702] 5 23114.90314912796s
2022-06-18 01:13:43.560488 (1.0, 100000.0, 30, 10.0, 0.3, 0.421, 2.0, 3) [0.022327632348991995 0.002476118777783585 0.7709963333855109] 5 13309.213718891144s
2022-06-18 01:17:50.754580 (1.0, 100000.0, 26, 10.0, 0.3, 0.491, 2.0, 3) [0.017466812289960085 0.001448354749742951 1.1024244569161574] 5 31977.551825761795s
2022-06-18 02:28:54.458500 (1.0, 100000.0, 29, 10.0, 0.3, 0.471, 2.0, 3) [0.01568799694707826 0.0013066714602324185 1.1296714340405714] 5 19687.26391863823s
2022-06-18 03:02:13.640384 (1.0, 100000.0, 25, 10.0, 0.3, 0.451, 2.0, 3) [0.026576126644384516 0.0020402886975853154 0.7973987840660197] 5 17562.14536547661s
2022-06-18 03:50:42.319817 (1.0, 100000.0, 28, 10.0, 0.3, 0.41, 2.0, 3) [0.030477697515472704 0.0013376333697864686 0.5780683631181605] 5 15850.152878761292s
2022-06-18 04:55:28.037534 (1.0, 100000.0, 30, 10.0, 0.3, 0.421, 2.0, 3) [0.023121915396241487 0.0023593519520368725 0.752529228679983] 5 13304.456936836243s
2022-06-18 05:47:15.608465 (1.0, 100000.0, 30, 10.0, 0.3, 0.431, 2.0, 3) [0.019685786769740872 0.002616733050134386 0.8563590591828658] 5 22813.660913944244s
2022-06-18 07:38:02.592420 (1.0, 100000.0, 25, 10.0, 0.3, 0.451, 2.0, 3) [0.025099948671252665 0.001888632975193822 0.8178013689719572] 5 16548.949609041214s
2022-06-18 07:39:59.199517 (1.0, 100000.0, 26, 10.0, 0.3, 0.491, 2.0, 3) [0.017857723315676914 0.003433128439089623 1.124737431140826] 5 22926.56224822998s
2022-06-18 07:56:40.920380 (1.0, 100000.0, 29, 10.0, 0.3, 0.471, 2.0, 3) [0.01622915733070029 0.0019020515403531959 1.0896701826080788] 5 19666.43874502182s
2022-06-18 08:14:57.267248 (1.0, 100000.0, 28, 10.0, 0.3, 0.41, 2.0, 3) [0.029306294800988092 0.00248736612700615 0.6028222865900815] 5 15854.944450616837s
2022-06-18 08:36:28.487985 (1.0, 100000.0, 30, 10.0, 0.3, 0.421, 2.0, 3) [0.022500232781728795 0.0012056837071839283 0.7583792577744976] 5 13260.448294401169s
2022-06-18 12:07:12.820652 (1.0, 100000.0, 30, 10.0, 0.3, 0.431, 2.0, 3) [0.01997872385341872 0.001978293363660325 0.8461525321766961] 5 22797.19624018669s
2022-06-18 12:27:45.344474 (1.0, 100000.0, 26, 10.0, 0.3, 0.491, 2.0, 3) [0.018407374545912115 0.0008490959300363146 1.1076056744944134] 5 17266.13839697838s
2022-06-18 12:51:18.894101 (1.0, 100000.0, 28, 10.0, 0.3, 0.411, 2.0, 3) [0.02773063480974399 0.0023174739784301342 0.6389649456973129] 5 16571.693830490112s
2022-06-18 13:00:35.060688 (1.0, 100000.0, 25, 10.0, 0.3, 0.451, 2.0, 3) [0.02538904237043492 0.001977676303291654 0.8237058447521418] 5 19352.431099891663s
2022-06-18 13:23:47.649032 (1.0, 100000.0, 29, 10.0, 0.3, 0.471, 2.0, 3) [0.017292613102136353 0.0014265068082327161 1.0806495539737209] 5 19626.725320100784s
2022-06-18 17:27:05.331939 (1.0, 100000.0, 28, 10.0, 0.3, 0.411, 2.0, 3) [0.029825469595042186 0.001960697012796722 0.5936081083027421] 5 16546.435319423676s
2022-06-18 17:57:23.836387 (1.0, 100000.0, 26, 10.0, 0.3, 0.491, 2.0, 3) [0.018547619015337614 0.001820432975035988 1.1092329476827782] 5 19778.48921942711s
2022-06-18 17:58:53.787971 (1.0, 100000.0, 25, 10.0, 0.3, 0.471, 2.0, 3) [0.020125649675869425 0.0016984298068482189 0.9795413986849172] 5 17893.436447620392s
2022-06-18 18:26:24.710067 (1.0, 100000.0, 30, 10.0, 0.3, 0.431, 2.0, 3) [0.019365466496934748 0.001836390971415888 0.8624236814453342] 5 22751.86431336403s
2022-06-18 18:50:40.127616 (1.0, 100000.0, 29, 10.0, 0.3, 0.471, 2.0, 3) [0.016481693071143364 0.0015605249983982276 1.0959558021834206] 5 19612.473993062973s
2022-06-18 22:02:19.830791 (1.0, 100000.0, 28, 10.0, 0.3, 0.411, 2.0, 3) [0.028689616204395134 0.0023181742089134075 0.6233938521087599] 5 16514.495802640915s
2022-06-19 00:07:18.049980 (1.0, 100000.0, 25, 10.0, 0.3, 0.471, 2.0, 3) [0.021881545260739307 0.002094732203129302 0.9494445815166797] 5 22104.25673007965s
2022-06-19 00:13:14.623838 (1.0, 100000.0, 29, 10.0, 0.3, 0.481, 2.0, 3) [0.013296944074449623 0.0018305570535536873 1.2018445646373508] 5 19346.78289628029s
2022-06-19 00:45:10.849160 (1.0, 100000.0, 30, 10.0, 0.3, 0.431, 2.0, 3) [0.020625148689873408 0.0020981170820592414 0.8379381277207412] 5 22726.135729551315s
2022-06-19 02:07:00.478052 (1.0, 100000.0, 26, 10.0, 0.3, 0.491, 2.0, 3) [0.017805951879767086 0.0012915658593296937 1.1259417650645724] 5 29376.63892030716s
2022-06-19 02:37:18.782804 (1.0, 100000.0, 28, 10.0, 0.3, 0.411, 2.0, 3) [0.029022500146176695 0.0015004636482156058 0.6123214837148436] 5 16498.948465824127s
2022-06-19 04:44:15.626110 (1.0, 100000.0, 25, 10.0, 0.3, 0.471, 2.0, 3) [0.022269206262984016 0.001804980343043661 0.9428592050713764] 5 16617.57180261612s
2022-06-19 05:35:14.780785 (1.0, 100000.0, 29, 10.0, 0.3, 0.481, 2.0, 3) [0.014456940330329448 0.002311611508448804 1.1849759637850596] 5 19320.15477156639s
2022-06-19 07:01:44.224341 (1.0, 100000.0, 30, 10.0, 0.3, 0.461, 2.0, 3) [0.017237742376977547 0.001522861542277976 1.0360193675033031] 5 22588.783535957336s
2022-06-19 07:09:34.639806 (1.0, 100000.0, 28, 10.0, 0.3, 0.411, 2.0, 3) [0.028954230503983883 0.0023648458382522454 0.6155844662798229] 5 16335.849460601807s
2022-06-19 10:43:46.473546 (1.0, 100000.0, 29, 10.0, 0.3, 0.481, 2.0, 3) [0.015151494299288432 0.0019794826845329237 1.1587668972531187] 5 18511.6862680912s
2022-06-19 12:50:46.782626 (1.0, 100000.0, 25, 10.0, 0.3, 0.471, 2.0, 3) [0.021947115029431592 0.002480436397076985 0.956318376950727] 5 29191.153931617737s
2022-06-19 13:00:41.546436 (1.0, 100000.0, 30, 10.0, 0.3, 0.461, 2.0, 3) [0.01689217028041356 0.0017743187842370154 1.0549318770664038] 5 21537.319007873535s
2022-06-19 14:33:52.741517 (1.0, 100000.0, 26, 10.0, 0.3, 0.421, 2.0, 3) [0.0326160985694441 0.001470247009174863 0.587885868479251] 5 44807.76799249649s
2022-06-19 15:48:46.610435 (1.0, 100000.0, 29, 10.0, 0.3, 0.481, 2.0, 3) [0.015381186755691528 0.0012512752957536115 1.1814574126524082] 5 18300.134359121323s
2022-06-19 16:52:42.407091 (1.0, 100000.0, 25, 10.0, 0.3, 0.471, 2.0, 3) [0.021687049418848567 0.0019182114910697387 0.9364895154700544] 5 14515.62186574936s
2022-06-19 19:49:26.038245 (1.0, 100000.0, 26, 10.0, 0.3, 0.421, 2.0, 3) [0.02953881093870722 0.0017147336714430095 0.65918327806691] 5 18933.29409980774s
2022-06-19 21:50:28.990483 (1.0, 100000.0, 25, 10.0, 0.3, 0.441, 2.0, 3) [0.029749577880083485 0.002227302771342524 0.7072468975228201] 5 17862.029841423035s
2022-06-20 02:35:10.473103 (1.0, 100000.0, 25, 10.0, 0.3, 0.441, 2.0, 3) [0.027533830263270137 0.0017209902816131281 0.742626772011931] 5 17081.480360507965s
2022-06-20 08:56:18.036283 (1.0, 100000.0, 25, 10.0, 0.3, 0.441, 2.0, 3) [0.02745501446224607 0.0018825414162021597 0.7434566003966677] 5 22867.55809020996s
2022-06-20 15:34:14.760897 (1.0, 100000.0, 25, 10.0, 0.3, 0.441, 2.0, 3) [0.02808011904813674 0.0015971817573929615 0.7341412045289809] 5 23876.720536470413s
2022-06-20 22:47:42.252520 (1.0, 100000.0, 25, 10.0, 0.3, 0.441, 2.0, 3) [0.026418062192150718 0.0023941743661378806 0.7718793136495744] 5 26007.48921060562s
2022-06-21 05:13:01.537730 (1.0, 100000.0, 25, 10.0, 0.3, 0.431, 2.0, 3) [0.031015971170522162 0.0017358623363089528 0.6552955098008191] 5 23112.421624183655s
2022-06-21 09:21:01.397138 (1.0, 100000.0, 25, 10.0, 0.3, 0.431, 2.0, 3) [0.028498193612059332 0.0022355929666097647 0.7031316672492771] 5 14879.835322618484s
2022-06-21 13:08:50.296447 (1.0, 100000.0, 25, 10.0, 0.3, 0.431, 2.0, 3) [0.03185993884841466 0.001570476505100142 0.6387304872704559] 5 13668.896781921387s
2022-06-21 16:45:55.611453 (1.0, 100000.0, 25, 10.0, 0.3, 0.431, 2.0, 3) [0.03057538584068968 0.0016012481486561195 0.6604408522114167] 5 13025.31253528595s
2022-06-21 20:23:27.569382 (1.0, 100000.0, 25, 10.0, 0.3, 0.431, 2.0, 3) [0.030733237562950506 0.002385642649760291 0.6577873011311446] 5 13051.955236911774s
2022-06-22 00:13:17.768151 (1.0, 100000.0, 25, 10.0, 0.3, 0.411, 2.0, 3) [0.0356391430434162 0.0013106823127247496 0.5366693994235575] 5 13783.498659133911s
2022-06-22 03:56:41.968851 (1.0, 100000.0, 25, 10.0, 0.3, 0.411, 2.0, 3) [0.0352344741380235 0.0023653342083900753 0.5434896342865241] 5 13404.198655366898s
2022-06-22 07:41:52.420927 (1.0, 100000.0, 25, 10.0, 0.3, 0.411, 2.0, 3) [0.03682043781448142 0.002580407999731922 0.5182660341636145] 5 13510.449277639389s
2022-06-22 11:28:51.219507 (1.0, 100000.0, 25, 10.0, 0.3, 0.411, 2.0, 3) [0.03552202488862606 0.0021661361257027853 0.538303462646769] 5 13618.796342611313s
2022-06-22 15:14:41.657339 (1.0, 100000.0, 25, 10.0, 0.3, 0.411, 2.0, 3) [0.03663990439794908 0.002261636828799233 0.5188579858011331] 5 13550.435349941254s
2022-06-22 18:58:20.189704 (1.0, 100000.0, 25, 10.0, 0.3, 0.461, 2.0, 3) [0.024052856183843195 0.0014242659247965552 0.8755314616197671] 5 13413.520128250122s
2022-06-22 22:40:18.445643 (1.0, 100000.0, 25, 10.0, 0.3, 0.461, 2.0, 3) [0.021783419511193065 0.0017183227024067588 0.9130740551668117] 5 13318.229430675507s
2022-06-23 02:20:10.512143 (1.0, 100000.0, 25, 10.0, 0.3, 0.461, 2.0, 3) [0.02429124174076704 0.0029717685365083526 0.8630130442044704] 5 13192.0388610363s
2022-06-23 06:01:00.842003 (1.0, 100000.0, 25, 10.0, 0.3, 0.461, 2.0, 3) [0.025711428179675748 0.0013370292969763914 0.835550575895367] 5 13250.305629730225s
2022-06-23 09:43:13.806906 (1.0, 100000.0, 25, 10.0, 0.3, 0.461, 2.0, 3) [0.02330632829405073 0.0017694253463821977 0.8874974090971672] 5 13332.935954093933s
2022-06-23 13:30:29.661659 (1.0, 100000.0, 25, 10.0, 0.3, 0.481, 2.0, 3) [0.02138011652668156 0.0011892537987895511 0.9961980326939829] 5 13632.408170700073s
2022-06-23 14:25:01.155713 (1.0, 100000.0, 28, 10.0, 0.3, 0.491, 2.0, 3) [0.016109690538447557 0.001639022987234881 1.1776597924963967] 5 601751.6003654003s
2022-06-23 16:39:40.455954 (1.0, 100000.0, 27, 10.0, 0.3, 0.41, 2.0, 3) [0.030821625678881123 0.0034755040999230238 0.5893880001926491] 5 589447.0627038479s
2022-06-23 17:18:12.718245 (1.0, 100000.0, 25, 10.0, 0.3, 0.481, 2.0, 3) [0.020388650451932968 0.0017027805849621008 1.022091641265566] 5 13663.054549694061s
2022-06-23 21:35:36.910622 (1.0, 100000.0, 25, 10.0, 0.3, 0.481, 2.0, 3) [0.01938433182430621 0.0013778448519325402 1.037236153844963] 5 15444.190108060837s
2022-06-23 21:44:36.019523 (1.0, 100000.0, 28, 10.0, 0.3, 0.491, 2.0, 3) [0.0169817974067276 0.0017186082364832992 1.1404946883995852] 5 26374.77028775215s
2022-06-23 22:12:13.640783 (1.0, 100000.0, 27, 10.0, 0.3, 0.41, 2.0, 3) [0.02971630734987736 0.0030533040308590386 0.606298703272554] 5 19953.182564020157s
2022-06-24 02:22:39.412304 (1.0, 100000.0, 25, 10.0, 0.3, 0.481, 2.0, 3) [0.020632144535217917 0.00148558533541629 1.0022974931570703] 5 17222.477343797684s
2022-06-24 03:44:56.885237 (1.0, 100000.0, 27, 10.0, 0.3, 0.41, 2.0, 3) [0.03060960976100037 0.0019817277612708736 0.5923574332500842] 5 19963.24231982231s
2022-06-24 05:14:19.239936 (1.0, 100000.0, 28, 10.0, 0.3, 0.461, 2.0, 3) [0.01769276713350381 0.0012808721186344765 1.0052023251270827] 5 26978.708338022232s
2022-06-24 06:56:35.027327 (1.0, 100000.0, 25, 10.0, 0.3, 0.481, 2.0, 3) [0.020048708263044664 0.0014212923032006202 1.0131552061554936] 5 16435.58629798889s
2022-06-24 09:16:05.991246 (1.0, 100000.0, 27, 10.0, 0.3, 0.41, 2.0, 3) [0.032716860868725474 0.0018161589252974643 0.5513694121763343] 5 19869.080992937088s
2022-06-24 11:32:47.882924 (1.0, 100000.0, 25, 10.0, 0.3, 0.421, 2.0, 3) [0.03146227722497006 0.0024636421559276725 0.6298359959993832] 5 16568.860649824142s
2022-06-24 14:45:53.434880 (1.0, 100000.0, 29, 10.0, 0.3, 0.421, 2.0, 3) [0.023268755938833867 0.002119432777590243 0.7508973707715219] 5 686164.6215000153s
2022-06-24 14:52:57.931127 (1.0, 100000.0, 27, 10.0, 0.3, 0.491, 2.0, 3) [0.01538404054166252 0.0008904843672127653 1.180978989673273] 5 20207.86904168129s
2022-06-24 15:40:14.178388 (1.0, 100000.0, 25, 10.0, 0.3, 0.421, 2.0, 3) [0.03134470044137168 0.001986468259842933 0.6266823445970333] 5 14846.267168045044s
2022-06-24 19:58:45.710563 (1.0, 100000.0, 25, 10.0, 0.3, 0.421, 2.0, 3) [0.03161445801862192 0.002493623061682579 0.6251708331660082] 5 15511.52961730957s
2022-06-24 20:25:32.935135 (1.0, 100000.0, 27, 10.0, 0.3, 0.491, 2.0, 3) [0.015807201663664165 0.0012068066959459553 1.1878004023290618] 5 19955.00183558464s
2022-06-24 20:38:37.229004 (1.0, 100000.0, 28, 10.0, 0.3, 0.461, 2.0, 3) [0.019247566030500776 0.0016780197378786679 0.9711239876314502] 5 55457.98696613312s
2022-06-24 23:54:36.326472 (1.0, 100000.0, 25, 10.0, 0.3, 0.421, 2.0, 3) [0.03351326299216623 0.002134890418425337 0.590457845693495] 5 14150.590923070908s
2022-06-25 02:04:40.731015 (1.0, 100000.0, 27, 10.0, 0.3, 0.491, 2.0, 3) [0.016046057614879844 0.0019858732549925527 1.180745634442079] 5 20347.79328393936s
2022-06-25 03:43:19.845135 (1.0, 100000.0, 25, 10.0, 0.3, 0.421, 2.0, 3) [0.03271409728397805 0.0014136421017026666 0.6073329775539764] 5 13723.494288682938s
2022-06-25 07:48:01.616571 (1.0, 100000.0, 25, 10.0, 0.3, 0.491, 2.0, 3) [0.018943031974835656 0.0014404880921667408 1.0721339331280282] 5 14498.214030265808s
2022-06-25 07:59:49.105658 (1.0, 100000.0, 27, 10.0, 0.3, 0.491, 2.0, 3) [0.01609714844252321 0.0025666736884758213 1.1674684941942706] 5 21308.349481105804s
2022-06-25 11:57:45.292487 (1.0, 100000.0, 25, 10.0, 0.3, 0.491, 2.0, 3) [0.01966746367471477 0.002125252560037576 1.0765373561875369] 5 14983.619967222214s
2022-06-25 13:59:56.918967 (1.0, 100000.0, 27, 10.0, 0.3, 0.491, 2.0, 3) [0.019256786303648254 0.0018127340142529706 1.0950693563216685] 5 21607.810883522034s
2022-06-25 17:19:01.780623 (1.0, 100000.0, 25, 10.0, 0.3, 0.491, 2.0, 3) [0.01889808569269706 0.0029528753850372774 1.0865522555821667] 5 19276.458897590637s
2022-06-25 20:51:39.652077 (1.0, 100000.0, 27, 10.0, 0.3, 0.451, 2.0, 3) [0.02334464901378959 0.0030625748113765274 0.8376650656775472] 5 24693.106899499893s
2022-06-25 22:24:05.586856 (1.0, 100000.0, 25, 10.0, 0.3, 0.491, 2.0, 3) [0.01869170249214231 0.0018943260815289522 1.1115959250565461] 5 18303.778424739838s
2022-06-26 02:20:14.952066 (1.0, 100000.0, 25, 10.0, 0.3, 0.491, 2.0, 3) [0.020476219858864452 0.001103602179203827 1.0540664291103794] 5 14169.339946746826s
2022-06-26 03:23:43.446258 (1.0, 100000.0, 27, 10.0, 0.3, 0.451, 2.0, 3) [0.022532169034442967 0.0017940600776362764 0.8707371938410878] 5 23523.76958847046s
2022-06-26 04:23:45.147729 (1.0, 100000.0, 28, 10.0, 0.3, 0.461, 2.0, 3) [0.01734870331004515 0.004438257012360521 1.0110006288914202] 5 114307.91639661789s
2022-06-26 06:30:42.884843 (1.0, 100000.0, 25, 10.0, 0.3, 0.41, 2.0, 3) [0.036726724722833615 0.0017715009805909247 0.5146313509151991] 5 15024.016089439392s
2022-06-26 10:30:32.847727 (1.0, 100000.0, 25, 10.0, 0.3, 0.41, 2.0, 3) [0.03723421222265397 0.0024969814667841514 0.5044948853367399] 5 14389.938494443893s
2022-06-26 14:34:58.186124 (1.0, 100000.0, 25, 10.0, 0.3, 0.41, 2.0, 3) [0.03784789000826846 0.002219276141393183 0.4982639254248659] 5 14665.18314242363s
2022-06-26 18:30:17.965287 (1.0, 100000.0, 25, 10.0, 0.3, 0.41, 2.0, 3) [0.035872022118847116 0.0017746909505233347 0.5288575057902984] 5 14119.743593454361s
